,0,1,2
0,/content/drive/MyDrive/ucf_experiments/ciclo_experimental_1/data/data_blur/train/bUaC34RU_0-dc9652b703_0_contrast_blur.mp4,/content/drive/MyDrive/ucf_experiments/ciclo_experimental_1/data/data_crop/train/bUaC34RU_0-dc9652b703_0_contrast_crop.mp4,0
1,/content/drive/MyDrive/ucf_experiments/ciclo_experimental_1/data/data_blur/train/BUjGBAPb_0-34d7772ea1_0_contrast_blur.mp4,/content/drive/MyDrive/ucf_experiments/ciclo_experimental_1/data/data_crop/train/BUjGBAPb_0-34d7772ea1_0_contrast_crop.mp4,0
2,/content/drive/MyDrive/ucf_experiments/ciclo_experimental_1/data/data_blur/train/c1bRFt0x_0-af166a3bcc_0_contrast_blur.mp4,/content/drive/MyDrive/ucf_experiments/ciclo_experimental_1/data/data_crop/train/c1bRFt0x_0-af166a3bcc_0_contrast_crop.mp4,0
3,/content/drive/MyDrive/ucf_experiments/ciclo_experimental_1/data/data_blur/train/c1PJngmt_0-3c3657fc03_0_contrast_blur.mp4,/content/drive/MyDrive/ucf_experiments/ciclo_experimental_1/data/data_crop/train/c1PJngmt_0-3c3657fc03_0_contrast_crop.mp4,0
4,/content/drive/MyDrive/ucf_experiments/ciclo_experimental_1/data/data_blur/train/C3cT1JGv_0-b2a7c49ade_0_contrast_blur.mp4,/content/drive/MyDrive/ucf_experiments/ciclo_experimental_1/data/data_crop/train/C3cT1JGv_0-b2a7c49ade_0_contrast_crop.mp4,0
5,/content/drive/MyDrive/ucf_experiments/ciclo_experimental_1/data/data_blur/train/C4SQF-UZzkA_0-993050ea95_0_contrast_blur.mp4,/content/drive/MyDrive/ucf_experiments/ciclo_experimental_1/data/data_crop/train/C4SQF-UZzkA_0-993050ea95_0_contrast_crop.mp4,0
6,/content/drive/MyDrive/ucf_experiments/ciclo_experimental_1/data/data_blur/train/C4SQF-UZzkA_1-91579c9677_0_contrast_blur.mp4,/content/drive/MyDrive/ucf_experiments/ciclo_experimental_1/data/data_crop/train/C4SQF-UZzkA_1-91579c9677_0_contrast_crop.mp4,0
7,/content/drive/MyDrive/ucf_experiments/ciclo_experimental_1/data/data_blur/train/C4SQF-UZzkA_2-7100e2137e_0_contrast_blur.mp4,/content/drive/MyDrive/ucf_experiments/ciclo_experimental_1/data/data_crop/train/C4SQF-UZzkA_2-7100e2137e_0_contrast_crop.mp4,0
8,/content/drive/MyDrive/ucf_experiments/ciclo_experimental_1/data/data_blur/train/C76VU1PQ_0-1ca0e797be_0_contrast_blur.mp4,/content/drive/MyDrive/ucf_experiments/ciclo_experimental_1/data/data_crop/train/C76VU1PQ_0-1ca0e797be_0_contrast_crop.mp4,0
9,/content/drive/MyDrive/ucf_experiments/ciclo_experimental_1/data/data_blur/train/c7j3qEqO_0-a1b24193a0_0_contrast_blur.mp4,/content/drive/MyDrive/ucf_experiments/ciclo_experimental_1/data/data_crop/train/c7j3qEqO_0-a1b24193a0_0_contrast_crop.mp4,0
10,/content/drive/MyDrive/ucf_experiments/ciclo_experimental_1/data/data_blur/train/C7sNO3e2_0-bf13329fe5_0_contrast_blur.mp4,/content/drive/MyDrive/ucf_experiments/ciclo_experimental_1/data/data_crop/train/C7sNO3e2_0-bf13329fe5_0_contrast_crop.mp4,0
11,/content/drive/MyDrive/ucf_experiments/ciclo_experimental_1/data/data_blur/train/C7Ty4ui5_0-ad69f409c0_0_contrast_blur.mp4,/content/drive/MyDrive/ucf_experiments/ciclo_experimental_1/data/data_crop/train/C7Ty4ui5_0-ad69f409c0_0_contrast_crop.mp4,0
12,/content/drive/MyDrive/ucf_experiments/ciclo_experimental_1/data/data_blur/train/cAp5A44HRS8_0-53059c0e83_0_contrast_blur.mp4,/content/drive/MyDrive/ucf_experiments/ciclo_experimental_1/data/data_crop/train/cAp5A44HRS8_0-53059c0e83_0_contrast_crop.mp4,0
13,/content/drive/MyDrive/ucf_experiments/ciclo_experimental_1/data/data_blur/train/cAp5A44HRS8_1-c42830d76e_0_contrast_blur.mp4,/content/drive/MyDrive/ucf_experiments/ciclo_experimental_1/data/data_crop/train/cAp5A44HRS8_1-c42830d76e_0_contrast_crop.mp4,0
14,/content/drive/MyDrive/ucf_experiments/ciclo_experimental_1/data/data_blur/train/cErr6pCN_0-98bf260fb8_0_contrast_blur.mp4,/content/drive/MyDrive/ucf_experiments/ciclo_experimental_1/data/data_crop/train/cErr6pCN_0-98bf260fb8_0_contrast_crop.mp4,0
15,/content/drive/MyDrive/ucf_experiments/ciclo_experimental_1/data/data_blur/train/cfks5NXs_0-ca683b5a0f_0_contrast_blur.mp4,/content/drive/MyDrive/ucf_experiments/ciclo_experimental_1/data/data_crop/train/cfks5NXs_0-ca683b5a0f_0_contrast_crop.mp4,0
16,/content/drive/MyDrive/ucf_experiments/ciclo_experimental_1/data/data_blur/train/cfOKjx8l_0-cb97d15e26_0_contrast_blur.mp4,/content/drive/MyDrive/ucf_experiments/ciclo_experimental_1/data/data_crop/train/cfOKjx8l_0-cb97d15e26_0_contrast_crop.mp4,0
17,/content/drive/MyDrive/ucf_experiments/ciclo_experimental_1/data/data_blur/train/CfPgoKqk_0-4e80ca2f36_0_contrast_blur.mp4,/content/drive/MyDrive/ucf_experiments/ciclo_experimental_1/data/data_crop/train/CfPgoKqk_0-4e80ca2f36_0_contrast_crop.mp4,0
18,/content/drive/MyDrive/ucf_experiments/ciclo_experimental_1/data/data_blur/train/cHsy9xWM_0-89b8287bdf_0_contrast_blur.mp4,/content/drive/MyDrive/ucf_experiments/ciclo_experimental_1/data/data_crop/train/cHsy9xWM_0-89b8287bdf_0_contrast_crop.mp4,0
19,/content/drive/MyDrive/ucf_experiments/ciclo_experimental_1/data/data_blur/train/cJvLTWGs-SE_0-b5930fe75d_0_contrast_blur.mp4,/content/drive/MyDrive/ucf_experiments/ciclo_experimental_1/data/data_crop/train/cJvLTWGs-SE_0-b5930fe75d_0_contrast_crop.mp4,0
20,/content/drive/MyDrive/ucf_experiments/ciclo_experimental_1/data/data_blur/train/cJvLTWGs-SE_1-da5ffde6cc_0_contrast_blur.mp4,/content/drive/MyDrive/ucf_experiments/ciclo_experimental_1/data/data_crop/train/cJvLTWGs-SE_1-da5ffde6cc_0_contrast_crop.mp4,0
21,/content/drive/MyDrive/ucf_experiments/ciclo_experimental_1/data/data_blur/train/CKzrrb7E_0-adbd7fa04a_0_contrast_blur.mp4,/content/drive/MyDrive/ucf_experiments/ciclo_experimental_1/data/data_crop/train/CKzrrb7E_0-adbd7fa04a_0_contrast_crop.mp4,0
22,/content/drive/MyDrive/ucf_experiments/ciclo_experimental_1/data/data_blur/train/cLsPLNQn_0-df2b5eafe5_0_contrast_blur.mp4,/content/drive/MyDrive/ucf_experiments/ciclo_experimental_1/data/data_crop/train/cLsPLNQn_0-df2b5eafe5_0_contrast_crop.mp4,0
23,/content/drive/MyDrive/ucf_experiments/ciclo_experimental_1/data/data_blur/train/cPeNUm31_0-fe9208ddd3_0_contrast_blur.mp4,/content/drive/MyDrive/ucf_experiments/ciclo_experimental_1/data/data_crop/train/cPeNUm31_0-fe9208ddd3_0_contrast_crop.mp4,0
24,/content/drive/MyDrive/ucf_experiments/ciclo_experimental_1/data/data_blur/train/CPGf41PN_0-db219f341e_0_contrast_blur.mp4,/content/drive/MyDrive/ucf_experiments/ciclo_experimental_1/data/data_crop/train/CPGf41PN_0-db219f341e_0_contrast_crop.mp4,0
25,/content/drive/MyDrive/ucf_experiments/ciclo_experimental_1/data/data_blur/train/CqJB8ZWLZ-o_0-1b41cef579_0_contrast_blur.mp4,/content/drive/MyDrive/ucf_experiments/ciclo_experimental_1/data/data_crop/train/CqJB8ZWLZ-o_0-1b41cef579_0_contrast_crop.mp4,0
26,/content/drive/MyDrive/ucf_experiments/ciclo_experimental_1/data/data_blur/train/CqJB8ZWLZ-o_1-a8b20d3009_0_contrast_blur.mp4,/content/drive/MyDrive/ucf_experiments/ciclo_experimental_1/data/data_crop/train/CqJB8ZWLZ-o_1-a8b20d3009_0_contrast_crop.mp4,0
27,/content/drive/MyDrive/ucf_experiments/ciclo_experimental_1/data/data_blur/train/CqJB8ZWLZ-o_2-48276e592a_0_contrast_blur.mp4,/content/drive/MyDrive/ucf_experiments/ciclo_experimental_1/data/data_crop/train/CqJB8ZWLZ-o_2-48276e592a_0_contrast_crop.mp4,0
28,/content/drive/MyDrive/ucf_experiments/ciclo_experimental_1/data/data_blur/train/CqJB8ZWLZ-o_3-372cd2db78_0_contrast_blur.mp4,/content/drive/MyDrive/ucf_experiments/ciclo_experimental_1/data/data_crop/train/CqJB8ZWLZ-o_3-372cd2db78_0_contrast_crop.mp4,0
29,/content/drive/MyDrive/ucf_experiments/ciclo_experimental_1/data/data_blur/train/cqP8OyUh_0-cb2e25780c_0_contrast_blur.mp4,/content/drive/MyDrive/ucf_experiments/ciclo_experimental_1/data/data_crop/train/cqP8OyUh_0-cb2e25780c_0_contrast_crop.mp4,0
30,/content/drive/MyDrive/ucf_experiments/ciclo_experimental_1/data/data_blur/train/cURNFrn5_0-af7e1f4884_0_contrast_blur.mp4,/content/drive/MyDrive/ucf_experiments/ciclo_experimental_1/data/data_crop/train/cURNFrn5_0-af7e1f4884_0_contrast_crop.mp4,0
31,/content/drive/MyDrive/ucf_experiments/ciclo_experimental_1/data/data_blur/train/cVYo5yT2_0-8d7c4c246e_0_contrast_blur.mp4,/content/drive/MyDrive/ucf_experiments/ciclo_experimental_1/data/data_crop/train/cVYo5yT2_0-8d7c4c246e_0_contrast_crop.mp4,0
32,/content/drive/MyDrive/ucf_experiments/ciclo_experimental_1/data/data_blur/train/cWJ92fkhME4_0-f0611844ed_0_contrast_blur.mp4,/content/drive/MyDrive/ucf_experiments/ciclo_experimental_1/data/data_crop/train/cWJ92fkhME4_0-f0611844ed_0_contrast_crop.mp4,0
33,/content/drive/MyDrive/ucf_experiments/ciclo_experimental_1/data/data_blur/train/cwLtq5Y3_0-bae5b28457_0_contrast_blur.mp4,/content/drive/MyDrive/ucf_experiments/ciclo_experimental_1/data/data_crop/train/cwLtq5Y3_0-bae5b28457_0_contrast_crop.mp4,0
34,/content/drive/MyDrive/ucf_experiments/ciclo_experimental_1/data/data_blur/train/d1b2n9qX_0-d08d607171_0_contrast_blur.mp4,/content/drive/MyDrive/ucf_experiments/ciclo_experimental_1/data/data_crop/train/d1b2n9qX_0-d08d607171_0_contrast_crop.mp4,0
35,/content/drive/MyDrive/ucf_experiments/ciclo_experimental_1/data/data_blur/train/d3WwO8eM_0-6e48eb17d8_0_contrast_blur.mp4,/content/drive/MyDrive/ucf_experiments/ciclo_experimental_1/data/data_crop/train/d3WwO8eM_0-6e48eb17d8_0_contrast_crop.mp4,0
36,/content/drive/MyDrive/ucf_experiments/ciclo_experimental_1/data/data_blur/train/D6cjNRiP_0-b01d571e9c_0_contrast_blur.mp4,/content/drive/MyDrive/ucf_experiments/ciclo_experimental_1/data/data_crop/train/D6cjNRiP_0-b01d571e9c_0_contrast_crop.mp4,0
37,/content/drive/MyDrive/ucf_experiments/ciclo_experimental_1/data/data_blur/train/DAMfrqpC_0-bff3264484_0_contrast_blur.mp4,/content/drive/MyDrive/ucf_experiments/ciclo_experimental_1/data/data_crop/train/DAMfrqpC_0-bff3264484_0_contrast_crop.mp4,0
38,/content/drive/MyDrive/ucf_experiments/ciclo_experimental_1/data/data_blur/train/dBllnaSKVfQ_0-1177f961c4_0_contrast_blur.mp4,/content/drive/MyDrive/ucf_experiments/ciclo_experimental_1/data/data_crop/train/dBllnaSKVfQ_0-1177f961c4_0_contrast_crop.mp4,0
39,/content/drive/MyDrive/ucf_experiments/ciclo_experimental_1/data/data_blur/train/dDNWfVPw_0-b6163f3158_0_contrast_blur.mp4,/content/drive/MyDrive/ucf_experiments/ciclo_experimental_1/data/data_crop/train/dDNWfVPw_0-b6163f3158_0_contrast_crop.mp4,0
40,/content/drive/MyDrive/ucf_experiments/ciclo_experimental_1/data/data_blur/train/DIsQwAdR8MI_0-44ce584161_0_contrast_blur.mp4,/content/drive/MyDrive/ucf_experiments/ciclo_experimental_1/data/data_crop/train/DIsQwAdR8MI_0-44ce584161_0_contrast_crop.mp4,0
41,/content/drive/MyDrive/ucf_experiments/ciclo_experimental_1/data/data_blur/train/DjLWv5mr_0-437f6bc6e4_0_contrast_blur.mp4,/content/drive/MyDrive/ucf_experiments/ciclo_experimental_1/data/data_crop/train/DjLWv5mr_0-437f6bc6e4_0_contrast_crop.mp4,0
42,/content/drive/MyDrive/ucf_experiments/ciclo_experimental_1/data/data_blur/train/dkTzP0SB_0-45156e4490_0_contrast_blur.mp4,/content/drive/MyDrive/ucf_experiments/ciclo_experimental_1/data/data_crop/train/dkTzP0SB_0-45156e4490_0_contrast_crop.mp4,0
43,/content/drive/MyDrive/ucf_experiments/ciclo_experimental_1/data/data_blur/train/DL2gWMZA_0-6af728be6d_0_contrast_blur.mp4,/content/drive/MyDrive/ucf_experiments/ciclo_experimental_1/data/data_crop/train/DL2gWMZA_0-6af728be6d_0_contrast_crop.mp4,0
44,/content/drive/MyDrive/ucf_experiments/ciclo_experimental_1/data/data_blur/train/dNDOYLTf_0-44dcefae2a_0_contrast_blur.mp4,/content/drive/MyDrive/ucf_experiments/ciclo_experimental_1/data/data_crop/train/dNDOYLTf_0-44dcefae2a_0_contrast_crop.mp4,0
45,/content/drive/MyDrive/ucf_experiments/ciclo_experimental_1/data/data_blur/train/dOM7frJMFbc_0-a4556c1c97_0_contrast_blur.mp4,/content/drive/MyDrive/ucf_experiments/ciclo_experimental_1/data/data_crop/train/dOM7frJMFbc_0-a4556c1c97_0_contrast_crop.mp4,0
46,/content/drive/MyDrive/ucf_experiments/ciclo_experimental_1/data/data_blur/train/dOM7frJMFbc_1-17528d6a16_0_contrast_blur.mp4,/content/drive/MyDrive/ucf_experiments/ciclo_experimental_1/data/data_crop/train/dOM7frJMFbc_1-17528d6a16_0_contrast_crop.mp4,0
47,/content/drive/MyDrive/ucf_experiments/ciclo_experimental_1/data/data_blur/train/dOM7frJMFbc_2-765ae351a5_0_contrast_blur.mp4,/content/drive/MyDrive/ucf_experiments/ciclo_experimental_1/data/data_crop/train/dOM7frJMFbc_2-765ae351a5_0_contrast_crop.mp4,0
48,/content/drive/MyDrive/ucf_experiments/ciclo_experimental_1/data/data_blur/train/dOM7frJMFbc_3-9306260921_0_contrast_blur.mp4,/content/drive/MyDrive/ucf_experiments/ciclo_experimental_1/data/data_crop/train/dOM7frJMFbc_3-9306260921_0_contrast_crop.mp4,0
49,/content/drive/MyDrive/ucf_experiments/ciclo_experimental_1/data/data_blur/train/dOo2X5wR_0-c0b38f1948_0_contrast_blur.mp4,/content/drive/MyDrive/ucf_experiments/ciclo_experimental_1/data/data_crop/train/dOo2X5wR_0-c0b38f1948_0_contrast_crop.mp4,0
50,/content/drive/MyDrive/ucf_experiments/ciclo_experimental_1/data/data_blur/train/dP20avzQAf8_0-1a6305e3b1_0_contrast_blur.mp4,/content/drive/MyDrive/ucf_experiments/ciclo_experimental_1/data/data_crop/train/dP20avzQAf8_0-1a6305e3b1_0_contrast_crop.mp4,0
51,/content/drive/MyDrive/ucf_experiments/ciclo_experimental_1/data/data_blur/train/dPV9BZrq_0-cb4f1a90f1_0_contrast_blur.mp4,/content/drive/MyDrive/ucf_experiments/ciclo_experimental_1/data/data_crop/train/dPV9BZrq_0-cb4f1a90f1_0_contrast_crop.mp4,0
52,/content/drive/MyDrive/ucf_experiments/ciclo_experimental_1/data/data_blur/train/DrKgJwIv_0-8509931108_0_contrast_blur.mp4,/content/drive/MyDrive/ucf_experiments/ciclo_experimental_1/data/data_crop/train/DrKgJwIv_0-8509931108_0_contrast_crop.mp4,0
53,/content/drive/MyDrive/ucf_experiments/ciclo_experimental_1/data/data_blur/train/dRlBBYvf_0-432565888c_0_contrast_blur.mp4,/content/drive/MyDrive/ucf_experiments/ciclo_experimental_1/data/data_crop/train/dRlBBYvf_0-432565888c_0_contrast_crop.mp4,0
54,/content/drive/MyDrive/ucf_experiments/ciclo_experimental_1/data/data_blur/train/DRlOjUNi_0-9fb50d7c9e_0_contrast_blur.mp4,/content/drive/MyDrive/ucf_experiments/ciclo_experimental_1/data/data_crop/train/DRlOjUNi_0-9fb50d7c9e_0_contrast_crop.mp4,0
55,/content/drive/MyDrive/ucf_experiments/ciclo_experimental_1/data/data_blur/train/dt8YUGoOSgQ_0-f6550cf473_0_contrast_blur.mp4,/content/drive/MyDrive/ucf_experiments/ciclo_experimental_1/data/data_crop/train/dt8YUGoOSgQ_0-f6550cf473_0_contrast_crop.mp4,0
56,/content/drive/MyDrive/ucf_experiments/ciclo_experimental_1/data/data_blur/train/dt8YUGoOSgQ_1-5440ca5de5_0_contrast_blur.mp4,/content/drive/MyDrive/ucf_experiments/ciclo_experimental_1/data/data_crop/train/dt8YUGoOSgQ_1-5440ca5de5_0_contrast_crop.mp4,0
57,/content/drive/MyDrive/ucf_experiments/ciclo_experimental_1/data/data_blur/train/DThokDTW_0-def55c70f8_0_contrast_blur.mp4,/content/drive/MyDrive/ucf_experiments/ciclo_experimental_1/data/data_crop/train/DThokDTW_0-def55c70f8_0_contrast_crop.mp4,0
58,/content/drive/MyDrive/ucf_experiments/ciclo_experimental_1/data/data_blur/train/DTq6Gu30-uA_0-ce63010cbd_0_contrast_blur.mp4,/content/drive/MyDrive/ucf_experiments/ciclo_experimental_1/data/data_crop/train/DTq6Gu30-uA_0-ce63010cbd_0_contrast_crop.mp4,0
59,/content/drive/MyDrive/ucf_experiments/ciclo_experimental_1/data/data_blur/train/DTq6Gu30-uA_1-15d4271bdf_0_contrast_blur.mp4,/content/drive/MyDrive/ucf_experiments/ciclo_experimental_1/data/data_crop/train/DTq6Gu30-uA_1-15d4271bdf_0_contrast_crop.mp4,0
60,/content/drive/MyDrive/ucf_experiments/ciclo_experimental_1/data/data_blur/train/DTq6Gu30-uA_2-6744c06f72_0_contrast_blur.mp4,/content/drive/MyDrive/ucf_experiments/ciclo_experimental_1/data/data_crop/train/DTq6Gu30-uA_2-6744c06f72_0_contrast_crop.mp4,0
61,/content/drive/MyDrive/ucf_experiments/ciclo_experimental_1/data/data_blur/train/DWEBHWM9_0-df85bf67ac_0_contrast_blur.mp4,/content/drive/MyDrive/ucf_experiments/ciclo_experimental_1/data/data_crop/train/DWEBHWM9_0-df85bf67ac_0_contrast_crop.mp4,0
62,/content/drive/MyDrive/ucf_experiments/ciclo_experimental_1/data/data_blur/train/DX5wwFlF_0-1ecbe67ea7_0_contrast_blur.mp4,/content/drive/MyDrive/ucf_experiments/ciclo_experimental_1/data/data_crop/train/DX5wwFlF_0-1ecbe67ea7_0_contrast_crop.mp4,0
63,/content/drive/MyDrive/ucf_experiments/ciclo_experimental_1/data/data_blur/train/DZdLP0rd_0-9f58e54610_0_contrast_blur.mp4,/content/drive/MyDrive/ucf_experiments/ciclo_experimental_1/data/data_crop/train/DZdLP0rd_0-9f58e54610_0_contrast_crop.mp4,0
64,/content/drive/MyDrive/ucf_experiments/ciclo_experimental_1/data/data_blur/train/d_93UNyiVM4_0-8ed6d4bfdb_0_contrast_blur.mp4,/content/drive/MyDrive/ucf_experiments/ciclo_experimental_1/data/data_crop/train/d_93UNyiVM4_0-8ed6d4bfdb_0_contrast_crop.mp4,0
65,/content/drive/MyDrive/ucf_experiments/ciclo_experimental_1/data/data_blur/train/d_93UNyiVM4_1-a2c8af96b0_0_contrast_blur.mp4,/content/drive/MyDrive/ucf_experiments/ciclo_experimental_1/data/data_crop/train/d_93UNyiVM4_1-a2c8af96b0_0_contrast_crop.mp4,0
66,/content/drive/MyDrive/ucf_experiments/ciclo_experimental_1/data/data_blur/train/E0Huf4Qi0JE_0-8e42c309d6_0_contrast_blur.mp4,/content/drive/MyDrive/ucf_experiments/ciclo_experimental_1/data/data_crop/train/E0Huf4Qi0JE_0-8e42c309d6_0_contrast_crop.mp4,0
67,/content/drive/MyDrive/ucf_experiments/ciclo_experimental_1/data/data_blur/train/E0rUpvbX_0-f0d519648c_0_contrast_blur.mp4,/content/drive/MyDrive/ucf_experiments/ciclo_experimental_1/data/data_crop/train/E0rUpvbX_0-f0d519648c_0_contrast_crop.mp4,0
68,/content/drive/MyDrive/ucf_experiments/ciclo_experimental_1/data/data_blur/train/E2gqgFNyPL8_0-f5fa799f5e_0_contrast_blur.mp4,/content/drive/MyDrive/ucf_experiments/ciclo_experimental_1/data/data_crop/train/E2gqgFNyPL8_0-f5fa799f5e_0_contrast_crop.mp4,0
69,/content/drive/MyDrive/ucf_experiments/ciclo_experimental_1/data/data_blur/train/E2gqgFNyPL8_1-590c9e933c_0_contrast_blur.mp4,/content/drive/MyDrive/ucf_experiments/ciclo_experimental_1/data/data_crop/train/E2gqgFNyPL8_1-590c9e933c_0_contrast_crop.mp4,0
70,/content/drive/MyDrive/ucf_experiments/ciclo_experimental_1/data/data_blur/train/E2gqgFNyPL8_2-0156a1d149_0_contrast_blur.mp4,/content/drive/MyDrive/ucf_experiments/ciclo_experimental_1/data/data_crop/train/E2gqgFNyPL8_2-0156a1d149_0_contrast_crop.mp4,0
71,/content/drive/MyDrive/ucf_experiments/ciclo_experimental_1/data/data_blur/train/e4U3gEDEB58_0-53e4875d36_0_contrast_blur.mp4,/content/drive/MyDrive/ucf_experiments/ciclo_experimental_1/data/data_crop/train/e4U3gEDEB58_0-53e4875d36_0_contrast_crop.mp4,0
72,/content/drive/MyDrive/ucf_experiments/ciclo_experimental_1/data/data_blur/train/e6iHy7V5_0-4e8f9f44db_0_contrast_blur.mp4,/content/drive/MyDrive/ucf_experiments/ciclo_experimental_1/data/data_crop/train/e6iHy7V5_0-4e8f9f44db_0_contrast_crop.mp4,0
73,/content/drive/MyDrive/ucf_experiments/ciclo_experimental_1/data/data_blur/train/e7tarNsO_0-3385ecef77_0_contrast_blur.mp4,/content/drive/MyDrive/ucf_experiments/ciclo_experimental_1/data/data_crop/train/e7tarNsO_0-3385ecef77_0_contrast_crop.mp4,0
74,/content/drive/MyDrive/ucf_experiments/ciclo_experimental_1/data/data_blur/train/EBwt3Thb_0-2c0bda23aa_0_contrast_blur.mp4,/content/drive/MyDrive/ucf_experiments/ciclo_experimental_1/data/data_crop/train/EBwt3Thb_0-2c0bda23aa_0_contrast_crop.mp4,0
75,/content/drive/MyDrive/ucf_experiments/ciclo_experimental_1/data/data_blur/train/EckGCByW_0-c8093da2a8_0_contrast_blur.mp4,/content/drive/MyDrive/ucf_experiments/ciclo_experimental_1/data/data_crop/train/EckGCByW_0-c8093da2a8_0_contrast_crop.mp4,0
76,/content/drive/MyDrive/ucf_experiments/ciclo_experimental_1/data/data_blur/train/EDaOod1H_0-0261483c65_0_contrast_blur.mp4,/content/drive/MyDrive/ucf_experiments/ciclo_experimental_1/data/data_crop/train/EDaOod1H_0-0261483c65_0_contrast_crop.mp4,0
77,/content/drive/MyDrive/ucf_experiments/ciclo_experimental_1/data/data_blur/train/eF5S8iGLAm4_0-efb5a20c3e_0_contrast_blur.mp4,/content/drive/MyDrive/ucf_experiments/ciclo_experimental_1/data/data_crop/train/eF5S8iGLAm4_0-efb5a20c3e_0_contrast_crop.mp4,0
78,/content/drive/MyDrive/ucf_experiments/ciclo_experimental_1/data/data_blur/train/eF5S8iGLAm4_1-305f914d9c_0_contrast_blur.mp4,/content/drive/MyDrive/ucf_experiments/ciclo_experimental_1/data/data_crop/train/eF5S8iGLAm4_1-305f914d9c_0_contrast_crop.mp4,0
79,/content/drive/MyDrive/ucf_experiments/ciclo_experimental_1/data/data_blur/train/EGhykgb4_0-3c85502509_0_contrast_blur.mp4,/content/drive/MyDrive/ucf_experiments/ciclo_experimental_1/data/data_crop/train/EGhykgb4_0-3c85502509_0_contrast_crop.mp4,0
80,/content/drive/MyDrive/ucf_experiments/ciclo_experimental_1/data/data_blur/train/EizIwdII_0-1e0f0e705a_0_contrast_blur.mp4,/content/drive/MyDrive/ucf_experiments/ciclo_experimental_1/data/data_crop/train/EizIwdII_0-1e0f0e705a_0_contrast_crop.mp4,0
81,/content/drive/MyDrive/ucf_experiments/ciclo_experimental_1/data/data_blur/train/ELL0jBUP_0-6e1ec417e4_0_contrast_blur.mp4,/content/drive/MyDrive/ucf_experiments/ciclo_experimental_1/data/data_crop/train/ELL0jBUP_0-6e1ec417e4_0_contrast_crop.mp4,0
82,/content/drive/MyDrive/ucf_experiments/ciclo_experimental_1/data/data_blur/train/emGsAcqs_0-b92cd149d4_0_contrast_blur.mp4,/content/drive/MyDrive/ucf_experiments/ciclo_experimental_1/data/data_crop/train/emGsAcqs_0-b92cd149d4_0_contrast_crop.mp4,0
83,/content/drive/MyDrive/ucf_experiments/ciclo_experimental_1/data/data_blur/train/eNoGYdL1_0-f4a3adb163_0_contrast_blur.mp4,/content/drive/MyDrive/ucf_experiments/ciclo_experimental_1/data/data_crop/train/eNoGYdL1_0-f4a3adb163_0_contrast_crop.mp4,0
84,/content/drive/MyDrive/ucf_experiments/ciclo_experimental_1/data/data_blur/train/ep1_I0f-u7g_0-fbe3a16d2f_0_contrast_blur.mp4,/content/drive/MyDrive/ucf_experiments/ciclo_experimental_1/data/data_crop/train/ep1_I0f-u7g_0-fbe3a16d2f_0_contrast_crop.mp4,0
85,/content/drive/MyDrive/ucf_experiments/ciclo_experimental_1/data/data_blur/train/ep1_I0f-u7g_1-9998250980_0_contrast_blur.mp4,/content/drive/MyDrive/ucf_experiments/ciclo_experimental_1/data/data_crop/train/ep1_I0f-u7g_1-9998250980_0_contrast_crop.mp4,0
86,/content/drive/MyDrive/ucf_experiments/ciclo_experimental_1/data/data_blur/train/EUgjFWbm_0-ff49176b29_0_contrast_blur.mp4,/content/drive/MyDrive/ucf_experiments/ciclo_experimental_1/data/data_crop/train/EUgjFWbm_0-ff49176b29_0_contrast_crop.mp4,0
87,/content/drive/MyDrive/ucf_experiments/ciclo_experimental_1/data/data_blur/train/eUtGwBik_0-63c8b4e37b_0_contrast_blur.mp4,/content/drive/MyDrive/ucf_experiments/ciclo_experimental_1/data/data_crop/train/eUtGwBik_0-63c8b4e37b_0_contrast_crop.mp4,0
88,/content/drive/MyDrive/ucf_experiments/ciclo_experimental_1/data/data_blur/train/ev8va5uR_0-e21670700d_0_contrast_blur.mp4,/content/drive/MyDrive/ucf_experiments/ciclo_experimental_1/data/data_crop/train/ev8va5uR_0-e21670700d_0_contrast_crop.mp4,0
89,/content/drive/MyDrive/ucf_experiments/ciclo_experimental_1/data/data_blur/train/f50PQz7mXds_0-f202e21a6e_0_contrast_blur.mp4,/content/drive/MyDrive/ucf_experiments/ciclo_experimental_1/data/data_crop/train/f50PQz7mXds_0-f202e21a6e_0_contrast_crop.mp4,0
90,/content/drive/MyDrive/ucf_experiments/ciclo_experimental_1/data/data_blur/train/f50PQz7mXds_1-5905ea357d_0_contrast_blur.mp4,/content/drive/MyDrive/ucf_experiments/ciclo_experimental_1/data/data_crop/train/f50PQz7mXds_1-5905ea357d_0_contrast_crop.mp4,0
91,/content/drive/MyDrive/ucf_experiments/ciclo_experimental_1/data/data_blur/train/F7W6PQ3V3y8_0-0335b8d115_0_contrast_blur.mp4,/content/drive/MyDrive/ucf_experiments/ciclo_experimental_1/data/data_crop/train/F7W6PQ3V3y8_0-0335b8d115_0_contrast_crop.mp4,0
92,/content/drive/MyDrive/ucf_experiments/ciclo_experimental_1/data/data_blur/train/F7W6PQ3V3y8_1-e7c5b61afb_0_contrast_blur.mp4,/content/drive/MyDrive/ucf_experiments/ciclo_experimental_1/data/data_crop/train/F7W6PQ3V3y8_1-e7c5b61afb_0_contrast_crop.mp4,0
93,/content/drive/MyDrive/ucf_experiments/ciclo_experimental_1/data/data_blur/train/F7W6PQ3V3y8_2-42a7748084_0_contrast_blur.mp4,/content/drive/MyDrive/ucf_experiments/ciclo_experimental_1/data/data_crop/train/F7W6PQ3V3y8_2-42a7748084_0_contrast_crop.mp4,0
94,/content/drive/MyDrive/ucf_experiments/ciclo_experimental_1/data/data_blur/train/F7W6PQ3V3y8_3-b52a3fabe1_0_contrast_blur.mp4,/content/drive/MyDrive/ucf_experiments/ciclo_experimental_1/data/data_crop/train/F7W6PQ3V3y8_3-b52a3fabe1_0_contrast_crop.mp4,0
95,/content/drive/MyDrive/ucf_experiments/ciclo_experimental_1/data/data_blur/train/f9jcrHqO_0-d9d2a66d54_0_contrast_blur.mp4,/content/drive/MyDrive/ucf_experiments/ciclo_experimental_1/data/data_crop/train/f9jcrHqO_0-d9d2a66d54_0_contrast_crop.mp4,0
96,/content/drive/MyDrive/ucf_experiments/ciclo_experimental_1/data/data_blur/train/FB3eqRE8_0-51789a8a1f_0_contrast_blur.mp4,/content/drive/MyDrive/ucf_experiments/ciclo_experimental_1/data/data_crop/train/FB3eqRE8_0-51789a8a1f_0_contrast_crop.mp4,0
97,/content/drive/MyDrive/ucf_experiments/ciclo_experimental_1/data/data_blur/train/fBwfFDcgJlk_0-c53413dd1c_0_contrast_blur.mp4,/content/drive/MyDrive/ucf_experiments/ciclo_experimental_1/data/data_crop/train/fBwfFDcgJlk_0-c53413dd1c_0_contrast_crop.mp4,0
98,/content/drive/MyDrive/ucf_experiments/ciclo_experimental_1/data/data_blur/train/fBwfFDcgJlk_1-7c0238615c_0_contrast_blur.mp4,/content/drive/MyDrive/ucf_experiments/ciclo_experimental_1/data/data_crop/train/fBwfFDcgJlk_1-7c0238615c_0_contrast_crop.mp4,0
99,/content/drive/MyDrive/ucf_experiments/ciclo_experimental_1/data/data_blur/train/fHOVzWgX_0-94c4e1a45b_0_contrast_blur.mp4,/content/drive/MyDrive/ucf_experiments/ciclo_experimental_1/data/data_crop/train/fHOVzWgX_0-94c4e1a45b_0_contrast_crop.mp4,0
100,/content/drive/MyDrive/ucf_experiments/ciclo_experimental_1/data/data_blur/train/Fighting014_x264_0-747b36beac_0_contrast_blur.mp4,/content/drive/MyDrive/ucf_experiments/ciclo_experimental_1/data/data_crop/train/Fighting014_x264_0-747b36beac_0_contrast_crop.mp4,0
101,/content/drive/MyDrive/ucf_experiments/ciclo_experimental_1/data/data_blur/train/Fighting014_x264_1-cbc9f6a7f9_0_contrast_blur.mp4,/content/drive/MyDrive/ucf_experiments/ciclo_experimental_1/data/data_crop/train/Fighting014_x264_1-cbc9f6a7f9_0_contrast_crop.mp4,0
102,/content/drive/MyDrive/ucf_experiments/ciclo_experimental_1/data/data_blur/train/fJkWWpNB_0-b9aa262ed0_0_contrast_blur.mp4,/content/drive/MyDrive/ucf_experiments/ciclo_experimental_1/data/data_crop/train/fJkWWpNB_0-b9aa262ed0_0_contrast_crop.mp4,0
103,/content/drive/MyDrive/ucf_experiments/ciclo_experimental_1/data/data_blur/train/fJMvC8TV_0-805b0a5ad5_0_contrast_blur.mp4,/content/drive/MyDrive/ucf_experiments/ciclo_experimental_1/data/data_crop/train/fJMvC8TV_0-805b0a5ad5_0_contrast_crop.mp4,0
104,/content/drive/MyDrive/ucf_experiments/ciclo_experimental_1/data/data_blur/train/Fk3lg4wG_0-d659bb29b8_0_contrast_blur.mp4,/content/drive/MyDrive/ucf_experiments/ciclo_experimental_1/data/data_crop/train/Fk3lg4wG_0-d659bb29b8_0_contrast_crop.mp4,0
105,/content/drive/MyDrive/ucf_experiments/ciclo_experimental_1/data/data_blur/train/FKl98mfo_0-1c8aa25e6b_0_contrast_blur.mp4,/content/drive/MyDrive/ucf_experiments/ciclo_experimental_1/data/data_crop/train/FKl98mfo_0-1c8aa25e6b_0_contrast_crop.mp4,0
106,/content/drive/MyDrive/ucf_experiments/ciclo_experimental_1/data/data_blur/train/fMmvH1Fa_0-de6bc31e31_0_contrast_blur.mp4,/content/drive/MyDrive/ucf_experiments/ciclo_experimental_1/data/data_crop/train/fMmvH1Fa_0-de6bc31e31_0_contrast_crop.mp4,0
107,/content/drive/MyDrive/ucf_experiments/ciclo_experimental_1/data/data_blur/train/Fn4sSVbO_0-68db528c07_0_contrast_blur.mp4,/content/drive/MyDrive/ucf_experiments/ciclo_experimental_1/data/data_crop/train/Fn4sSVbO_0-68db528c07_0_contrast_crop.mp4,0
108,/content/drive/MyDrive/ucf_experiments/ciclo_experimental_1/data/data_blur/train/fNy9LoED_0-658f122bae_0_contrast_blur.mp4,/content/drive/MyDrive/ucf_experiments/ciclo_experimental_1/data/data_crop/train/fNy9LoED_0-658f122bae_0_contrast_crop.mp4,0
109,/content/drive/MyDrive/ucf_experiments/ciclo_experimental_1/data/data_blur/train/FPU7QpO4_0-968cd33284_0_contrast_blur.mp4,/content/drive/MyDrive/ucf_experiments/ciclo_experimental_1/data/data_crop/train/FPU7QpO4_0-968cd33284_0_contrast_crop.mp4,0
110,/content/drive/MyDrive/ucf_experiments/ciclo_experimental_1/data/data_blur/train/FrwBev61_0-117f6131bc_0_contrast_blur.mp4,/content/drive/MyDrive/ucf_experiments/ciclo_experimental_1/data/data_crop/train/FrwBev61_0-117f6131bc_0_contrast_crop.mp4,0
111,/content/drive/MyDrive/ucf_experiments/ciclo_experimental_1/data/data_blur/train/FSaZ8wiFw8Q_0-58d7360915_0_contrast_blur.mp4,/content/drive/MyDrive/ucf_experiments/ciclo_experimental_1/data/data_crop/train/FSaZ8wiFw8Q_0-58d7360915_0_contrast_crop.mp4,0
112,/content/drive/MyDrive/ucf_experiments/ciclo_experimental_1/data/data_blur/train/fvtpgsrF_0-de25cf3b8f_0_contrast_blur.mp4,/content/drive/MyDrive/ucf_experiments/ciclo_experimental_1/data/data_crop/train/fvtpgsrF_0-de25cf3b8f_0_contrast_crop.mp4,0
113,/content/drive/MyDrive/ucf_experiments/ciclo_experimental_1/data/data_blur/train/fwEk96k8g_I_0-3e1d58dac3_0_contrast_blur.mp4,/content/drive/MyDrive/ucf_experiments/ciclo_experimental_1/data/data_crop/train/fwEk96k8g_I_0-3e1d58dac3_0_contrast_crop.mp4,0
114,/content/drive/MyDrive/ucf_experiments/ciclo_experimental_1/data/data_blur/train/fwEk96k8g_I_1-b9e45d1899_0_contrast_blur.mp4,/content/drive/MyDrive/ucf_experiments/ciclo_experimental_1/data/data_crop/train/fwEk96k8g_I_1-b9e45d1899_0_contrast_crop.mp4,0
115,/content/drive/MyDrive/ucf_experiments/ciclo_experimental_1/data/data_blur/train/FWsNU4WI_0-190bee0fcc_0_contrast_blur.mp4,/content/drive/MyDrive/ucf_experiments/ciclo_experimental_1/data/data_crop/train/FWsNU4WI_0-190bee0fcc_0_contrast_crop.mp4,0
116,/content/drive/MyDrive/ucf_experiments/ciclo_experimental_1/data/data_blur/train/FZDDNtcaBcw_0-f7bc0ab5a7_0_contrast_blur.mp4,/content/drive/MyDrive/ucf_experiments/ciclo_experimental_1/data/data_crop/train/FZDDNtcaBcw_0-f7bc0ab5a7_0_contrast_crop.mp4,0
117,/content/drive/MyDrive/ucf_experiments/ciclo_experimental_1/data/data_blur/train/G0rgy9Ts_0-9073527b1b_0_contrast_blur.mp4,/content/drive/MyDrive/ucf_experiments/ciclo_experimental_1/data/data_crop/train/G0rgy9Ts_0-9073527b1b_0_contrast_crop.mp4,0
118,/content/drive/MyDrive/ucf_experiments/ciclo_experimental_1/data/data_blur/train/g3QdfSDk_0-d4eb70f1b4_0_contrast_blur.mp4,/content/drive/MyDrive/ucf_experiments/ciclo_experimental_1/data/data_crop/train/g3QdfSDk_0-d4eb70f1b4_0_contrast_crop.mp4,0
119,/content/drive/MyDrive/ucf_experiments/ciclo_experimental_1/data/data_blur/train/g9nMwbpZ_0-cca1ad8d4d_0_contrast_blur.mp4,/content/drive/MyDrive/ucf_experiments/ciclo_experimental_1/data/data_crop/train/g9nMwbpZ_0-cca1ad8d4d_0_contrast_crop.mp4,0
120,/content/drive/MyDrive/ucf_experiments/ciclo_experimental_1/data/data_blur/train/G9uNZGcK_0-3a7c7f849a_0_contrast_blur.mp4,/content/drive/MyDrive/ucf_experiments/ciclo_experimental_1/data/data_crop/train/G9uNZGcK_0-3a7c7f849a_0_contrast_crop.mp4,0
121,/content/drive/MyDrive/ucf_experiments/ciclo_experimental_1/data/data_blur/train/gAFkygeJ_0-ccd2338af7_0_contrast_blur.mp4,/content/drive/MyDrive/ucf_experiments/ciclo_experimental_1/data/data_crop/train/gAFkygeJ_0-ccd2338af7_0_contrast_crop.mp4,0
122,/content/drive/MyDrive/ucf_experiments/ciclo_experimental_1/data/data_blur/train/gBBRxXBI_0-5b25eaa081_0_contrast_blur.mp4,/content/drive/MyDrive/ucf_experiments/ciclo_experimental_1/data/data_crop/train/gBBRxXBI_0-5b25eaa081_0_contrast_crop.mp4,0
123,/content/drive/MyDrive/ucf_experiments/ciclo_experimental_1/data/data_blur/train/gDeDWPVe_0-da283f3633_0_contrast_blur.mp4,/content/drive/MyDrive/ucf_experiments/ciclo_experimental_1/data/data_crop/train/gDeDWPVe_0-da283f3633_0_contrast_crop.mp4,0
124,/content/drive/MyDrive/ucf_experiments/ciclo_experimental_1/data/data_blur/train/gEODOSeI_0-c098efd09f_0_contrast_blur.mp4,/content/drive/MyDrive/ucf_experiments/ciclo_experimental_1/data/data_crop/train/gEODOSeI_0-c098efd09f_0_contrast_crop.mp4,0
125,/content/drive/MyDrive/ucf_experiments/ciclo_experimental_1/data/data_blur/train/GgT095uX_0-ffb0ed7562_0_contrast_blur.mp4,/content/drive/MyDrive/ucf_experiments/ciclo_experimental_1/data/data_crop/train/GgT095uX_0-ffb0ed7562_0_contrast_crop.mp4,0
126,/content/drive/MyDrive/ucf_experiments/ciclo_experimental_1/data/data_blur/train/gHcG_c1i4uE_0-2b3dc49163_0_contrast_blur.mp4,/content/drive/MyDrive/ucf_experiments/ciclo_experimental_1/data/data_crop/train/gHcG_c1i4uE_0-2b3dc49163_0_contrast_crop.mp4,0
127,/content/drive/MyDrive/ucf_experiments/ciclo_experimental_1/data/data_blur/train/gHcG_c1i4uE_1-5713c32681_0_contrast_blur.mp4,/content/drive/MyDrive/ucf_experiments/ciclo_experimental_1/data/data_crop/train/gHcG_c1i4uE_1-5713c32681_0_contrast_crop.mp4,0
128,/content/drive/MyDrive/ucf_experiments/ciclo_experimental_1/data/data_blur/train/GhZRf4GIw0w_0-6fb12cc716_0_contrast_blur.mp4,/content/drive/MyDrive/ucf_experiments/ciclo_experimental_1/data/data_crop/train/GhZRf4GIw0w_0-6fb12cc716_0_contrast_crop.mp4,0
129,/content/drive/MyDrive/ucf_experiments/ciclo_experimental_1/data/data_blur/train/gI4u3PwG_0-abc7263e06_0_contrast_blur.mp4,/content/drive/MyDrive/ucf_experiments/ciclo_experimental_1/data/data_crop/train/gI4u3PwG_0-abc7263e06_0_contrast_crop.mp4,0
130,/content/drive/MyDrive/ucf_experiments/ciclo_experimental_1/data/data_blur/train/gJDvtfRrM7k_0-a011b64e4a_0_contrast_blur.mp4,/content/drive/MyDrive/ucf_experiments/ciclo_experimental_1/data/data_crop/train/gJDvtfRrM7k_0-a011b64e4a_0_contrast_crop.mp4,0
131,/content/drive/MyDrive/ucf_experiments/ciclo_experimental_1/data/data_blur/train/gk0v57Xn_0-c4460f8d7d_0_contrast_blur.mp4,/content/drive/MyDrive/ucf_experiments/ciclo_experimental_1/data/data_crop/train/gk0v57Xn_0-c4460f8d7d_0_contrast_crop.mp4,0
132,/content/drive/MyDrive/ucf_experiments/ciclo_experimental_1/data/data_blur/train/GL9jSSxg_0-581c7c2800_0_contrast_blur.mp4,/content/drive/MyDrive/ucf_experiments/ciclo_experimental_1/data/data_crop/train/GL9jSSxg_0-581c7c2800_0_contrast_crop.mp4,0
133,/content/drive/MyDrive/ucf_experiments/ciclo_experimental_1/data/data_blur/train/gNUhUpxZ_0-71f4804b50_0_contrast_blur.mp4,/content/drive/MyDrive/ucf_experiments/ciclo_experimental_1/data/data_crop/train/gNUhUpxZ_0-71f4804b50_0_contrast_crop.mp4,0
134,/content/drive/MyDrive/ucf_experiments/ciclo_experimental_1/data/data_blur/train/GodUly2k_0-b4bfcfda93_0_contrast_blur.mp4,/content/drive/MyDrive/ucf_experiments/ciclo_experimental_1/data/data_crop/train/GodUly2k_0-b4bfcfda93_0_contrast_crop.mp4,0
135,/content/drive/MyDrive/ucf_experiments/ciclo_experimental_1/data/data_blur/train/golJWJCak1k_0-a0a9793d6f_0_contrast_blur.mp4,/content/drive/MyDrive/ucf_experiments/ciclo_experimental_1/data/data_crop/train/golJWJCak1k_0-a0a9793d6f_0_contrast_crop.mp4,0
136,/content/drive/MyDrive/ucf_experiments/ciclo_experimental_1/data/data_blur/train/golJWJCak1k_1-d1e7d7bb3b_0_contrast_blur.mp4,/content/drive/MyDrive/ucf_experiments/ciclo_experimental_1/data/data_crop/train/golJWJCak1k_1-d1e7d7bb3b_0_contrast_crop.mp4,0
137,/content/drive/MyDrive/ucf_experiments/ciclo_experimental_1/data/data_blur/train/GqDA8E4j_0-792ff1603e_0_contrast_blur.mp4,/content/drive/MyDrive/ucf_experiments/ciclo_experimental_1/data/data_crop/train/GqDA8E4j_0-792ff1603e_0_contrast_crop.mp4,0
138,/content/drive/MyDrive/ucf_experiments/ciclo_experimental_1/data/data_blur/train/Gr3ikl6A2bE_0-72a7e46ea5_0_contrast_blur.mp4,/content/drive/MyDrive/ucf_experiments/ciclo_experimental_1/data/data_crop/train/Gr3ikl6A2bE_0-72a7e46ea5_0_contrast_crop.mp4,0
139,/content/drive/MyDrive/ucf_experiments/ciclo_experimental_1/data/data_blur/train/gR4OsEPl894_0-dada5fc639_0_contrast_blur.mp4,/content/drive/MyDrive/ucf_experiments/ciclo_experimental_1/data/data_crop/train/gR4OsEPl894_0-dada5fc639_0_contrast_crop.mp4,0
140,/content/drive/MyDrive/ucf_experiments/ciclo_experimental_1/data/data_blur/train/gR4OsEPl894_1-90767c4a18_0_contrast_blur.mp4,/content/drive/MyDrive/ucf_experiments/ciclo_experimental_1/data/data_crop/train/gR4OsEPl894_1-90767c4a18_0_contrast_crop.mp4,0
141,/content/drive/MyDrive/ucf_experiments/ciclo_experimental_1/data/data_blur/train/gR4OsEPl894_2-a4c5dd0ce0_0_contrast_blur.mp4,/content/drive/MyDrive/ucf_experiments/ciclo_experimental_1/data/data_crop/train/gR4OsEPl894_2-a4c5dd0ce0_0_contrast_crop.mp4,0
142,/content/drive/MyDrive/ucf_experiments/ciclo_experimental_1/data/data_blur/train/gR4OsEPl894_3-14b5181030_0_contrast_blur.mp4,/content/drive/MyDrive/ucf_experiments/ciclo_experimental_1/data/data_crop/train/gR4OsEPl894_3-14b5181030_0_contrast_crop.mp4,0
143,/content/drive/MyDrive/ucf_experiments/ciclo_experimental_1/data/data_blur/train/grxri53x_0-07df5f71b4_0_contrast_blur.mp4,/content/drive/MyDrive/ucf_experiments/ciclo_experimental_1/data/data_crop/train/grxri53x_0-07df5f71b4_0_contrast_crop.mp4,0
144,/content/drive/MyDrive/ucf_experiments/ciclo_experimental_1/data/data_blur/train/gSmdNZya_0-47f1f88ea1_0_contrast_blur.mp4,/content/drive/MyDrive/ucf_experiments/ciclo_experimental_1/data/data_crop/train/gSmdNZya_0-47f1f88ea1_0_contrast_crop.mp4,0
145,/content/drive/MyDrive/ucf_experiments/ciclo_experimental_1/data/data_blur/train/gUYfrLHe_0-f40822917a_0_contrast_blur.mp4,/content/drive/MyDrive/ucf_experiments/ciclo_experimental_1/data/data_crop/train/gUYfrLHe_0-f40822917a_0_contrast_crop.mp4,0
146,/content/drive/MyDrive/ucf_experiments/ciclo_experimental_1/data/data_blur/train/GVdnjHyU_0-8f4020c286_0_contrast_blur.mp4,/content/drive/MyDrive/ucf_experiments/ciclo_experimental_1/data/data_crop/train/GVdnjHyU_0-8f4020c286_0_contrast_crop.mp4,0
147,/content/drive/MyDrive/ucf_experiments/ciclo_experimental_1/data/data_blur/train/gzozjcrr_0-d9e0b7244c_0_contrast_blur.mp4,/content/drive/MyDrive/ucf_experiments/ciclo_experimental_1/data/data_crop/train/gzozjcrr_0-d9e0b7244c_0_contrast_crop.mp4,0
148,/content/drive/MyDrive/ucf_experiments/ciclo_experimental_1/data/data_blur/train/GzPhV725_0-e4f6044dff_0_contrast_blur.mp4,/content/drive/MyDrive/ucf_experiments/ciclo_experimental_1/data/data_crop/train/GzPhV725_0-e4f6044dff_0_contrast_crop.mp4,0
149,/content/drive/MyDrive/ucf_experiments/ciclo_experimental_1/data/data_blur/train/gzrwD4E5_0-df050c4600_0_contrast_blur.mp4,/content/drive/MyDrive/ucf_experiments/ciclo_experimental_1/data/data_crop/train/gzrwD4E5_0-df050c4600_0_contrast_crop.mp4,0
150,/content/drive/MyDrive/ucf_experiments/ciclo_experimental_1/data/data_blur/train/GZWxDB1c_0-3ab33fcb2d_0_contrast_blur.mp4,/content/drive/MyDrive/ucf_experiments/ciclo_experimental_1/data/data_crop/train/GZWxDB1c_0-3ab33fcb2d_0_contrast_crop.mp4,0
151,/content/drive/MyDrive/ucf_experiments/ciclo_experimental_1/data/data_blur/train/H1AzC-GyKto_0-c5d61d8e9b_0_contrast_blur.mp4,/content/drive/MyDrive/ucf_experiments/ciclo_experimental_1/data/data_crop/train/H1AzC-GyKto_0-c5d61d8e9b_0_contrast_crop.mp4,0
152,/content/drive/MyDrive/ucf_experiments/ciclo_experimental_1/data/data_blur/train/H1AzC-GyKto_1-4e0994e274_0_contrast_blur.mp4,/content/drive/MyDrive/ucf_experiments/ciclo_experimental_1/data/data_crop/train/H1AzC-GyKto_1-4e0994e274_0_contrast_crop.mp4,0
153,/content/drive/MyDrive/ucf_experiments/ciclo_experimental_1/data/data_blur/train/H1AzC-GyKto_2-f4b659b2c1_0_contrast_blur.mp4,/content/drive/MyDrive/ucf_experiments/ciclo_experimental_1/data/data_crop/train/H1AzC-GyKto_2-f4b659b2c1_0_contrast_crop.mp4,0
154,/content/drive/MyDrive/ucf_experiments/ciclo_experimental_1/data/data_blur/train/H1AzC-GyKto_3-898d23e21d_0_contrast_blur.mp4,/content/drive/MyDrive/ucf_experiments/ciclo_experimental_1/data/data_crop/train/H1AzC-GyKto_3-898d23e21d_0_contrast_crop.mp4,0
155,/content/drive/MyDrive/ucf_experiments/ciclo_experimental_1/data/data_blur/train/H68yvSdp_0-7ccf73a9f1_0_contrast_blur.mp4,/content/drive/MyDrive/ucf_experiments/ciclo_experimental_1/data/data_crop/train/H68yvSdp_0-7ccf73a9f1_0_contrast_crop.mp4,0
156,/content/drive/MyDrive/ucf_experiments/ciclo_experimental_1/data/data_blur/train/HAh9eqtO_0-d957565768_0_contrast_blur.mp4,/content/drive/MyDrive/ucf_experiments/ciclo_experimental_1/data/data_crop/train/HAh9eqtO_0-d957565768_0_contrast_crop.mp4,0
157,/content/drive/MyDrive/ucf_experiments/ciclo_experimental_1/data/data_blur/train/HAoCHqFV_0-ed1f27611b_0_contrast_blur.mp4,/content/drive/MyDrive/ucf_experiments/ciclo_experimental_1/data/data_crop/train/HAoCHqFV_0-ed1f27611b_0_contrast_crop.mp4,0
158,/content/drive/MyDrive/ucf_experiments/ciclo_experimental_1/data/data_blur/train/HbfZYAXw_0-09e6b514e8_0_contrast_blur.mp4,/content/drive/MyDrive/ucf_experiments/ciclo_experimental_1/data/data_crop/train/HbfZYAXw_0-09e6b514e8_0_contrast_crop.mp4,0
159,/content/drive/MyDrive/ucf_experiments/ciclo_experimental_1/data/data_blur/train/hbTlgnTw_0-a2589fa66c_0_contrast_blur.mp4,/content/drive/MyDrive/ucf_experiments/ciclo_experimental_1/data/data_crop/train/hbTlgnTw_0-a2589fa66c_0_contrast_crop.mp4,0
160,/content/drive/MyDrive/ucf_experiments/ciclo_experimental_1/data/data_blur/train/HG8xQFSd_0-53af4ad035_0_contrast_blur.mp4,/content/drive/MyDrive/ucf_experiments/ciclo_experimental_1/data/data_crop/train/HG8xQFSd_0-53af4ad035_0_contrast_crop.mp4,0
161,/content/drive/MyDrive/ucf_experiments/ciclo_experimental_1/data/data_blur/train/hgMpDK55_0-d79edc22ef_0_contrast_blur.mp4,/content/drive/MyDrive/ucf_experiments/ciclo_experimental_1/data/data_crop/train/hgMpDK55_0-d79edc22ef_0_contrast_crop.mp4,0
162,/content/drive/MyDrive/ucf_experiments/ciclo_experimental_1/data/data_blur/train/HodGUj8s_0-2290c7804f_0_contrast_blur.mp4,/content/drive/MyDrive/ucf_experiments/ciclo_experimental_1/data/data_crop/train/HodGUj8s_0-2290c7804f_0_contrast_crop.mp4,0
163,/content/drive/MyDrive/ucf_experiments/ciclo_experimental_1/data/data_blur/train/hP8CJJcx_0-e0a3c6db17_0_contrast_blur.mp4,/content/drive/MyDrive/ucf_experiments/ciclo_experimental_1/data/data_crop/train/hP8CJJcx_0-e0a3c6db17_0_contrast_crop.mp4,0
164,/content/drive/MyDrive/ucf_experiments/ciclo_experimental_1/data/data_blur/train/hrBh5x_3hW0_0-64031ad384_0_contrast_blur.mp4,/content/drive/MyDrive/ucf_experiments/ciclo_experimental_1/data/data_crop/train/hrBh5x_3hW0_0-64031ad384_0_contrast_crop.mp4,0
165,/content/drive/MyDrive/ucf_experiments/ciclo_experimental_1/data/data_blur/train/hrBh5x_3hW0_1-ee80e825cb_0_contrast_blur.mp4,/content/drive/MyDrive/ucf_experiments/ciclo_experimental_1/data/data_crop/train/hrBh5x_3hW0_1-ee80e825cb_0_contrast_crop.mp4,0
166,/content/drive/MyDrive/ucf_experiments/ciclo_experimental_1/data/data_blur/train/Hsvzcq2l_0-983e914a84_0_contrast_blur.mp4,/content/drive/MyDrive/ucf_experiments/ciclo_experimental_1/data/data_crop/train/Hsvzcq2l_0-983e914a84_0_contrast_crop.mp4,0
167,/content/drive/MyDrive/ucf_experiments/ciclo_experimental_1/data/data_blur/train/HUuRelBW_0-62f00ebfb4_0_contrast_blur.mp4,/content/drive/MyDrive/ucf_experiments/ciclo_experimental_1/data/data_crop/train/HUuRelBW_0-62f00ebfb4_0_contrast_crop.mp4,0
168,/content/drive/MyDrive/ucf_experiments/ciclo_experimental_1/data/data_blur/train/HvfhYJ8b_0-5dd1f091b5_0_contrast_blur.mp4,/content/drive/MyDrive/ucf_experiments/ciclo_experimental_1/data/data_crop/train/HvfhYJ8b_0-5dd1f091b5_0_contrast_crop.mp4,0
169,/content/drive/MyDrive/ucf_experiments/ciclo_experimental_1/data/data_blur/train/HVRUChVh_0-0686d637d8_0_contrast_blur.mp4,/content/drive/MyDrive/ucf_experiments/ciclo_experimental_1/data/data_crop/train/HVRUChVh_0-0686d637d8_0_contrast_crop.mp4,0
170,/content/drive/MyDrive/ucf_experiments/ciclo_experimental_1/data/data_blur/train/HVSv9sgz2ZI_0-b483286b6d_0_contrast_blur.mp4,/content/drive/MyDrive/ucf_experiments/ciclo_experimental_1/data/data_crop/train/HVSv9sgz2ZI_0-b483286b6d_0_contrast_crop.mp4,0
171,/content/drive/MyDrive/ucf_experiments/ciclo_experimental_1/data/data_blur/train/HVSv9sgz2ZI_1-8980fdf96c_0_contrast_blur.mp4,/content/drive/MyDrive/ucf_experiments/ciclo_experimental_1/data/data_crop/train/HVSv9sgz2ZI_1-8980fdf96c_0_contrast_crop.mp4,0
172,/content/drive/MyDrive/ucf_experiments/ciclo_experimental_1/data/data_blur/train/HVSv9sgz2ZI_2-cbdc3f3d89_0_contrast_blur.mp4,/content/drive/MyDrive/ucf_experiments/ciclo_experimental_1/data/data_crop/train/HVSv9sgz2ZI_2-cbdc3f3d89_0_contrast_crop.mp4,0
173,/content/drive/MyDrive/ucf_experiments/ciclo_experimental_1/data/data_blur/train/HVSv9sgz2ZI_3-58b1bb3641_0_contrast_blur.mp4,/content/drive/MyDrive/ucf_experiments/ciclo_experimental_1/data/data_crop/train/HVSv9sgz2ZI_3-58b1bb3641_0_contrast_crop.mp4,0
174,/content/drive/MyDrive/ucf_experiments/ciclo_experimental_1/data/data_blur/train/HW48LUZKOL4_0-423d04ddfd_0_contrast_blur.mp4,/content/drive/MyDrive/ucf_experiments/ciclo_experimental_1/data/data_crop/train/HW48LUZKOL4_0-423d04ddfd_0_contrast_crop.mp4,0
175,/content/drive/MyDrive/ucf_experiments/ciclo_experimental_1/data/data_blur/train/HW48LUZKOL4_1-573603fa9c_0_contrast_blur.mp4,/content/drive/MyDrive/ucf_experiments/ciclo_experimental_1/data/data_crop/train/HW48LUZKOL4_1-573603fa9c_0_contrast_crop.mp4,0
176,/content/drive/MyDrive/ucf_experiments/ciclo_experimental_1/data/data_blur/train/HW48LUZKOL4_2-b694e4f0bb_0_contrast_blur.mp4,/content/drive/MyDrive/ucf_experiments/ciclo_experimental_1/data/data_crop/train/HW48LUZKOL4_2-b694e4f0bb_0_contrast_crop.mp4,0
177,/content/drive/MyDrive/ucf_experiments/ciclo_experimental_1/data/data_blur/train/HW48LUZKOL4_3-a7c6c07c6c_0_contrast_blur.mp4,/content/drive/MyDrive/ucf_experiments/ciclo_experimental_1/data/data_crop/train/HW48LUZKOL4_3-a7c6c07c6c_0_contrast_crop.mp4,0
178,/content/drive/MyDrive/ucf_experiments/ciclo_experimental_1/data/data_blur/train/hWBjrqFS_0-71df9f68ec_0_contrast_blur.mp4,/content/drive/MyDrive/ucf_experiments/ciclo_experimental_1/data/data_crop/train/hWBjrqFS_0-71df9f68ec_0_contrast_crop.mp4,0
179,/content/drive/MyDrive/ucf_experiments/ciclo_experimental_1/data/data_blur/train/HYkbCvPj_0-692d79a0a3_0_contrast_blur.mp4,/content/drive/MyDrive/ucf_experiments/ciclo_experimental_1/data/data_crop/train/HYkbCvPj_0-692d79a0a3_0_contrast_crop.mp4,0
180,/content/drive/MyDrive/ucf_experiments/ciclo_experimental_1/data/data_blur/train/H_VQJU0Bqpc_0-26f6076e51_0_contrast_blur.mp4,/content/drive/MyDrive/ucf_experiments/ciclo_experimental_1/data/data_crop/train/H_VQJU0Bqpc_0-26f6076e51_0_contrast_crop.mp4,0
181,/content/drive/MyDrive/ucf_experiments/ciclo_experimental_1/data/data_blur/train/H_VQJU0Bqpc_1-97aa9c4fb4_0_contrast_blur.mp4,/content/drive/MyDrive/ucf_experiments/ciclo_experimental_1/data/data_crop/train/H_VQJU0Bqpc_1-97aa9c4fb4_0_contrast_crop.mp4,0
182,/content/drive/MyDrive/ucf_experiments/ciclo_experimental_1/data/data_blur/train/H_VQJU0Bqpc_2-fc88e17d04_0_contrast_blur.mp4,/content/drive/MyDrive/ucf_experiments/ciclo_experimental_1/data/data_crop/train/H_VQJU0Bqpc_2-fc88e17d04_0_contrast_crop.mp4,0
183,/content/drive/MyDrive/ucf_experiments/ciclo_experimental_1/data/data_blur/train/H_VQJU0Bqpc_3-45b940e5b5_0_contrast_blur.mp4,/content/drive/MyDrive/ucf_experiments/ciclo_experimental_1/data/data_crop/train/H_VQJU0Bqpc_3-45b940e5b5_0_contrast_crop.mp4,0
184,/content/drive/MyDrive/ucf_experiments/ciclo_experimental_1/data/data_blur/train/I-x0G5pAan0_0-710872dd2b_0_contrast_blur.mp4,/content/drive/MyDrive/ucf_experiments/ciclo_experimental_1/data/data_crop/train/I-x0G5pAan0_0-710872dd2b_0_contrast_crop.mp4,0
185,/content/drive/MyDrive/ucf_experiments/ciclo_experimental_1/data/data_blur/train/I-x0G5pAan0_1-db0c8270f9_0_contrast_blur.mp4,/content/drive/MyDrive/ucf_experiments/ciclo_experimental_1/data/data_crop/train/I-x0G5pAan0_1-db0c8270f9_0_contrast_crop.mp4,0
186,/content/drive/MyDrive/ucf_experiments/ciclo_experimental_1/data/data_blur/train/i2sLegg2JPA_0-f213c53a02_0_contrast_blur.mp4,/content/drive/MyDrive/ucf_experiments/ciclo_experimental_1/data/data_crop/train/i2sLegg2JPA_0-f213c53a02_0_contrast_crop.mp4,0
187,/content/drive/MyDrive/ucf_experiments/ciclo_experimental_1/data/data_blur/train/i2sLegg2JPA_1-8f73a5a657_0_contrast_blur.mp4,/content/drive/MyDrive/ucf_experiments/ciclo_experimental_1/data/data_crop/train/i2sLegg2JPA_1-8f73a5a657_0_contrast_crop.mp4,0
188,/content/drive/MyDrive/ucf_experiments/ciclo_experimental_1/data/data_blur/train/i4OubIZo_0-506a11696a_0_contrast_blur.mp4,/content/drive/MyDrive/ucf_experiments/ciclo_experimental_1/data/data_crop/train/i4OubIZo_0-506a11696a_0_contrast_crop.mp4,0
189,/content/drive/MyDrive/ucf_experiments/ciclo_experimental_1/data/data_blur/train/i5xJxtv4gXs_0-8c1b13c326_0_contrast_blur.mp4,/content/drive/MyDrive/ucf_experiments/ciclo_experimental_1/data/data_crop/train/i5xJxtv4gXs_0-8c1b13c326_0_contrast_crop.mp4,0
190,/content/drive/MyDrive/ucf_experiments/ciclo_experimental_1/data/data_blur/train/i5xJxtv4gXs_1-d0e8732943_0_contrast_blur.mp4,/content/drive/MyDrive/ucf_experiments/ciclo_experimental_1/data/data_crop/train/i5xJxtv4gXs_1-d0e8732943_0_contrast_crop.mp4,0
191,/content/drive/MyDrive/ucf_experiments/ciclo_experimental_1/data/data_blur/train/i5xJxtv4gXs_2-2997558ba5_0_contrast_blur.mp4,/content/drive/MyDrive/ucf_experiments/ciclo_experimental_1/data/data_crop/train/i5xJxtv4gXs_2-2997558ba5_0_contrast_crop.mp4,0
192,/content/drive/MyDrive/ucf_experiments/ciclo_experimental_1/data/data_blur/train/i7MJRWrW_0-b6bee0a636_0_contrast_blur.mp4,/content/drive/MyDrive/ucf_experiments/ciclo_experimental_1/data/data_crop/train/i7MJRWrW_0-b6bee0a636_0_contrast_crop.mp4,0
193,/content/drive/MyDrive/ucf_experiments/ciclo_experimental_1/data/data_blur/train/I7u5I8Oa_0-929c59ea8f_0_contrast_blur.mp4,/content/drive/MyDrive/ucf_experiments/ciclo_experimental_1/data/data_crop/train/I7u5I8Oa_0-929c59ea8f_0_contrast_crop.mp4,0
194,/content/drive/MyDrive/ucf_experiments/ciclo_experimental_1/data/data_blur/train/IGCZWiP8_0-02ee37d589_0_contrast_blur.mp4,/content/drive/MyDrive/ucf_experiments/ciclo_experimental_1/data/data_crop/train/IGCZWiP8_0-02ee37d589_0_contrast_crop.mp4,0
195,/content/drive/MyDrive/ucf_experiments/ciclo_experimental_1/data/data_blur/train/iki0PAvq_0-55b713abcf_0_contrast_blur.mp4,/content/drive/MyDrive/ucf_experiments/ciclo_experimental_1/data/data_crop/train/iki0PAvq_0-55b713abcf_0_contrast_crop.mp4,0
196,/content/drive/MyDrive/ucf_experiments/ciclo_experimental_1/data/data_blur/train/iqAmk7ES_0-37aa6ed296_0_contrast_blur.mp4,/content/drive/MyDrive/ucf_experiments/ciclo_experimental_1/data/data_crop/train/iqAmk7ES_0-37aa6ed296_0_contrast_crop.mp4,0
197,/content/drive/MyDrive/ucf_experiments/ciclo_experimental_1/data/data_blur/train/iquSbj5Wqj0_0-ffe77cb443_0_contrast_blur.mp4,/content/drive/MyDrive/ucf_experiments/ciclo_experimental_1/data/data_crop/train/iquSbj5Wqj0_0-ffe77cb443_0_contrast_crop.mp4,0
198,/content/drive/MyDrive/ucf_experiments/ciclo_experimental_1/data/data_blur/train/iRnSE1TL_0-4a035e5237_0_contrast_blur.mp4,/content/drive/MyDrive/ucf_experiments/ciclo_experimental_1/data/data_crop/train/iRnSE1TL_0-4a035e5237_0_contrast_crop.mp4,0
199,/content/drive/MyDrive/ucf_experiments/ciclo_experimental_1/data/data_blur/train/Isob76kh_0-39584539d0_0_contrast_blur.mp4,/content/drive/MyDrive/ucf_experiments/ciclo_experimental_1/data/data_crop/train/Isob76kh_0-39584539d0_0_contrast_crop.mp4,0
200,/content/drive/MyDrive/ucf_experiments/ciclo_experimental_1/data/data_blur/train/iTs901V6_0-7c9a3b4b51_0_contrast_blur.mp4,/content/drive/MyDrive/ucf_experiments/ciclo_experimental_1/data/data_crop/train/iTs901V6_0-7c9a3b4b51_0_contrast_crop.mp4,0
201,/content/drive/MyDrive/ucf_experiments/ciclo_experimental_1/data/data_blur/train/itstEXVr_0-10c388c87c_0_contrast_blur.mp4,/content/drive/MyDrive/ucf_experiments/ciclo_experimental_1/data/data_crop/train/itstEXVr_0-10c388c87c_0_contrast_crop.mp4,0
202,/content/drive/MyDrive/ucf_experiments/ciclo_experimental_1/data/data_blur/train/IynvwHe9W3U_0-97c0d88a5d_0_contrast_blur.mp4,/content/drive/MyDrive/ucf_experiments/ciclo_experimental_1/data/data_crop/train/IynvwHe9W3U_0-97c0d88a5d_0_contrast_crop.mp4,0
203,/content/drive/MyDrive/ucf_experiments/ciclo_experimental_1/data/data_blur/train/IynvwHe9W3U_1-d689aeadc3_0_contrast_blur.mp4,/content/drive/MyDrive/ucf_experiments/ciclo_experimental_1/data/data_crop/train/IynvwHe9W3U_1-d689aeadc3_0_contrast_crop.mp4,0
204,/content/drive/MyDrive/ucf_experiments/ciclo_experimental_1/data/data_blur/train/IynvwHe9W3U_2-1fe8263723_0_contrast_blur.mp4,/content/drive/MyDrive/ucf_experiments/ciclo_experimental_1/data/data_crop/train/IynvwHe9W3U_2-1fe8263723_0_contrast_crop.mp4,0
205,/content/drive/MyDrive/ucf_experiments/ciclo_experimental_1/data/data_blur/train/IynvwHe9W3U_3-83a6b6443f_0_contrast_blur.mp4,/content/drive/MyDrive/ucf_experiments/ciclo_experimental_1/data/data_crop/train/IynvwHe9W3U_3-83a6b6443f_0_contrast_crop.mp4,0
206,/content/drive/MyDrive/ucf_experiments/ciclo_experimental_1/data/data_blur/train/J2Am3J0z_0-722b55bfe8_0_contrast_blur.mp4,/content/drive/MyDrive/ucf_experiments/ciclo_experimental_1/data/data_crop/train/J2Am3J0z_0-722b55bfe8_0_contrast_crop.mp4,0
207,/content/drive/MyDrive/ucf_experiments/ciclo_experimental_1/data/data_blur/train/J2rsCgMC_0-b281694074_0_contrast_blur.mp4,/content/drive/MyDrive/ucf_experiments/ciclo_experimental_1/data/data_crop/train/J2rsCgMC_0-b281694074_0_contrast_crop.mp4,0
208,/content/drive/MyDrive/ucf_experiments/ciclo_experimental_1/data/data_blur/train/j83up7ni_0-16e971fb59_0_contrast_blur.mp4,/content/drive/MyDrive/ucf_experiments/ciclo_experimental_1/data/data_crop/train/j83up7ni_0-16e971fb59_0_contrast_crop.mp4,0
209,/content/drive/MyDrive/ucf_experiments/ciclo_experimental_1/data/data_blur/train/JBRqNBaP_0-a9c8ef2223_0_contrast_blur.mp4,/content/drive/MyDrive/ucf_experiments/ciclo_experimental_1/data/data_crop/train/JBRqNBaP_0-a9c8ef2223_0_contrast_crop.mp4,0
210,/content/drive/MyDrive/ucf_experiments/ciclo_experimental_1/data/data_blur/train/jbSCSexU_0-aae3afeef7_0_contrast_blur.mp4,/content/drive/MyDrive/ucf_experiments/ciclo_experimental_1/data/data_crop/train/jbSCSexU_0-aae3afeef7_0_contrast_crop.mp4,0
211,/content/drive/MyDrive/ucf_experiments/ciclo_experimental_1/data/data_blur/train/JD9JJbiJ_0-9d3c4f1456_0_contrast_blur.mp4,/content/drive/MyDrive/ucf_experiments/ciclo_experimental_1/data/data_crop/train/JD9JJbiJ_0-9d3c4f1456_0_contrast_crop.mp4,0
212,/content/drive/MyDrive/ucf_experiments/ciclo_experimental_1/data/data_blur/train/jgjAKGZW_0-687d07f826_0_contrast_blur.mp4,/content/drive/MyDrive/ucf_experiments/ciclo_experimental_1/data/data_crop/train/jgjAKGZW_0-687d07f826_0_contrast_crop.mp4,0
213,/content/drive/MyDrive/ucf_experiments/ciclo_experimental_1/data/data_blur/train/JgXAUoyJ_0-db7593227e_0_contrast_blur.mp4,/content/drive/MyDrive/ucf_experiments/ciclo_experimental_1/data/data_crop/train/JgXAUoyJ_0-db7593227e_0_contrast_crop.mp4,0
214,/content/drive/MyDrive/ucf_experiments/ciclo_experimental_1/data/data_blur/train/jILBnY3lB2Q_0-d2a549989d_0_contrast_blur.mp4,/content/drive/MyDrive/ucf_experiments/ciclo_experimental_1/data/data_crop/train/jILBnY3lB2Q_0-d2a549989d_0_contrast_crop.mp4,0
215,/content/drive/MyDrive/ucf_experiments/ciclo_experimental_1/data/data_blur/train/jILBnY3lB2Q_1-602ff850e6_0_contrast_blur.mp4,/content/drive/MyDrive/ucf_experiments/ciclo_experimental_1/data/data_crop/train/jILBnY3lB2Q_1-602ff850e6_0_contrast_crop.mp4,0
216,/content/drive/MyDrive/ucf_experiments/ciclo_experimental_1/data/data_blur/train/jILBnY3lB2Q_2-246fe3d307_0_contrast_blur.mp4,/content/drive/MyDrive/ucf_experiments/ciclo_experimental_1/data/data_crop/train/jILBnY3lB2Q_2-246fe3d307_0_contrast_crop.mp4,0
217,/content/drive/MyDrive/ucf_experiments/ciclo_experimental_1/data/data_blur/train/jILBnY3lB2Q_3-f00e7e1837_0_contrast_blur.mp4,/content/drive/MyDrive/ucf_experiments/ciclo_experimental_1/data/data_crop/train/jILBnY3lB2Q_3-f00e7e1837_0_contrast_crop.mp4,0
218,/content/drive/MyDrive/ucf_experiments/ciclo_experimental_1/data/data_blur/train/jj9SJGft_0-3293daec99_0_contrast_blur.mp4,/content/drive/MyDrive/ucf_experiments/ciclo_experimental_1/data/data_crop/train/jj9SJGft_0-3293daec99_0_contrast_crop.mp4,0
219,/content/drive/MyDrive/ucf_experiments/ciclo_experimental_1/data/data_blur/train/jOZLjdSi_0-3fd45ecbfd_0_contrast_blur.mp4,/content/drive/MyDrive/ucf_experiments/ciclo_experimental_1/data/data_crop/train/jOZLjdSi_0-3fd45ecbfd_0_contrast_crop.mp4,0
220,/content/drive/MyDrive/ucf_experiments/ciclo_experimental_1/data/data_blur/train/JPIeYvRgo6I_0-6f756da5c1_0_contrast_blur.mp4,/content/drive/MyDrive/ucf_experiments/ciclo_experimental_1/data/data_crop/train/JPIeYvRgo6I_0-6f756da5c1_0_contrast_crop.mp4,0
221,/content/drive/MyDrive/ucf_experiments/ciclo_experimental_1/data/data_blur/train/JPIeYvRgo6I_1-dd85e7191f_0_contrast_blur.mp4,/content/drive/MyDrive/ucf_experiments/ciclo_experimental_1/data/data_crop/train/JPIeYvRgo6I_1-dd85e7191f_0_contrast_crop.mp4,0
222,/content/drive/MyDrive/ucf_experiments/ciclo_experimental_1/data/data_blur/train/JPIeYvRgo6I_2-b1e34c969d_0_contrast_blur.mp4,/content/drive/MyDrive/ucf_experiments/ciclo_experimental_1/data/data_crop/train/JPIeYvRgo6I_2-b1e34c969d_0_contrast_crop.mp4,0
223,/content/drive/MyDrive/ucf_experiments/ciclo_experimental_1/data/data_blur/train/JPMLt2ZH_0-bbbb777c6c_0_contrast_blur.mp4,/content/drive/MyDrive/ucf_experiments/ciclo_experimental_1/data/data_crop/train/JPMLt2ZH_0-bbbb777c6c_0_contrast_crop.mp4,0
224,/content/drive/MyDrive/ucf_experiments/ciclo_experimental_1/data/data_blur/train/jR91oXYV_0-f02dd7f71e_0_contrast_blur.mp4,/content/drive/MyDrive/ucf_experiments/ciclo_experimental_1/data/data_crop/train/jR91oXYV_0-f02dd7f71e_0_contrast_crop.mp4,0
225,/content/drive/MyDrive/ucf_experiments/ciclo_experimental_1/data/data_blur/train/JsjF2OSJ_0-bb0e0fc7b6_0_contrast_blur.mp4,/content/drive/MyDrive/ucf_experiments/ciclo_experimental_1/data/data_crop/train/JsjF2OSJ_0-bb0e0fc7b6_0_contrast_crop.mp4,0
226,/content/drive/MyDrive/ucf_experiments/ciclo_experimental_1/data/data_blur/train/jTbvVbkUaPM_0-78b1e350b5_0_contrast_blur.mp4,/content/drive/MyDrive/ucf_experiments/ciclo_experimental_1/data/data_crop/train/jTbvVbkUaPM_0-78b1e350b5_0_contrast_crop.mp4,0
227,/content/drive/MyDrive/ucf_experiments/ciclo_experimental_1/data/data_blur/train/jTbvVbkUaPM_1-286881c4c7_0_contrast_blur.mp4,/content/drive/MyDrive/ucf_experiments/ciclo_experimental_1/data/data_crop/train/jTbvVbkUaPM_1-286881c4c7_0_contrast_crop.mp4,0
228,/content/drive/MyDrive/ucf_experiments/ciclo_experimental_1/data/data_blur/train/jTbvVbkUaPM_2-d8c6f9c81e_0_contrast_blur.mp4,/content/drive/MyDrive/ucf_experiments/ciclo_experimental_1/data/data_crop/train/jTbvVbkUaPM_2-d8c6f9c81e_0_contrast_crop.mp4,0
229,/content/drive/MyDrive/ucf_experiments/ciclo_experimental_1/data/data_blur/train/JwfajujK_0-657872b955_0_contrast_blur.mp4,/content/drive/MyDrive/ucf_experiments/ciclo_experimental_1/data/data_crop/train/JwfajujK_0-657872b955_0_contrast_crop.mp4,0
230,/content/drive/MyDrive/ucf_experiments/ciclo_experimental_1/data/data_blur/train/JWFfsHEG_0-80c7737d44_0_contrast_blur.mp4,/content/drive/MyDrive/ucf_experiments/ciclo_experimental_1/data/data_crop/train/JWFfsHEG_0-80c7737d44_0_contrast_crop.mp4,0
231,/content/drive/MyDrive/ucf_experiments/ciclo_experimental_1/data/data_blur/train/JwTPruSFTjk_0-560c516121_0_contrast_blur.mp4,/content/drive/MyDrive/ucf_experiments/ciclo_experimental_1/data/data_crop/train/JwTPruSFTjk_0-560c516121_0_contrast_crop.mp4,0
232,/content/drive/MyDrive/ucf_experiments/ciclo_experimental_1/data/data_blur/train/JwTPruSFTjk_1-c5fb65aa50_0_contrast_blur.mp4,/content/drive/MyDrive/ucf_experiments/ciclo_experimental_1/data/data_crop/train/JwTPruSFTjk_1-c5fb65aa50_0_contrast_crop.mp4,0
233,/content/drive/MyDrive/ucf_experiments/ciclo_experimental_1/data/data_blur/train/JxpNuQop_0-cdec304175_0_contrast_blur.mp4,/content/drive/MyDrive/ucf_experiments/ciclo_experimental_1/data/data_crop/train/JxpNuQop_0-cdec304175_0_contrast_crop.mp4,0
234,/content/drive/MyDrive/ucf_experiments/ciclo_experimental_1/data/data_blur/train/jXrwQsZJ_0-ee93960280_0_contrast_blur.mp4,/content/drive/MyDrive/ucf_experiments/ciclo_experimental_1/data/data_crop/train/jXrwQsZJ_0-ee93960280_0_contrast_crop.mp4,0
235,/content/drive/MyDrive/ucf_experiments/ciclo_experimental_1/data/data_blur/train/K4700BuM_0-a60d6c020e_0_contrast_blur.mp4,/content/drive/MyDrive/ucf_experiments/ciclo_experimental_1/data/data_crop/train/K4700BuM_0-a60d6c020e_0_contrast_crop.mp4,0
236,/content/drive/MyDrive/ucf_experiments/ciclo_experimental_1/data/data_blur/train/kB9NYpu1_0-3aee4d5f8d_0_contrast_blur.mp4,/content/drive/MyDrive/ucf_experiments/ciclo_experimental_1/data/data_crop/train/kB9NYpu1_0-3aee4d5f8d_0_contrast_crop.mp4,0
237,/content/drive/MyDrive/ucf_experiments/ciclo_experimental_1/data/data_blur/train/kBSHDWaGFyc_0-2edf799428_0_contrast_blur.mp4,/content/drive/MyDrive/ucf_experiments/ciclo_experimental_1/data/data_crop/train/kBSHDWaGFyc_0-2edf799428_0_contrast_crop.mp4,0
238,/content/drive/MyDrive/ucf_experiments/ciclo_experimental_1/data/data_blur/train/KDOVTf7T_0-095e2197d9_0_contrast_blur.mp4,/content/drive/MyDrive/ucf_experiments/ciclo_experimental_1/data/data_crop/train/KDOVTf7T_0-095e2197d9_0_contrast_crop.mp4,0
239,/content/drive/MyDrive/ucf_experiments/ciclo_experimental_1/data/data_blur/train/kExp3yhspR0_0-fb1bd2b43f_0_contrast_blur.mp4,/content/drive/MyDrive/ucf_experiments/ciclo_experimental_1/data/data_crop/train/kExp3yhspR0_0-fb1bd2b43f_0_contrast_crop.mp4,0
240,/content/drive/MyDrive/ucf_experiments/ciclo_experimental_1/data/data_blur/train/kExp3yhspR0_1-933fec6cd0_0_contrast_blur.mp4,/content/drive/MyDrive/ucf_experiments/ciclo_experimental_1/data/data_crop/train/kExp3yhspR0_1-933fec6cd0_0_contrast_crop.mp4,0
241,/content/drive/MyDrive/ucf_experiments/ciclo_experimental_1/data/data_blur/train/kExp3yhspR0_2-203f7f8179_0_contrast_blur.mp4,/content/drive/MyDrive/ucf_experiments/ciclo_experimental_1/data/data_crop/train/kExp3yhspR0_2-203f7f8179_0_contrast_crop.mp4,0
242,/content/drive/MyDrive/ucf_experiments/ciclo_experimental_1/data/data_blur/train/kFbpQrq2_0-217a947f6f_0_contrast_blur.mp4,/content/drive/MyDrive/ucf_experiments/ciclo_experimental_1/data/data_crop/train/kFbpQrq2_0-217a947f6f_0_contrast_crop.mp4,0
243,/content/drive/MyDrive/ucf_experiments/ciclo_experimental_1/data/data_blur/train/KklEipxk_0-b596c29050_0_contrast_blur.mp4,/content/drive/MyDrive/ucf_experiments/ciclo_experimental_1/data/data_crop/train/KklEipxk_0-b596c29050_0_contrast_crop.mp4,0
244,/content/drive/MyDrive/ucf_experiments/ciclo_experimental_1/data/data_blur/train/KLEwMKTN_0-25a7b95da4_0_contrast_blur.mp4,/content/drive/MyDrive/ucf_experiments/ciclo_experimental_1/data/data_crop/train/KLEwMKTN_0-25a7b95da4_0_contrast_crop.mp4,0
245,/content/drive/MyDrive/ucf_experiments/ciclo_experimental_1/data/data_blur/train/kLHNW0uRutY_0-3d630d33d7_0_contrast_blur.mp4,/content/drive/MyDrive/ucf_experiments/ciclo_experimental_1/data/data_crop/train/kLHNW0uRutY_0-3d630d33d7_0_contrast_crop.mp4,0
246,/content/drive/MyDrive/ucf_experiments/ciclo_experimental_1/data/data_blur/train/Km94kW0O_0-60e344aba3_0_contrast_blur.mp4,/content/drive/MyDrive/ucf_experiments/ciclo_experimental_1/data/data_crop/train/Km94kW0O_0-60e344aba3_0_contrast_crop.mp4,0
247,/content/drive/MyDrive/ucf_experiments/ciclo_experimental_1/data/data_blur/train/kMI2JME3Aag_0-44ec9216cf_0_contrast_blur.mp4,/content/drive/MyDrive/ucf_experiments/ciclo_experimental_1/data/data_crop/train/kMI2JME3Aag_0-44ec9216cf_0_contrast_crop.mp4,0
248,/content/drive/MyDrive/ucf_experiments/ciclo_experimental_1/data/data_blur/train/kMI2JME3Aag_1-3c2f18cbf9_0_contrast_blur.mp4,/content/drive/MyDrive/ucf_experiments/ciclo_experimental_1/data/data_crop/train/kMI2JME3Aag_1-3c2f18cbf9_0_contrast_crop.mp4,0
249,/content/drive/MyDrive/ucf_experiments/ciclo_experimental_1/data/data_blur/train/kMI2JME3Aag_2-9fa63bffa5_0_contrast_blur.mp4,/content/drive/MyDrive/ucf_experiments/ciclo_experimental_1/data/data_crop/train/kMI2JME3Aag_2-9fa63bffa5_0_contrast_crop.mp4,0
250,/content/drive/MyDrive/ucf_experiments/ciclo_experimental_1/data/data_blur/train/kMI2JME3Aag_3-a4dbf752bd_0_contrast_blur.mp4,/content/drive/MyDrive/ucf_experiments/ciclo_experimental_1/data/data_crop/train/kMI2JME3Aag_3-a4dbf752bd_0_contrast_crop.mp4,0
251,/content/drive/MyDrive/ucf_experiments/ciclo_experimental_1/data/data_blur/train/kMI2JME3Aag_4-b3c6ac8a4f_0_contrast_blur.mp4,/content/drive/MyDrive/ucf_experiments/ciclo_experimental_1/data/data_crop/train/kMI2JME3Aag_4-b3c6ac8a4f_0_contrast_crop.mp4,0
252,/content/drive/MyDrive/ucf_experiments/ciclo_experimental_1/data/data_blur/train/KOaUqaC8_0-25f2d524d4_0_contrast_blur.mp4,/content/drive/MyDrive/ucf_experiments/ciclo_experimental_1/data/data_crop/train/KOaUqaC8_0-25f2d524d4_0_contrast_crop.mp4,0
253,/content/drive/MyDrive/ucf_experiments/ciclo_experimental_1/data/data_blur/train/kOp57sQKMPY_0-f975410220_0_contrast_blur.mp4,/content/drive/MyDrive/ucf_experiments/ciclo_experimental_1/data/data_crop/train/kOp57sQKMPY_0-f975410220_0_contrast_crop.mp4,0
254,/content/drive/MyDrive/ucf_experiments/ciclo_experimental_1/data/data_blur/train/kOp57sQKMPY_1-30244055fe_0_contrast_blur.mp4,/content/drive/MyDrive/ucf_experiments/ciclo_experimental_1/data/data_crop/train/kOp57sQKMPY_1-30244055fe_0_contrast_crop.mp4,0
255,/content/drive/MyDrive/ucf_experiments/ciclo_experimental_1/data/data_blur/train/kOp57sQKMPY_2-ec7ff42c5b_0_contrast_blur.mp4,/content/drive/MyDrive/ucf_experiments/ciclo_experimental_1/data/data_crop/train/kOp57sQKMPY_2-ec7ff42c5b_0_contrast_crop.mp4,0
256,/content/drive/MyDrive/ucf_experiments/ciclo_experimental_1/data/data_blur/train/KQTiHlA11fM_0-7287e9de23_0_contrast_blur.mp4,/content/drive/MyDrive/ucf_experiments/ciclo_experimental_1/data/data_crop/train/KQTiHlA11fM_0-7287e9de23_0_contrast_crop.mp4,0
257,/content/drive/MyDrive/ucf_experiments/ciclo_experimental_1/data/data_blur/train/KQTiHlA11fM_1-9903d79bf6_0_contrast_blur.mp4,/content/drive/MyDrive/ucf_experiments/ciclo_experimental_1/data/data_crop/train/KQTiHlA11fM_1-9903d79bf6_0_contrast_crop.mp4,0
258,/content/drive/MyDrive/ucf_experiments/ciclo_experimental_1/data/data_blur/train/KQTiHlA11fM_2-8bb3d42d2a_0_contrast_blur.mp4,/content/drive/MyDrive/ucf_experiments/ciclo_experimental_1/data/data_crop/train/KQTiHlA11fM_2-8bb3d42d2a_0_contrast_crop.mp4,0
259,/content/drive/MyDrive/ucf_experiments/ciclo_experimental_1/data/data_blur/train/KQTiHlA11fM_3-c4f67fc9fb_0_contrast_blur.mp4,/content/drive/MyDrive/ucf_experiments/ciclo_experimental_1/data/data_crop/train/KQTiHlA11fM_3-c4f67fc9fb_0_contrast_crop.mp4,0
260,/content/drive/MyDrive/ucf_experiments/ciclo_experimental_1/data/data_blur/train/KxOHVkVQ_0-59a7e23fee_0_contrast_blur.mp4,/content/drive/MyDrive/ucf_experiments/ciclo_experimental_1/data/data_crop/train/KxOHVkVQ_0-59a7e23fee_0_contrast_crop.mp4,0
261,/content/drive/MyDrive/ucf_experiments/ciclo_experimental_1/data/data_blur/train/K_7hT4N2QCE_0-3a93aadf0b_0_contrast_blur.mp4,/content/drive/MyDrive/ucf_experiments/ciclo_experimental_1/data/data_crop/train/K_7hT4N2QCE_0-3a93aadf0b_0_contrast_crop.mp4,0
262,/content/drive/MyDrive/ucf_experiments/ciclo_experimental_1/data/data_blur/train/l4gqDHx9_dI_0-b735f11bec_0_contrast_blur.mp4,/content/drive/MyDrive/ucf_experiments/ciclo_experimental_1/data/data_crop/train/l4gqDHx9_dI_0-b735f11bec_0_contrast_crop.mp4,0
263,/content/drive/MyDrive/ucf_experiments/ciclo_experimental_1/data/data_blur/train/l4gqDHx9_dI_1-1b26b4c3c1_0_contrast_blur.mp4,/content/drive/MyDrive/ucf_experiments/ciclo_experimental_1/data/data_crop/train/l4gqDHx9_dI_1-1b26b4c3c1_0_contrast_crop.mp4,0
264,/content/drive/MyDrive/ucf_experiments/ciclo_experimental_1/data/data_blur/train/L9tYVvJY_0-9ed76f7e64_0_contrast_blur.mp4,/content/drive/MyDrive/ucf_experiments/ciclo_experimental_1/data/data_crop/train/L9tYVvJY_0-9ed76f7e64_0_contrast_crop.mp4,0
265,/content/drive/MyDrive/ucf_experiments/ciclo_experimental_1/data/data_blur/train/La60qonu_0-0bd2518508_0_contrast_blur.mp4,/content/drive/MyDrive/ucf_experiments/ciclo_experimental_1/data/data_crop/train/La60qonu_0-0bd2518508_0_contrast_crop.mp4,0
266,/content/drive/MyDrive/ucf_experiments/ciclo_experimental_1/data/data_blur/train/La9lzohO_0-585376641c_0_contrast_blur.mp4,/content/drive/MyDrive/ucf_experiments/ciclo_experimental_1/data/data_crop/train/La9lzohO_0-585376641c_0_contrast_crop.mp4,0
267,/content/drive/MyDrive/ucf_experiments/ciclo_experimental_1/data/data_blur/train/LbYQs9oA_0-75a1712a2c_0_contrast_blur.mp4,/content/drive/MyDrive/ucf_experiments/ciclo_experimental_1/data/data_crop/train/LbYQs9oA_0-75a1712a2c_0_contrast_crop.mp4,0
268,/content/drive/MyDrive/ucf_experiments/ciclo_experimental_1/data/data_blur/train/lhxMVtH7_0-4354d982a5_0_contrast_blur.mp4,/content/drive/MyDrive/ucf_experiments/ciclo_experimental_1/data/data_crop/train/lhxMVtH7_0-4354d982a5_0_contrast_crop.mp4,0
269,/content/drive/MyDrive/ucf_experiments/ciclo_experimental_1/data/data_blur/train/LiCakkNH_0-6be37770a1_0_contrast_blur.mp4,/content/drive/MyDrive/ucf_experiments/ciclo_experimental_1/data/data_crop/train/LiCakkNH_0-6be37770a1_0_contrast_crop.mp4,0
270,/content/drive/MyDrive/ucf_experiments/ciclo_experimental_1/data/data_blur/train/ljLg4lFbS0Y_0-f951fafff4_0_contrast_blur.mp4,/content/drive/MyDrive/ucf_experiments/ciclo_experimental_1/data/data_crop/train/ljLg4lFbS0Y_0-f951fafff4_0_contrast_crop.mp4,0
271,/content/drive/MyDrive/ucf_experiments/ciclo_experimental_1/data/data_blur/train/ljLg4lFbS0Y_1-fb6283b8b4_0_contrast_blur.mp4,/content/drive/MyDrive/ucf_experiments/ciclo_experimental_1/data/data_crop/train/ljLg4lFbS0Y_1-fb6283b8b4_0_contrast_crop.mp4,0
272,/content/drive/MyDrive/ucf_experiments/ciclo_experimental_1/data/data_blur/train/LLo_TXIz5-g_0-11b9dd39f1_0_contrast_blur.mp4,/content/drive/MyDrive/ucf_experiments/ciclo_experimental_1/data/data_crop/train/LLo_TXIz5-g_0-11b9dd39f1_0_contrast_crop.mp4,0
273,/content/drive/MyDrive/ucf_experiments/ciclo_experimental_1/data/data_blur/train/LLo_TXIz5-g_1-668f0f1b77_0_contrast_blur.mp4,/content/drive/MyDrive/ucf_experiments/ciclo_experimental_1/data/data_crop/train/LLo_TXIz5-g_1-668f0f1b77_0_contrast_crop.mp4,0
274,/content/drive/MyDrive/ucf_experiments/ciclo_experimental_1/data/data_blur/train/lmfaDmCCRoY_0-d69e1f876c_0_contrast_blur.mp4,/content/drive/MyDrive/ucf_experiments/ciclo_experimental_1/data/data_crop/train/lmfaDmCCRoY_0-d69e1f876c_0_contrast_crop.mp4,0
275,/content/drive/MyDrive/ucf_experiments/ciclo_experimental_1/data/data_blur/train/LMNJJere_0-ea439a6159_0_contrast_blur.mp4,/content/drive/MyDrive/ucf_experiments/ciclo_experimental_1/data/data_crop/train/LMNJJere_0-ea439a6159_0_contrast_crop.mp4,0
276,/content/drive/MyDrive/ucf_experiments/ciclo_experimental_1/data/data_blur/train/lNAzMZFI_0-5ddfce4535_0_contrast_blur.mp4,/content/drive/MyDrive/ucf_experiments/ciclo_experimental_1/data/data_crop/train/lNAzMZFI_0-5ddfce4535_0_contrast_crop.mp4,0
277,/content/drive/MyDrive/ucf_experiments/ciclo_experimental_1/data/data_blur/train/lQ39ffan_0-ad4605a219_0_contrast_blur.mp4,/content/drive/MyDrive/ucf_experiments/ciclo_experimental_1/data/data_crop/train/lQ39ffan_0-ad4605a219_0_contrast_crop.mp4,0
278,/content/drive/MyDrive/ucf_experiments/ciclo_experimental_1/data/data_blur/train/LqW9A21g_0-afe0044853_0_contrast_blur.mp4,/content/drive/MyDrive/ucf_experiments/ciclo_experimental_1/data/data_crop/train/LqW9A21g_0-afe0044853_0_contrast_crop.mp4,0
279,/content/drive/MyDrive/ucf_experiments/ciclo_experimental_1/data/data_blur/train/lS7tAuv0_0-0cb60d3c60_0_contrast_blur.mp4,/content/drive/MyDrive/ucf_experiments/ciclo_experimental_1/data/data_crop/train/lS7tAuv0_0-0cb60d3c60_0_contrast_crop.mp4,0
280,/content/drive/MyDrive/ucf_experiments/ciclo_experimental_1/data/data_blur/train/LSJPhJTB_0-8568f390d6_0_contrast_blur.mp4,/content/drive/MyDrive/ucf_experiments/ciclo_experimental_1/data/data_crop/train/LSJPhJTB_0-8568f390d6_0_contrast_crop.mp4,0
281,/content/drive/MyDrive/ucf_experiments/ciclo_experimental_1/data/data_blur/train/Lui5zaon_0-d6fb90f3e6_0_contrast_blur.mp4,/content/drive/MyDrive/ucf_experiments/ciclo_experimental_1/data/data_crop/train/Lui5zaon_0-d6fb90f3e6_0_contrast_crop.mp4,0
282,/content/drive/MyDrive/ucf_experiments/ciclo_experimental_1/data/data_blur/train/lx4TN9dS_0-544627bbf6_0_contrast_blur.mp4,/content/drive/MyDrive/ucf_experiments/ciclo_experimental_1/data/data_crop/train/lx4TN9dS_0-544627bbf6_0_contrast_crop.mp4,0
283,/content/drive/MyDrive/ucf_experiments/ciclo_experimental_1/data/data_blur/train/m3PZvVSL_0-598cbbe727_0_contrast_blur.mp4,/content/drive/MyDrive/ucf_experiments/ciclo_experimental_1/data/data_crop/train/m3PZvVSL_0-598cbbe727_0_contrast_crop.mp4,0
284,/content/drive/MyDrive/ucf_experiments/ciclo_experimental_1/data/data_blur/train/M4syignQ_0-a02bc34668_0_contrast_blur.mp4,/content/drive/MyDrive/ucf_experiments/ciclo_experimental_1/data/data_crop/train/M4syignQ_0-a02bc34668_0_contrast_crop.mp4,0
285,/content/drive/MyDrive/ucf_experiments/ciclo_experimental_1/data/data_blur/train/Ma1iva6R_0-f125b966c6_0_contrast_blur.mp4,/content/drive/MyDrive/ucf_experiments/ciclo_experimental_1/data/data_crop/train/Ma1iva6R_0-f125b966c6_0_contrast_crop.mp4,0
286,/content/drive/MyDrive/ucf_experiments/ciclo_experimental_1/data/data_blur/train/MBxCX6pw_0-78d2a6f847_0_contrast_blur.mp4,/content/drive/MyDrive/ucf_experiments/ciclo_experimental_1/data/data_crop/train/MBxCX6pw_0-78d2a6f847_0_contrast_crop.mp4,0
287,/content/drive/MyDrive/ucf_experiments/ciclo_experimental_1/data/data_blur/train/McDxnU7x_0-bdb3afe971_0_contrast_blur.mp4,/content/drive/MyDrive/ucf_experiments/ciclo_experimental_1/data/data_crop/train/McDxnU7x_0-bdb3afe971_0_contrast_crop.mp4,0
288,/content/drive/MyDrive/ucf_experiments/ciclo_experimental_1/data/data_blur/train/mE9Cp4na_0-5fc90f4ba0_0_contrast_blur.mp4,/content/drive/MyDrive/ucf_experiments/ciclo_experimental_1/data/data_crop/train/mE9Cp4na_0-5fc90f4ba0_0_contrast_crop.mp4,0
289,/content/drive/MyDrive/ucf_experiments/ciclo_experimental_1/data/data_blur/train/MhiGg6f7_0-b825635856_0_contrast_blur.mp4,/content/drive/MyDrive/ucf_experiments/ciclo_experimental_1/data/data_crop/train/MhiGg6f7_0-b825635856_0_contrast_crop.mp4,0
290,/content/drive/MyDrive/ucf_experiments/ciclo_experimental_1/data/data_blur/train/MhVfgPWz_0-d6cd8df091_0_contrast_blur.mp4,/content/drive/MyDrive/ucf_experiments/ciclo_experimental_1/data/data_crop/train/MhVfgPWz_0-d6cd8df091_0_contrast_crop.mp4,0
291,/content/drive/MyDrive/ucf_experiments/ciclo_experimental_1/data/data_blur/train/mHY487R6_0-08b58296ee_0_contrast_blur.mp4,/content/drive/MyDrive/ucf_experiments/ciclo_experimental_1/data/data_crop/train/mHY487R6_0-08b58296ee_0_contrast_crop.mp4,0
292,/content/drive/MyDrive/ucf_experiments/ciclo_experimental_1/data/data_blur/train/MmUtpm6Z_0-4393d816c9_0_contrast_blur.mp4,/content/drive/MyDrive/ucf_experiments/ciclo_experimental_1/data/data_crop/train/MmUtpm6Z_0-4393d816c9_0_contrast_crop.mp4,0
293,/content/drive/MyDrive/ucf_experiments/ciclo_experimental_1/data/data_blur/train/MOST Shocking CCTV footage (_TwPzPRK7dc)_0-182b17d0cc_0_contrast_blur.mp4,/content/drive/MyDrive/ucf_experiments/ciclo_experimental_1/data/data_crop/train/MOST Shocking CCTV footage (_TwPzPRK7dc)_0-182b17d0cc_0_contrast_crop.mp4,0
294,/content/drive/MyDrive/ucf_experiments/ciclo_experimental_1/data/data_blur/train/MOST Shocking CCTV footage (_TwPzPRK7dc)_1-2e47e09c21_0_contrast_blur.mp4,/content/drive/MyDrive/ucf_experiments/ciclo_experimental_1/data/data_crop/train/MOST Shocking CCTV footage (_TwPzPRK7dc)_1-2e47e09c21_0_contrast_crop.mp4,0
295,/content/drive/MyDrive/ucf_experiments/ciclo_experimental_1/data/data_blur/train/mRqg-WXiR7Q_0-39dc15a7d4_0_contrast_blur.mp4,/content/drive/MyDrive/ucf_experiments/ciclo_experimental_1/data/data_crop/train/mRqg-WXiR7Q_0-39dc15a7d4_0_contrast_crop.mp4,0
296,/content/drive/MyDrive/ucf_experiments/ciclo_experimental_1/data/data_blur/train/muJDFQqbbmA_0-597fc030d8_0_contrast_blur.mp4,/content/drive/MyDrive/ucf_experiments/ciclo_experimental_1/data/data_crop/train/muJDFQqbbmA_0-597fc030d8_0_contrast_crop.mp4,0
297,/content/drive/MyDrive/ucf_experiments/ciclo_experimental_1/data/data_blur/train/muJDFQqbbmA_1-28f2787a53_0_contrast_blur.mp4,/content/drive/MyDrive/ucf_experiments/ciclo_experimental_1/data/data_crop/train/muJDFQqbbmA_1-28f2787a53_0_contrast_crop.mp4,0
298,/content/drive/MyDrive/ucf_experiments/ciclo_experimental_1/data/data_blur/train/Mv3d3zJy_0-d6b258e0c0_0_contrast_blur.mp4,/content/drive/MyDrive/ucf_experiments/ciclo_experimental_1/data/data_crop/train/Mv3d3zJy_0-d6b258e0c0_0_contrast_crop.mp4,0
299,/content/drive/MyDrive/ucf_experiments/ciclo_experimental_1/data/data_blur/train/mVAv7aB5_0-18d4228e21_0_contrast_blur.mp4,/content/drive/MyDrive/ucf_experiments/ciclo_experimental_1/data/data_crop/train/mVAv7aB5_0-18d4228e21_0_contrast_crop.mp4,0
300,/content/drive/MyDrive/ucf_experiments/ciclo_experimental_1/data/data_blur/train/MvYkXHIi_0-df6e54a154_0_contrast_blur.mp4,/content/drive/MyDrive/ucf_experiments/ciclo_experimental_1/data/data_crop/train/MvYkXHIi_0-df6e54a154_0_contrast_crop.mp4,0
301,/content/drive/MyDrive/ucf_experiments/ciclo_experimental_1/data/data_blur/train/MwZvUQRO_0-3938a7394a_0_contrast_blur.mp4,/content/drive/MyDrive/ucf_experiments/ciclo_experimental_1/data/data_crop/train/MwZvUQRO_0-3938a7394a_0_contrast_crop.mp4,0
302,/content/drive/MyDrive/ucf_experiments/ciclo_experimental_1/data/data_blur/train/mx0UXBFc_0-4893f6d6dd_0_contrast_blur.mp4,/content/drive/MyDrive/ucf_experiments/ciclo_experimental_1/data/data_crop/train/mx0UXBFc_0-4893f6d6dd_0_contrast_crop.mp4,0
303,/content/drive/MyDrive/ucf_experiments/ciclo_experimental_1/data/data_blur/train/mX4cQM1xMFc_0-4597815856_0_contrast_blur.mp4,/content/drive/MyDrive/ucf_experiments/ciclo_experimental_1/data/data_crop/train/mX4cQM1xMFc_0-4597815856_0_contrast_crop.mp4,0
304,/content/drive/MyDrive/ucf_experiments/ciclo_experimental_1/data/data_blur/train/MX77f2TD_0-eb8acdbbaa_0_contrast_blur.mp4,/content/drive/MyDrive/ucf_experiments/ciclo_experimental_1/data/data_crop/train/MX77f2TD_0-eb8acdbbaa_0_contrast_crop.mp4,0
305,/content/drive/MyDrive/ucf_experiments/ciclo_experimental_1/data/data_blur/train/N1Q9v-saJ_g_0-f69c7430f9_0_contrast_blur.mp4,/content/drive/MyDrive/ucf_experiments/ciclo_experimental_1/data/data_crop/train/N1Q9v-saJ_g_0-f69c7430f9_0_contrast_crop.mp4,0
306,/content/drive/MyDrive/ucf_experiments/ciclo_experimental_1/data/data_blur/train/ndNHBJbS_0-f76af6c46b_0_contrast_blur.mp4,/content/drive/MyDrive/ucf_experiments/ciclo_experimental_1/data/data_crop/train/ndNHBJbS_0-f76af6c46b_0_contrast_crop.mp4,0
307,/content/drive/MyDrive/ucf_experiments/ciclo_experimental_1/data/data_blur/train/NEUya2Rr_0-ebcacb9ef7_0_contrast_blur.mp4,/content/drive/MyDrive/ucf_experiments/ciclo_experimental_1/data/data_crop/train/NEUya2Rr_0-ebcacb9ef7_0_contrast_crop.mp4,0
308,/content/drive/MyDrive/ucf_experiments/ciclo_experimental_1/data/data_blur/train/niXRLeON_0-2737e379b4_0_contrast_blur.mp4,/content/drive/MyDrive/ucf_experiments/ciclo_experimental_1/data/data_crop/train/niXRLeON_0-2737e379b4_0_contrast_crop.mp4,0
309,/content/drive/MyDrive/ucf_experiments/ciclo_experimental_1/data/data_blur/train/nj9Rc3lY_0-1c5d7a6f82_0_contrast_blur.mp4,/content/drive/MyDrive/ucf_experiments/ciclo_experimental_1/data/data_crop/train/nj9Rc3lY_0-1c5d7a6f82_0_contrast_crop.mp4,0
310,/content/drive/MyDrive/ucf_experiments/ciclo_experimental_1/data/data_blur/train/NmNKzttk_0-24bf8af7e4_0_contrast_blur.mp4,/content/drive/MyDrive/ucf_experiments/ciclo_experimental_1/data/data_crop/train/NmNKzttk_0-24bf8af7e4_0_contrast_crop.mp4,0
311,/content/drive/MyDrive/ucf_experiments/ciclo_experimental_1/data/data_blur/train/NPeKBgURcxI_0-1b4933179d_0_contrast_blur.mp4,/content/drive/MyDrive/ucf_experiments/ciclo_experimental_1/data/data_crop/train/NPeKBgURcxI_0-1b4933179d_0_contrast_crop.mp4,0
312,/content/drive/MyDrive/ucf_experiments/ciclo_experimental_1/data/data_blur/train/NPeKBgURcxI_1-0cdc9fc0bc_0_contrast_blur.mp4,/content/drive/MyDrive/ucf_experiments/ciclo_experimental_1/data/data_crop/train/NPeKBgURcxI_1-0cdc9fc0bc_0_contrast_crop.mp4,0
313,/content/drive/MyDrive/ucf_experiments/ciclo_experimental_1/data/data_blur/train/NPeKBgURcxI_2-79dae3dd32_0_contrast_blur.mp4,/content/drive/MyDrive/ucf_experiments/ciclo_experimental_1/data/data_crop/train/NPeKBgURcxI_2-79dae3dd32_0_contrast_crop.mp4,0
314,/content/drive/MyDrive/ucf_experiments/ciclo_experimental_1/data/data_blur/train/NSdXEN1l_0-70bad827e9_0_contrast_blur.mp4,/content/drive/MyDrive/ucf_experiments/ciclo_experimental_1/data/data_crop/train/NSdXEN1l_0-70bad827e9_0_contrast_crop.mp4,0
315,/content/drive/MyDrive/ucf_experiments/ciclo_experimental_1/data/data_blur/train/NvYo6CS_i_A_0-57c86a5730_0_contrast_blur.mp4,/content/drive/MyDrive/ucf_experiments/ciclo_experimental_1/data/data_crop/train/NvYo6CS_i_A_0-57c86a5730_0_contrast_crop.mp4,0
316,/content/drive/MyDrive/ucf_experiments/ciclo_experimental_1/data/data_blur/train/NvYo6CS_i_A_1-c1a9da027a_0_contrast_blur.mp4,/content/drive/MyDrive/ucf_experiments/ciclo_experimental_1/data/data_crop/train/NvYo6CS_i_A_1-c1a9da027a_0_contrast_crop.mp4,0
317,/content/drive/MyDrive/ucf_experiments/ciclo_experimental_1/data/data_blur/train/NxtwlqSnLbY_0-373c9deecc_0_contrast_blur.mp4,/content/drive/MyDrive/ucf_experiments/ciclo_experimental_1/data/data_crop/train/NxtwlqSnLbY_0-373c9deecc_0_contrast_crop.mp4,0
318,/content/drive/MyDrive/ucf_experiments/ciclo_experimental_1/data/data_blur/train/NxtwlqSnLbY_1-2ff4fae8e0_0_contrast_blur.mp4,/content/drive/MyDrive/ucf_experiments/ciclo_experimental_1/data/data_crop/train/NxtwlqSnLbY_1-2ff4fae8e0_0_contrast_crop.mp4,0
319,/content/drive/MyDrive/ucf_experiments/ciclo_experimental_1/data/data_blur/train/o8sEvktx_0-bf477b4bad_0_contrast_blur.mp4,/content/drive/MyDrive/ucf_experiments/ciclo_experimental_1/data/data_crop/train/o8sEvktx_0-bf477b4bad_0_contrast_crop.mp4,0
320,/content/drive/MyDrive/ucf_experiments/ciclo_experimental_1/data/data_blur/train/oAeudqZD_0-d4d0fd0a42_0_contrast_blur.mp4,/content/drive/MyDrive/ucf_experiments/ciclo_experimental_1/data/data_crop/train/oAeudqZD_0-d4d0fd0a42_0_contrast_crop.mp4,0
321,/content/drive/MyDrive/ucf_experiments/ciclo_experimental_1/data/data_blur/train/OAFsSiyX_0-63d39ff4ff_0_contrast_blur.mp4,/content/drive/MyDrive/ucf_experiments/ciclo_experimental_1/data/data_crop/train/OAFsSiyX_0-63d39ff4ff_0_contrast_crop.mp4,0
322,/content/drive/MyDrive/ucf_experiments/ciclo_experimental_1/data/data_blur/train/OAfV0xPIhZw_0-732699803d_0_contrast_blur.mp4,/content/drive/MyDrive/ucf_experiments/ciclo_experimental_1/data/data_crop/train/OAfV0xPIhZw_0-732699803d_0_contrast_crop.mp4,0
323,/content/drive/MyDrive/ucf_experiments/ciclo_experimental_1/data/data_blur/train/OAfV0xPIhZw_1-0d7652f0d2_0_contrast_blur.mp4,/content/drive/MyDrive/ucf_experiments/ciclo_experimental_1/data/data_crop/train/OAfV0xPIhZw_1-0d7652f0d2_0_contrast_crop.mp4,0
324,/content/drive/MyDrive/ucf_experiments/ciclo_experimental_1/data/data_blur/train/OakN3f1N_0-d5f45f5cbe_0_contrast_blur.mp4,/content/drive/MyDrive/ucf_experiments/ciclo_experimental_1/data/data_crop/train/OakN3f1N_0-d5f45f5cbe_0_contrast_crop.mp4,0
325,/content/drive/MyDrive/ucf_experiments/ciclo_experimental_1/data/data_blur/train/oByKgGBL_0-f5f6e822c7_0_contrast_blur.mp4,/content/drive/MyDrive/ucf_experiments/ciclo_experimental_1/data/data_crop/train/oByKgGBL_0-f5f6e822c7_0_contrast_crop.mp4,0
326,/content/drive/MyDrive/ucf_experiments/ciclo_experimental_1/data/data_blur/train/OCseFRss_0-cf9cfa6785_0_contrast_blur.mp4,/content/drive/MyDrive/ucf_experiments/ciclo_experimental_1/data/data_crop/train/OCseFRss_0-cf9cfa6785_0_contrast_crop.mp4,0
327,/content/drive/MyDrive/ucf_experiments/ciclo_experimental_1/data/data_blur/train/oDGm-DOOyI4_0-bed7ffab6b_0_contrast_blur.mp4,/content/drive/MyDrive/ucf_experiments/ciclo_experimental_1/data/data_crop/train/oDGm-DOOyI4_0-bed7ffab6b_0_contrast_crop.mp4,0
328,/content/drive/MyDrive/ucf_experiments/ciclo_experimental_1/data/data_blur/train/oDGm-DOOyI4_1-5416f8b023_0_contrast_blur.mp4,/content/drive/MyDrive/ucf_experiments/ciclo_experimental_1/data/data_crop/train/oDGm-DOOyI4_1-5416f8b023_0_contrast_crop.mp4,0
329,/content/drive/MyDrive/ucf_experiments/ciclo_experimental_1/data/data_blur/train/oDGm-DOOyI4_2-58a012139d_0_contrast_blur.mp4,/content/drive/MyDrive/ucf_experiments/ciclo_experimental_1/data/data_crop/train/oDGm-DOOyI4_2-58a012139d_0_contrast_crop.mp4,0
330,/content/drive/MyDrive/ucf_experiments/ciclo_experimental_1/data/data_blur/train/oDWNiATJ_0-62babed611_0_contrast_blur.mp4,/content/drive/MyDrive/ucf_experiments/ciclo_experimental_1/data/data_crop/train/oDWNiATJ_0-62babed611_0_contrast_crop.mp4,0
331,/content/drive/MyDrive/ucf_experiments/ciclo_experimental_1/data/data_blur/train/OdxnpEnn_0-d12b138987_0_contrast_blur.mp4,/content/drive/MyDrive/ucf_experiments/ciclo_experimental_1/data/data_crop/train/OdxnpEnn_0-d12b138987_0_contrast_crop.mp4,0
332,/content/drive/MyDrive/ucf_experiments/ciclo_experimental_1/data/data_blur/train/OFwYyouR_0-1a9dadbcf7_0_contrast_blur.mp4,/content/drive/MyDrive/ucf_experiments/ciclo_experimental_1/data/data_crop/train/OFwYyouR_0-1a9dadbcf7_0_contrast_crop.mp4,0
333,/content/drive/MyDrive/ucf_experiments/ciclo_experimental_1/data/data_blur/train/oG3Qxvq0_0-2cee6fe4f6_0_contrast_blur.mp4,/content/drive/MyDrive/ucf_experiments/ciclo_experimental_1/data/data_crop/train/oG3Qxvq0_0-2cee6fe4f6_0_contrast_crop.mp4,0
334,/content/drive/MyDrive/ucf_experiments/ciclo_experimental_1/data/data_blur/train/oIEZ45OCmAw_0-f7bb2b5a15_0_contrast_blur.mp4,/content/drive/MyDrive/ucf_experiments/ciclo_experimental_1/data/data_crop/train/oIEZ45OCmAw_0-f7bb2b5a15_0_contrast_crop.mp4,0
335,/content/drive/MyDrive/ucf_experiments/ciclo_experimental_1/data/data_blur/train/okA8k7rF_0-fad52f4201_0_contrast_blur.mp4,/content/drive/MyDrive/ucf_experiments/ciclo_experimental_1/data/data_crop/train/okA8k7rF_0-fad52f4201_0_contrast_crop.mp4,0
336,/content/drive/MyDrive/ucf_experiments/ciclo_experimental_1/data/data_blur/train/oLs9ckoV_0-09b45a4c09_0_contrast_blur.mp4,/content/drive/MyDrive/ucf_experiments/ciclo_experimental_1/data/data_crop/train/oLs9ckoV_0-09b45a4c09_0_contrast_crop.mp4,0
337,/content/drive/MyDrive/ucf_experiments/ciclo_experimental_1/data/data_blur/train/oMZpqizQ_0-92c5bd15c3_0_contrast_blur.mp4,/content/drive/MyDrive/ucf_experiments/ciclo_experimental_1/data/data_crop/train/oMZpqizQ_0-92c5bd15c3_0_contrast_crop.mp4,0
338,/content/drive/MyDrive/ucf_experiments/ciclo_experimental_1/data/data_blur/train/on2HIPgB_0-b0cfcb18f5_0_contrast_blur.mp4,/content/drive/MyDrive/ucf_experiments/ciclo_experimental_1/data/data_crop/train/on2HIPgB_0-b0cfcb18f5_0_contrast_crop.mp4,0
339,/content/drive/MyDrive/ucf_experiments/ciclo_experimental_1/data/data_blur/train/OTVE3eLAuUM_0-b7fc3e1a05_0_contrast_blur.mp4,/content/drive/MyDrive/ucf_experiments/ciclo_experimental_1/data/data_crop/train/OTVE3eLAuUM_0-b7fc3e1a05_0_contrast_crop.mp4,0
340,/content/drive/MyDrive/ucf_experiments/ciclo_experimental_1/data/data_blur/train/OTVE3eLAuUM_1-3f4ce1a12a_0_contrast_blur.mp4,/content/drive/MyDrive/ucf_experiments/ciclo_experimental_1/data/data_crop/train/OTVE3eLAuUM_1-3f4ce1a12a_0_contrast_crop.mp4,0
341,/content/drive/MyDrive/ucf_experiments/ciclo_experimental_1/data/data_blur/train/OTVE3eLAuUM_2-d602a91a4a_0_contrast_blur.mp4,/content/drive/MyDrive/ucf_experiments/ciclo_experimental_1/data/data_crop/train/OTVE3eLAuUM_2-d602a91a4a_0_contrast_crop.mp4,0
342,/content/drive/MyDrive/ucf_experiments/ciclo_experimental_1/data/data_blur/train/OU7AM5fv_0-764dd1e801_0_contrast_blur.mp4,/content/drive/MyDrive/ucf_experiments/ciclo_experimental_1/data/data_crop/train/OU7AM5fv_0-764dd1e801_0_contrast_crop.mp4,0
343,/content/drive/MyDrive/ucf_experiments/ciclo_experimental_1/data/data_blur/train/oUqxGhTe_0-ad4b3424b3_0_contrast_blur.mp4,/content/drive/MyDrive/ucf_experiments/ciclo_experimental_1/data/data_crop/train/oUqxGhTe_0-ad4b3424b3_0_contrast_crop.mp4,0
344,/content/drive/MyDrive/ucf_experiments/ciclo_experimental_1/data/data_blur/train/oVMhWJIpHnc_0-0ed65b697d_0_contrast_blur.mp4,/content/drive/MyDrive/ucf_experiments/ciclo_experimental_1/data/data_crop/train/oVMhWJIpHnc_0-0ed65b697d_0_contrast_crop.mp4,0
345,/content/drive/MyDrive/ucf_experiments/ciclo_experimental_1/data/data_blur/train/oVMhWJIpHnc_1-11eca97e4b_0_contrast_blur.mp4,/content/drive/MyDrive/ucf_experiments/ciclo_experimental_1/data/data_crop/train/oVMhWJIpHnc_1-11eca97e4b_0_contrast_crop.mp4,0
346,/content/drive/MyDrive/ucf_experiments/ciclo_experimental_1/data/data_blur/train/oVMhWJIpHnc_2-156ea82d3e_0_contrast_blur.mp4,/content/drive/MyDrive/ucf_experiments/ciclo_experimental_1/data/data_crop/train/oVMhWJIpHnc_2-156ea82d3e_0_contrast_crop.mp4,0
347,/content/drive/MyDrive/ucf_experiments/ciclo_experimental_1/data/data_blur/train/oW8ySS0rN4Y_0-5dc1b9bee1_0_contrast_blur.mp4,/content/drive/MyDrive/ucf_experiments/ciclo_experimental_1/data/data_crop/train/oW8ySS0rN4Y_0-5dc1b9bee1_0_contrast_crop.mp4,0
348,/content/drive/MyDrive/ucf_experiments/ciclo_experimental_1/data/data_blur/train/oYFVr2kK_0-4e255c8915_0_contrast_blur.mp4,/content/drive/MyDrive/ucf_experiments/ciclo_experimental_1/data/data_crop/train/oYFVr2kK_0-4e255c8915_0_contrast_crop.mp4,0
349,/content/drive/MyDrive/ucf_experiments/ciclo_experimental_1/data/data_blur/train/OznqyUJq_0-c400133708_0_contrast_blur.mp4,/content/drive/MyDrive/ucf_experiments/ciclo_experimental_1/data/data_crop/train/OznqyUJq_0-c400133708_0_contrast_crop.mp4,0
350,/content/drive/MyDrive/ucf_experiments/ciclo_experimental_1/data/data_blur/train/p19HiyCX7EQ_0-cea34697c7_0_contrast_blur.mp4,/content/drive/MyDrive/ucf_experiments/ciclo_experimental_1/data/data_crop/train/p19HiyCX7EQ_0-cea34697c7_0_contrast_crop.mp4,0
351,/content/drive/MyDrive/ucf_experiments/ciclo_experimental_1/data/data_blur/train/P8jyDT3M_0-27e62d3028_0_contrast_blur.mp4,/content/drive/MyDrive/ucf_experiments/ciclo_experimental_1/data/data_crop/train/P8jyDT3M_0-27e62d3028_0_contrast_crop.mp4,0
352,/content/drive/MyDrive/ucf_experiments/ciclo_experimental_1/data/data_blur/train/p9d6QmKh_0-d46d6e25eb_0_contrast_blur.mp4,/content/drive/MyDrive/ucf_experiments/ciclo_experimental_1/data/data_crop/train/p9d6QmKh_0-d46d6e25eb_0_contrast_crop.mp4,0
353,/content/drive/MyDrive/ucf_experiments/ciclo_experimental_1/data/data_blur/train/Pe1uIhp4dAQ_0-1cbfd11998_0_contrast_blur.mp4,/content/drive/MyDrive/ucf_experiments/ciclo_experimental_1/data/data_crop/train/Pe1uIhp4dAQ_0-1cbfd11998_0_contrast_crop.mp4,0
354,/content/drive/MyDrive/ucf_experiments/ciclo_experimental_1/data/data_blur/train/Pe1uIhp4dAQ_1-0f5b5fb19e_0_contrast_blur.mp4,/content/drive/MyDrive/ucf_experiments/ciclo_experimental_1/data/data_crop/train/Pe1uIhp4dAQ_1-0f5b5fb19e_0_contrast_crop.mp4,0
355,/content/drive/MyDrive/ucf_experiments/ciclo_experimental_1/data/data_blur/train/PFw7SeFOD04_0-f2be82766d_0_contrast_blur.mp4,/content/drive/MyDrive/ucf_experiments/ciclo_experimental_1/data/data_crop/train/PFw7SeFOD04_0-f2be82766d_0_contrast_crop.mp4,0
356,/content/drive/MyDrive/ucf_experiments/ciclo_experimental_1/data/data_blur/train/PFw7SeFOD04_1-ec0e9ad3ee_0_contrast_blur.mp4,/content/drive/MyDrive/ucf_experiments/ciclo_experimental_1/data/data_crop/train/PFw7SeFOD04_1-ec0e9ad3ee_0_contrast_crop.mp4,0
357,/content/drive/MyDrive/ucf_experiments/ciclo_experimental_1/data/data_blur/train/pHiqIppg_0-8a6c99b0e3_0_contrast_blur.mp4,/content/drive/MyDrive/ucf_experiments/ciclo_experimental_1/data/data_crop/train/pHiqIppg_0-8a6c99b0e3_0_contrast_crop.mp4,0
358,/content/drive/MyDrive/ucf_experiments/ciclo_experimental_1/data/data_blur/train/pinuwjwm_0-6221c330bf_0_contrast_blur.mp4,/content/drive/MyDrive/ucf_experiments/ciclo_experimental_1/data/data_crop/train/pinuwjwm_0-6221c330bf_0_contrast_crop.mp4,0
359,/content/drive/MyDrive/ucf_experiments/ciclo_experimental_1/data/data_blur/train/PJDdPv2b9-s_0-a7c818aed6_0_contrast_blur.mp4,/content/drive/MyDrive/ucf_experiments/ciclo_experimental_1/data/data_crop/train/PJDdPv2b9-s_0-a7c818aed6_0_contrast_crop.mp4,0
360,/content/drive/MyDrive/ucf_experiments/ciclo_experimental_1/data/data_blur/train/PJDdPv2b9-s_1-e509a7f7e2_0_contrast_blur.mp4,/content/drive/MyDrive/ucf_experiments/ciclo_experimental_1/data/data_crop/train/PJDdPv2b9-s_1-e509a7f7e2_0_contrast_crop.mp4,0
361,/content/drive/MyDrive/ucf_experiments/ciclo_experimental_1/data/data_blur/train/pKOUG5AqLpY_0-6499338c2f_0_contrast_blur.mp4,/content/drive/MyDrive/ucf_experiments/ciclo_experimental_1/data/data_crop/train/pKOUG5AqLpY_0-6499338c2f_0_contrast_crop.mp4,0
362,/content/drive/MyDrive/ucf_experiments/ciclo_experimental_1/data/data_blur/train/pKOUG5AqLpY_1-7220678281_0_contrast_blur.mp4,/content/drive/MyDrive/ucf_experiments/ciclo_experimental_1/data/data_crop/train/pKOUG5AqLpY_1-7220678281_0_contrast_crop.mp4,0
363,/content/drive/MyDrive/ucf_experiments/ciclo_experimental_1/data/data_blur/train/pLb6Zimq_0-666fe76152_0_contrast_blur.mp4,/content/drive/MyDrive/ucf_experiments/ciclo_experimental_1/data/data_crop/train/pLb6Zimq_0-666fe76152_0_contrast_crop.mp4,0
364,/content/drive/MyDrive/ucf_experiments/ciclo_experimental_1/data/data_blur/train/PNoO9WGJ_0-b664ba914c_0_contrast_blur.mp4,/content/drive/MyDrive/ucf_experiments/ciclo_experimental_1/data/data_crop/train/PNoO9WGJ_0-b664ba914c_0_contrast_crop.mp4,0
365,/content/drive/MyDrive/ucf_experiments/ciclo_experimental_1/data/data_blur/train/PqB7UvdW_0-fb4c264208_0_contrast_blur.mp4,/content/drive/MyDrive/ucf_experiments/ciclo_experimental_1/data/data_crop/train/PqB7UvdW_0-fb4c264208_0_contrast_crop.mp4,0
366,/content/drive/MyDrive/ucf_experiments/ciclo_experimental_1/data/data_blur/train/pqvGKGz7_0-a8c6acac73_0_contrast_blur.mp4,/content/drive/MyDrive/ucf_experiments/ciclo_experimental_1/data/data_crop/train/pqvGKGz7_0-a8c6acac73_0_contrast_crop.mp4,0
367,/content/drive/MyDrive/ucf_experiments/ciclo_experimental_1/data/data_blur/train/pr8yRPMO_0-4f8faa556f_0_contrast_blur.mp4,/content/drive/MyDrive/ucf_experiments/ciclo_experimental_1/data/data_crop/train/pr8yRPMO_0-4f8faa556f_0_contrast_crop.mp4,0
368,/content/drive/MyDrive/ucf_experiments/ciclo_experimental_1/data/data_blur/train/PTy2vx8Ejas_0-f97f0a204c_0_contrast_blur.mp4,/content/drive/MyDrive/ucf_experiments/ciclo_experimental_1/data/data_crop/train/PTy2vx8Ejas_0-f97f0a204c_0_contrast_crop.mp4,0
369,/content/drive/MyDrive/ucf_experiments/ciclo_experimental_1/data/data_blur/train/pU9BTy7h_0-4e74fa0dd1_0_contrast_blur.mp4,/content/drive/MyDrive/ucf_experiments/ciclo_experimental_1/data/data_crop/train/pU9BTy7h_0-4e74fa0dd1_0_contrast_crop.mp4,0
370,/content/drive/MyDrive/ucf_experiments/ciclo_experimental_1/data/data_blur/train/PxhG17WC_0-2dc8f2c916_0_contrast_blur.mp4,/content/drive/MyDrive/ucf_experiments/ciclo_experimental_1/data/data_crop/train/PxhG17WC_0-2dc8f2c916_0_contrast_crop.mp4,0
371,/content/drive/MyDrive/ucf_experiments/ciclo_experimental_1/data/data_blur/train/q2yEYFD5_0-901865f91d_0_contrast_blur.mp4,/content/drive/MyDrive/ucf_experiments/ciclo_experimental_1/data/data_crop/train/q2yEYFD5_0-901865f91d_0_contrast_crop.mp4,0
372,/content/drive/MyDrive/ucf_experiments/ciclo_experimental_1/data/data_blur/train/q78eIX56_0-be3b2ac2ca_0_contrast_blur.mp4,/content/drive/MyDrive/ucf_experiments/ciclo_experimental_1/data/data_crop/train/q78eIX56_0-be3b2ac2ca_0_contrast_crop.mp4,0
373,/content/drive/MyDrive/ucf_experiments/ciclo_experimental_1/data/data_blur/train/Q876qiBJYfA_0-18f9111670_0_contrast_blur.mp4,/content/drive/MyDrive/ucf_experiments/ciclo_experimental_1/data/data_crop/train/Q876qiBJYfA_0-18f9111670_0_contrast_crop.mp4,0
374,/content/drive/MyDrive/ucf_experiments/ciclo_experimental_1/data/data_blur/train/Q876qiBJYfA_1-882e95f31a_0_contrast_blur.mp4,/content/drive/MyDrive/ucf_experiments/ciclo_experimental_1/data/data_crop/train/Q876qiBJYfA_1-882e95f31a_0_contrast_crop.mp4,0
375,/content/drive/MyDrive/ucf_experiments/ciclo_experimental_1/data/data_blur/train/Q876qiBJYfA_2-0bc6a9d9f9_0_contrast_blur.mp4,/content/drive/MyDrive/ucf_experiments/ciclo_experimental_1/data/data_crop/train/Q876qiBJYfA_2-0bc6a9d9f9_0_contrast_crop.mp4,0
376,/content/drive/MyDrive/ucf_experiments/ciclo_experimental_1/data/data_blur/train/QCgEbCBH_0-c7ad5d2d52_0_contrast_blur.mp4,/content/drive/MyDrive/ucf_experiments/ciclo_experimental_1/data/data_crop/train/QCgEbCBH_0-c7ad5d2d52_0_contrast_crop.mp4,0
377,/content/drive/MyDrive/ucf_experiments/ciclo_experimental_1/data/data_blur/train/qEeRHumV_0-9d066dbd0b_0_contrast_blur.mp4,/content/drive/MyDrive/ucf_experiments/ciclo_experimental_1/data/data_crop/train/qEeRHumV_0-9d066dbd0b_0_contrast_crop.mp4,0
378,/content/drive/MyDrive/ucf_experiments/ciclo_experimental_1/data/data_blur/train/qIRZ4SMf_0-b613262f0e_0_contrast_blur.mp4,/content/drive/MyDrive/ucf_experiments/ciclo_experimental_1/data/data_crop/train/qIRZ4SMf_0-b613262f0e_0_contrast_crop.mp4,0
379,/content/drive/MyDrive/ucf_experiments/ciclo_experimental_1/data/data_blur/train/qmvilMkD57M_0-86cbf15444_0_contrast_blur.mp4,/content/drive/MyDrive/ucf_experiments/ciclo_experimental_1/data/data_crop/train/qmvilMkD57M_0-86cbf15444_0_contrast_crop.mp4,0
380,/content/drive/MyDrive/ucf_experiments/ciclo_experimental_1/data/data_blur/train/qmvilMkD57M_1-5b5c7bba7a_0_contrast_blur.mp4,/content/drive/MyDrive/ucf_experiments/ciclo_experimental_1/data/data_crop/train/qmvilMkD57M_1-5b5c7bba7a_0_contrast_crop.mp4,0
381,/content/drive/MyDrive/ucf_experiments/ciclo_experimental_1/data/data_blur/train/qnpure5G_0-bd4a753a08_0_contrast_blur.mp4,/content/drive/MyDrive/ucf_experiments/ciclo_experimental_1/data/data_crop/train/qnpure5G_0-bd4a753a08_0_contrast_crop.mp4,0
382,/content/drive/MyDrive/ucf_experiments/ciclo_experimental_1/data/data_blur/train/Qqfn1urQ_0-d7a5f9c6ea_0_contrast_blur.mp4,/content/drive/MyDrive/ucf_experiments/ciclo_experimental_1/data/data_crop/train/Qqfn1urQ_0-d7a5f9c6ea_0_contrast_crop.mp4,0
383,/content/drive/MyDrive/ucf_experiments/ciclo_experimental_1/data/data_blur/train/qrBAhb8K_0-585c30f44f_0_contrast_blur.mp4,/content/drive/MyDrive/ucf_experiments/ciclo_experimental_1/data/data_crop/train/qrBAhb8K_0-585c30f44f_0_contrast_crop.mp4,0
384,/content/drive/MyDrive/ucf_experiments/ciclo_experimental_1/data/data_blur/train/qrWTk-2a13o_0-63dbd18775_0_contrast_blur.mp4,/content/drive/MyDrive/ucf_experiments/ciclo_experimental_1/data/data_crop/train/qrWTk-2a13o_0-63dbd18775_0_contrast_crop.mp4,0
385,/content/drive/MyDrive/ucf_experiments/ciclo_experimental_1/data/data_blur/train/qrWTk-2a13o_1-d3a8801f34_0_contrast_blur.mp4,/content/drive/MyDrive/ucf_experiments/ciclo_experimental_1/data/data_crop/train/qrWTk-2a13o_1-d3a8801f34_0_contrast_crop.mp4,0
386,/content/drive/MyDrive/ucf_experiments/ciclo_experimental_1/data/data_blur/train/qrWTk-2a13o_2-165612c1d4_0_contrast_blur.mp4,/content/drive/MyDrive/ucf_experiments/ciclo_experimental_1/data/data_crop/train/qrWTk-2a13o_2-165612c1d4_0_contrast_crop.mp4,0
387,/content/drive/MyDrive/ucf_experiments/ciclo_experimental_1/data/data_blur/train/QUGT4a6qcJs_0-c021c06892_0_contrast_blur.mp4,/content/drive/MyDrive/ucf_experiments/ciclo_experimental_1/data/data_crop/train/QUGT4a6qcJs_0-c021c06892_0_contrast_crop.mp4,0
388,/content/drive/MyDrive/ucf_experiments/ciclo_experimental_1/data/data_blur/train/QzNWGaQi_0-cfca34489f_0_contrast_blur.mp4,/content/drive/MyDrive/ucf_experiments/ciclo_experimental_1/data/data_crop/train/QzNWGaQi_0-cfca34489f_0_contrast_crop.mp4,0
389,/content/drive/MyDrive/ucf_experiments/ciclo_experimental_1/data/data_blur/train/R1A_AxUKosk_0-80fc0c9c52_0_contrast_blur.mp4,/content/drive/MyDrive/ucf_experiments/ciclo_experimental_1/data/data_crop/train/R1A_AxUKosk_0-80fc0c9c52_0_contrast_crop.mp4,0
390,/content/drive/MyDrive/ucf_experiments/ciclo_experimental_1/data/data_blur/train/R1A_AxUKosk_1-594143ab1a_0_contrast_blur.mp4,/content/drive/MyDrive/ucf_experiments/ciclo_experimental_1/data/data_crop/train/R1A_AxUKosk_1-594143ab1a_0_contrast_crop.mp4,0
391,/content/drive/MyDrive/ucf_experiments/ciclo_experimental_1/data/data_blur/train/R2x2rOWh_0-5ebc2d1763_0_contrast_blur.mp4,/content/drive/MyDrive/ucf_experiments/ciclo_experimental_1/data/data_crop/train/R2x2rOWh_0-5ebc2d1763_0_contrast_crop.mp4,0
392,/content/drive/MyDrive/ucf_experiments/ciclo_experimental_1/data/data_blur/train/r8PX3ZJ1_II_0-e1ca548273_0_contrast_blur.mp4,/content/drive/MyDrive/ucf_experiments/ciclo_experimental_1/data/data_crop/train/r8PX3ZJ1_II_0-e1ca548273_0_contrast_crop.mp4,0
393,/content/drive/MyDrive/ucf_experiments/ciclo_experimental_1/data/data_blur/train/rbByyS4o_0-88ea758a77_0_contrast_blur.mp4,/content/drive/MyDrive/ucf_experiments/ciclo_experimental_1/data/data_crop/train/rbByyS4o_0-88ea758a77_0_contrast_crop.mp4,0
394,/content/drive/MyDrive/ucf_experiments/ciclo_experimental_1/data/data_blur/train/RbpXgk5M1S0_0-f0665993d8_0_contrast_blur.mp4,/content/drive/MyDrive/ucf_experiments/ciclo_experimental_1/data/data_crop/train/RbpXgk5M1S0_0-f0665993d8_0_contrast_crop.mp4,0
395,/content/drive/MyDrive/ucf_experiments/ciclo_experimental_1/data/data_blur/train/RbpXgk5M1S0_1-2a9312afae_0_contrast_blur.mp4,/content/drive/MyDrive/ucf_experiments/ciclo_experimental_1/data/data_crop/train/RbpXgk5M1S0_1-2a9312afae_0_contrast_crop.mp4,0
396,/content/drive/MyDrive/ucf_experiments/ciclo_experimental_1/data/data_blur/train/RbpXgk5M1S0_2-e239b87eca_0_contrast_blur.mp4,/content/drive/MyDrive/ucf_experiments/ciclo_experimental_1/data/data_crop/train/RbpXgk5M1S0_2-e239b87eca_0_contrast_crop.mp4,0
397,/content/drive/MyDrive/ucf_experiments/ciclo_experimental_1/data/data_blur/train/RFAA8QO7_0-8ff7818fe8_0_contrast_blur.mp4,/content/drive/MyDrive/ucf_experiments/ciclo_experimental_1/data/data_crop/train/RFAA8QO7_0-8ff7818fe8_0_contrast_crop.mp4,0
398,/content/drive/MyDrive/ucf_experiments/ciclo_experimental_1/data/data_blur/train/RfFGwwhG_0-56b330d7b1_0_contrast_blur.mp4,/content/drive/MyDrive/ucf_experiments/ciclo_experimental_1/data/data_crop/train/RfFGwwhG_0-56b330d7b1_0_contrast_crop.mp4,0
399,/content/drive/MyDrive/ucf_experiments/ciclo_experimental_1/data/data_blur/train/RfqBhe5z_0-7dff0a1eb3_0_contrast_blur.mp4,/content/drive/MyDrive/ucf_experiments/ciclo_experimental_1/data/data_crop/train/RfqBhe5z_0-7dff0a1eb3_0_contrast_crop.mp4,0
400,/content/drive/MyDrive/ucf_experiments/ciclo_experimental_1/data/data_blur/train/RFUr2krY_0-4492251577_0_contrast_blur.mp4,/content/drive/MyDrive/ucf_experiments/ciclo_experimental_1/data/data_crop/train/RFUr2krY_0-4492251577_0_contrast_crop.mp4,0
401,/content/drive/MyDrive/ucf_experiments/ciclo_experimental_1/data/data_blur/train/RGIpCpdlzI8_0-bfd4ec51f9_0_contrast_blur.mp4,/content/drive/MyDrive/ucf_experiments/ciclo_experimental_1/data/data_crop/train/RGIpCpdlzI8_0-bfd4ec51f9_0_contrast_crop.mp4,0
402,/content/drive/MyDrive/ucf_experiments/ciclo_experimental_1/data/data_blur/train/RGIpCpdlzI8_1-8bb0bcf407_0_contrast_blur.mp4,/content/drive/MyDrive/ucf_experiments/ciclo_experimental_1/data/data_crop/train/RGIpCpdlzI8_1-8bb0bcf407_0_contrast_crop.mp4,0
403,/content/drive/MyDrive/ucf_experiments/ciclo_experimental_1/data/data_blur/train/Ri_poPbOu-k_0-838a6069a7_0_contrast_blur.mp4,/content/drive/MyDrive/ucf_experiments/ciclo_experimental_1/data/data_crop/train/Ri_poPbOu-k_0-838a6069a7_0_contrast_crop.mp4,0
404,/content/drive/MyDrive/ucf_experiments/ciclo_experimental_1/data/data_blur/train/Ri_poPbOu-k_1-a3ff069e3c_0_contrast_blur.mp4,/content/drive/MyDrive/ucf_experiments/ciclo_experimental_1/data/data_crop/train/Ri_poPbOu-k_1-a3ff069e3c_0_contrast_crop.mp4,0
405,/content/drive/MyDrive/ucf_experiments/ciclo_experimental_1/data/data_blur/train/Ri_poPbOu-k_2-cb8a7a0817_0_contrast_blur.mp4,/content/drive/MyDrive/ucf_experiments/ciclo_experimental_1/data/data_crop/train/Ri_poPbOu-k_2-cb8a7a0817_0_contrast_crop.mp4,0
406,/content/drive/MyDrive/ucf_experiments/ciclo_experimental_1/data/data_blur/train/rjHXmq47_0-9f70d1782c_0_contrast_blur.mp4,/content/drive/MyDrive/ucf_experiments/ciclo_experimental_1/data/data_crop/train/rjHXmq47_0-9f70d1782c_0_contrast_crop.mp4,0
407,/content/drive/MyDrive/ucf_experiments/ciclo_experimental_1/data/data_blur/train/RNOSWjgC_0-cad166db21_0_contrast_blur.mp4,/content/drive/MyDrive/ucf_experiments/ciclo_experimental_1/data/data_crop/train/RNOSWjgC_0-cad166db21_0_contrast_crop.mp4,0
408,/content/drive/MyDrive/ucf_experiments/ciclo_experimental_1/data/data_blur/train/rp9hJAQE_0-ba53abf000_0_contrast_blur.mp4,/content/drive/MyDrive/ucf_experiments/ciclo_experimental_1/data/data_crop/train/rp9hJAQE_0-ba53abf000_0_contrast_crop.mp4,0
409,/content/drive/MyDrive/ucf_experiments/ciclo_experimental_1/data/data_blur/train/RPESrVE2_0-58a80119f0_0_contrast_blur.mp4,/content/drive/MyDrive/ucf_experiments/ciclo_experimental_1/data/data_crop/train/RPESrVE2_0-58a80119f0_0_contrast_crop.mp4,0
410,/content/drive/MyDrive/ucf_experiments/ciclo_experimental_1/data/data_blur/train/RQbYptdw_0-52f13c7303_0_contrast_blur.mp4,/content/drive/MyDrive/ucf_experiments/ciclo_experimental_1/data/data_crop/train/RQbYptdw_0-52f13c7303_0_contrast_crop.mp4,0
411,/content/drive/MyDrive/ucf_experiments/ciclo_experimental_1/data/data_blur/train/RR23nrP0_0-ec64efaa64_0_contrast_blur.mp4,/content/drive/MyDrive/ucf_experiments/ciclo_experimental_1/data/data_crop/train/RR23nrP0_0-ec64efaa64_0_contrast_crop.mp4,0
412,/content/drive/MyDrive/ucf_experiments/ciclo_experimental_1/data/data_blur/train/rRbZUKgk_0-e6859fa65d_0_contrast_blur.mp4,/content/drive/MyDrive/ucf_experiments/ciclo_experimental_1/data/data_crop/train/rRbZUKgk_0-e6859fa65d_0_contrast_crop.mp4,0
413,/content/drive/MyDrive/ucf_experiments/ciclo_experimental_1/data/data_blur/train/rSGIFH7n_0-5508556609_0_contrast_blur.mp4,/content/drive/MyDrive/ucf_experiments/ciclo_experimental_1/data/data_crop/train/rSGIFH7n_0-5508556609_0_contrast_crop.mp4,0
414,/content/drive/MyDrive/ucf_experiments/ciclo_experimental_1/data/data_blur/train/rSumd9HEmrA_0-bf5d3c1282_0_contrast_blur.mp4,/content/drive/MyDrive/ucf_experiments/ciclo_experimental_1/data/data_crop/train/rSumd9HEmrA_0-bf5d3c1282_0_contrast_crop.mp4,0
415,/content/drive/MyDrive/ucf_experiments/ciclo_experimental_1/data/data_blur/train/RUwo8c4s_0-11bfc567e6_0_contrast_blur.mp4,/content/drive/MyDrive/ucf_experiments/ciclo_experimental_1/data/data_crop/train/RUwo8c4s_0-11bfc567e6_0_contrast_crop.mp4,0
416,/content/drive/MyDrive/ucf_experiments/ciclo_experimental_1/data/data_blur/train/RVV3lolZ_0-134950683d_0_contrast_blur.mp4,/content/drive/MyDrive/ucf_experiments/ciclo_experimental_1/data/data_crop/train/RVV3lolZ_0-134950683d_0_contrast_crop.mp4,0
417,/content/drive/MyDrive/ucf_experiments/ciclo_experimental_1/data/data_blur/train/rYE6iUUF_0-3162aad286_0_contrast_blur.mp4,/content/drive/MyDrive/ucf_experiments/ciclo_experimental_1/data/data_crop/train/rYE6iUUF_0-3162aad286_0_contrast_crop.mp4,0
418,/content/drive/MyDrive/ucf_experiments/ciclo_experimental_1/data/data_blur/train/s-jW4cyavW0_0-e0fc7cd4a0_0_contrast_blur.mp4,/content/drive/MyDrive/ucf_experiments/ciclo_experimental_1/data/data_crop/train/s-jW4cyavW0_0-e0fc7cd4a0_0_contrast_crop.mp4,0
419,/content/drive/MyDrive/ucf_experiments/ciclo_experimental_1/data/data_blur/train/s-jW4cyavW0_1-a4392b2a33_0_contrast_blur.mp4,/content/drive/MyDrive/ucf_experiments/ciclo_experimental_1/data/data_crop/train/s-jW4cyavW0_1-a4392b2a33_0_contrast_crop.mp4,0
420,/content/drive/MyDrive/ucf_experiments/ciclo_experimental_1/data/data_blur/train/s2S2nIWk_0-9159f553fd_0_contrast_blur.mp4,/content/drive/MyDrive/ucf_experiments/ciclo_experimental_1/data/data_crop/train/s2S2nIWk_0-9159f553fd_0_contrast_crop.mp4,0
421,/content/drive/MyDrive/ucf_experiments/ciclo_experimental_1/data/data_blur/train/S5dmvVF4_0-f5a892462b_0_contrast_blur.mp4,/content/drive/MyDrive/ucf_experiments/ciclo_experimental_1/data/data_crop/train/S5dmvVF4_0-f5a892462b_0_contrast_crop.mp4,0
422,/content/drive/MyDrive/ucf_experiments/ciclo_experimental_1/data/data_blur/train/s83GiLts_0-a9ad71b61b_0_contrast_blur.mp4,/content/drive/MyDrive/ucf_experiments/ciclo_experimental_1/data/data_crop/train/s83GiLts_0-a9ad71b61b_0_contrast_crop.mp4,0
423,/content/drive/MyDrive/ucf_experiments/ciclo_experimental_1/data/data_blur/train/SaIUKN4N_0-74d6af68e9_0_contrast_blur.mp4,/content/drive/MyDrive/ucf_experiments/ciclo_experimental_1/data/data_crop/train/SaIUKN4N_0-74d6af68e9_0_contrast_crop.mp4,0
424,/content/drive/MyDrive/ucf_experiments/ciclo_experimental_1/data/data_blur/train/SCnBiAteLVI_0-44601a7c8d_0_contrast_blur.mp4,/content/drive/MyDrive/ucf_experiments/ciclo_experimental_1/data/data_crop/train/SCnBiAteLVI_0-44601a7c8d_0_contrast_crop.mp4,0
425,/content/drive/MyDrive/ucf_experiments/ciclo_experimental_1/data/data_blur/train/SCnBiAteLVI_1-6662a5468f_0_contrast_blur.mp4,/content/drive/MyDrive/ucf_experiments/ciclo_experimental_1/data/data_crop/train/SCnBiAteLVI_1-6662a5468f_0_contrast_crop.mp4,0
426,/content/drive/MyDrive/ucf_experiments/ciclo_experimental_1/data/data_blur/train/SCnBiAteLVI_2-20d6130388_0_contrast_blur.mp4,/content/drive/MyDrive/ucf_experiments/ciclo_experimental_1/data/data_crop/train/SCnBiAteLVI_2-20d6130388_0_contrast_crop.mp4,0
427,/content/drive/MyDrive/ucf_experiments/ciclo_experimental_1/data/data_blur/train/sHa6YZW9_0-439bf2403a_0_contrast_blur.mp4,/content/drive/MyDrive/ucf_experiments/ciclo_experimental_1/data/data_crop/train/sHa6YZW9_0-439bf2403a_0_contrast_crop.mp4,0
428,/content/drive/MyDrive/ucf_experiments/ciclo_experimental_1/data/data_blur/train/sIbVwIO0_0-52d2e9a3ca_0_contrast_blur.mp4,/content/drive/MyDrive/ucf_experiments/ciclo_experimental_1/data/data_crop/train/sIbVwIO0_0-52d2e9a3ca_0_contrast_crop.mp4,0
429,/content/drive/MyDrive/ucf_experiments/ciclo_experimental_1/data/data_blur/train/SJ9WphBI_0-1daaee337d_0_contrast_blur.mp4,/content/drive/MyDrive/ucf_experiments/ciclo_experimental_1/data/data_crop/train/SJ9WphBI_0-1daaee337d_0_contrast_crop.mp4,0
430,/content/drive/MyDrive/ucf_experiments/ciclo_experimental_1/data/data_blur/train/skycjZcE_0-407c657420_0_contrast_blur.mp4,/content/drive/MyDrive/ucf_experiments/ciclo_experimental_1/data/data_crop/train/skycjZcE_0-407c657420_0_contrast_crop.mp4,0
431,/content/drive/MyDrive/ucf_experiments/ciclo_experimental_1/data/data_blur/train/sLOqgf6N_0-16d8cec7d7_0_contrast_blur.mp4,/content/drive/MyDrive/ucf_experiments/ciclo_experimental_1/data/data_crop/train/sLOqgf6N_0-16d8cec7d7_0_contrast_crop.mp4,0
432,/content/drive/MyDrive/ucf_experiments/ciclo_experimental_1/data/data_blur/train/snhUvpXC_0-8a79d2e1eb_0_contrast_blur.mp4,/content/drive/MyDrive/ucf_experiments/ciclo_experimental_1/data/data_crop/train/snhUvpXC_0-8a79d2e1eb_0_contrast_crop.mp4,0
433,/content/drive/MyDrive/ucf_experiments/ciclo_experimental_1/data/data_blur/train/sPd5Wmkc_0-df3ad94947_0_contrast_blur.mp4,/content/drive/MyDrive/ucf_experiments/ciclo_experimental_1/data/data_crop/train/sPd5Wmkc_0-df3ad94947_0_contrast_crop.mp4,0
434,/content/drive/MyDrive/ucf_experiments/ciclo_experimental_1/data/data_blur/train/sq03O3JL_0-cdc38b7f9c_0_contrast_blur.mp4,/content/drive/MyDrive/ucf_experiments/ciclo_experimental_1/data/data_crop/train/sq03O3JL_0-cdc38b7f9c_0_contrast_crop.mp4,0
435,/content/drive/MyDrive/ucf_experiments/ciclo_experimental_1/data/data_blur/train/Suv_mMs8J9g_0-0c7a335fad_0_contrast_blur.mp4,/content/drive/MyDrive/ucf_experiments/ciclo_experimental_1/data/data_crop/train/Suv_mMs8J9g_0-0c7a335fad_0_contrast_crop.mp4,0
436,/content/drive/MyDrive/ucf_experiments/ciclo_experimental_1/data/data_blur/train/SVdz24hD_0-12ffc7935e_0_contrast_blur.mp4,/content/drive/MyDrive/ucf_experiments/ciclo_experimental_1/data/data_crop/train/SVdz24hD_0-12ffc7935e_0_contrast_crop.mp4,0
437,/content/drive/MyDrive/ucf_experiments/ciclo_experimental_1/data/data_blur/train/Swr7caI0_0-b010097a69_0_contrast_blur.mp4,/content/drive/MyDrive/ucf_experiments/ciclo_experimental_1/data/data_crop/train/Swr7caI0_0-b010097a69_0_contrast_crop.mp4,0
438,/content/drive/MyDrive/ucf_experiments/ciclo_experimental_1/data/data_blur/train/sy7BoRGE_0-fffed3d7d3_0_contrast_blur.mp4,/content/drive/MyDrive/ucf_experiments/ciclo_experimental_1/data/data_crop/train/sy7BoRGE_0-fffed3d7d3_0_contrast_crop.mp4,0
439,/content/drive/MyDrive/ucf_experiments/ciclo_experimental_1/data/data_blur/train/sYGIUeBX_0-1308a0303c_0_contrast_blur.mp4,/content/drive/MyDrive/ucf_experiments/ciclo_experimental_1/data/data_crop/train/sYGIUeBX_0-1308a0303c_0_contrast_crop.mp4,0
440,/content/drive/MyDrive/ucf_experiments/ciclo_experimental_1/data/data_blur/train/TfDHgxDm_0-c1ede0d683_0_contrast_blur.mp4,/content/drive/MyDrive/ucf_experiments/ciclo_experimental_1/data/data_crop/train/TfDHgxDm_0-c1ede0d683_0_contrast_crop.mp4,0
441,/content/drive/MyDrive/ucf_experiments/ciclo_experimental_1/data/data_blur/train/tgkbh2d9_0-729eb49330_0_contrast_blur.mp4,/content/drive/MyDrive/ucf_experiments/ciclo_experimental_1/data/data_crop/train/tgkbh2d9_0-729eb49330_0_contrast_crop.mp4,0
442,/content/drive/MyDrive/ucf_experiments/ciclo_experimental_1/data/data_blur/train/THqDidIr4Xs_0-fa46ff1759_0_contrast_blur.mp4,/content/drive/MyDrive/ucf_experiments/ciclo_experimental_1/data/data_crop/train/THqDidIr4Xs_0-fa46ff1759_0_contrast_crop.mp4,0
443,/content/drive/MyDrive/ucf_experiments/ciclo_experimental_1/data/data_blur/train/THqDidIr4Xs_1-5f4e9f29c5_0_contrast_blur.mp4,/content/drive/MyDrive/ucf_experiments/ciclo_experimental_1/data/data_crop/train/THqDidIr4Xs_1-5f4e9f29c5_0_contrast_crop.mp4,0
444,/content/drive/MyDrive/ucf_experiments/ciclo_experimental_1/data/data_blur/train/tIHY2ZFQ_0-5668c466f3_0_contrast_blur.mp4,/content/drive/MyDrive/ucf_experiments/ciclo_experimental_1/data/data_crop/train/tIHY2ZFQ_0-5668c466f3_0_contrast_crop.mp4,0
445,/content/drive/MyDrive/ucf_experiments/ciclo_experimental_1/data/data_blur/train/tILABXoHE7s_0-5c176e61d9_0_contrast_blur.mp4,/content/drive/MyDrive/ucf_experiments/ciclo_experimental_1/data/data_crop/train/tILABXoHE7s_0-5c176e61d9_0_contrast_crop.mp4,0
446,/content/drive/MyDrive/ucf_experiments/ciclo_experimental_1/data/data_blur/train/tILABXoHE7s_1-f380203c1f_0_contrast_blur.mp4,/content/drive/MyDrive/ucf_experiments/ciclo_experimental_1/data/data_crop/train/tILABXoHE7s_1-f380203c1f_0_contrast_crop.mp4,0
447,/content/drive/MyDrive/ucf_experiments/ciclo_experimental_1/data/data_blur/train/tILABXoHE7s_2-0624a88051_0_contrast_blur.mp4,/content/drive/MyDrive/ucf_experiments/ciclo_experimental_1/data/data_crop/train/tILABXoHE7s_2-0624a88051_0_contrast_crop.mp4,0
448,/content/drive/MyDrive/ucf_experiments/ciclo_experimental_1/data/data_blur/train/tIvvuvuJFYc_0-5cf4d4c575_0_contrast_blur.mp4,/content/drive/MyDrive/ucf_experiments/ciclo_experimental_1/data/data_crop/train/tIvvuvuJFYc_0-5cf4d4c575_0_contrast_crop.mp4,0
449,/content/drive/MyDrive/ucf_experiments/ciclo_experimental_1/data/data_blur/train/TJfoIe801t8_0-c2939b55c4_0_contrast_blur.mp4,/content/drive/MyDrive/ucf_experiments/ciclo_experimental_1/data/data_crop/train/TJfoIe801t8_0-c2939b55c4_0_contrast_crop.mp4,0
450,/content/drive/MyDrive/ucf_experiments/ciclo_experimental_1/data/data_blur/train/tmm7AxKl_0-132147e2a3_0_contrast_blur.mp4,/content/drive/MyDrive/ucf_experiments/ciclo_experimental_1/data/data_crop/train/tmm7AxKl_0-132147e2a3_0_contrast_crop.mp4,0
451,/content/drive/MyDrive/ucf_experiments/ciclo_experimental_1/data/data_blur/train/tPpXT9VI_0-1d588fa752_0_contrast_blur.mp4,/content/drive/MyDrive/ucf_experiments/ciclo_experimental_1/data/data_crop/train/tPpXT9VI_0-1d588fa752_0_contrast_crop.mp4,0
452,/content/drive/MyDrive/ucf_experiments/ciclo_experimental_1/data/data_blur/train/TSHiCcMS_0-d2671fc890_0_contrast_blur.mp4,/content/drive/MyDrive/ucf_experiments/ciclo_experimental_1/data/data_crop/train/TSHiCcMS_0-d2671fc890_0_contrast_crop.mp4,0
453,/content/drive/MyDrive/ucf_experiments/ciclo_experimental_1/data/data_blur/train/TuWan04E3gQ_0-4114241f2f_0_contrast_blur.mp4,/content/drive/MyDrive/ucf_experiments/ciclo_experimental_1/data/data_crop/train/TuWan04E3gQ_0-4114241f2f_0_contrast_crop.mp4,0
454,/content/drive/MyDrive/ucf_experiments/ciclo_experimental_1/data/data_blur/train/TuWan04E3gQ_1-f98c2ffd0a_0_contrast_blur.mp4,/content/drive/MyDrive/ucf_experiments/ciclo_experimental_1/data/data_crop/train/TuWan04E3gQ_1-f98c2ffd0a_0_contrast_crop.mp4,0
455,/content/drive/MyDrive/ucf_experiments/ciclo_experimental_1/data/data_blur/train/TX2ePcRo_0-930cf39e11_0_contrast_blur.mp4,/content/drive/MyDrive/ucf_experiments/ciclo_experimental_1/data/data_crop/train/TX2ePcRo_0-930cf39e11_0_contrast_crop.mp4,0
456,/content/drive/MyDrive/ucf_experiments/ciclo_experimental_1/data/data_blur/train/tXk2yvmq_0-74fe4d7416_0_contrast_blur.mp4,/content/drive/MyDrive/ucf_experiments/ciclo_experimental_1/data/data_crop/train/tXk2yvmq_0-74fe4d7416_0_contrast_crop.mp4,0
457,/content/drive/MyDrive/ucf_experiments/ciclo_experimental_1/data/data_blur/train/TYsebroPeGY_0-7ba7dd8ae1_0_contrast_blur.mp4,/content/drive/MyDrive/ucf_experiments/ciclo_experimental_1/data/data_crop/train/TYsebroPeGY_0-7ba7dd8ae1_0_contrast_crop.mp4,0
458,/content/drive/MyDrive/ucf_experiments/ciclo_experimental_1/data/data_blur/train/TYsebroPeGY_1-59794009a6_0_contrast_blur.mp4,/content/drive/MyDrive/ucf_experiments/ciclo_experimental_1/data/data_crop/train/TYsebroPeGY_1-59794009a6_0_contrast_crop.mp4,0
459,/content/drive/MyDrive/ucf_experiments/ciclo_experimental_1/data/data_blur/train/TYX5vuHO_0-937efa427d_0_contrast_blur.mp4,/content/drive/MyDrive/ucf_experiments/ciclo_experimental_1/data/data_crop/train/TYX5vuHO_0-937efa427d_0_contrast_crop.mp4,0
460,/content/drive/MyDrive/ucf_experiments/ciclo_experimental_1/data/data_blur/train/tzdvtHL7Akk_0-09ec0be0b3_0_contrast_blur.mp4,/content/drive/MyDrive/ucf_experiments/ciclo_experimental_1/data/data_crop/train/tzdvtHL7Akk_0-09ec0be0b3_0_contrast_crop.mp4,0
461,/content/drive/MyDrive/ucf_experiments/ciclo_experimental_1/data/data_blur/train/tzdvtHL7Akk_1-9d945ea510_0_contrast_blur.mp4,/content/drive/MyDrive/ucf_experiments/ciclo_experimental_1/data/data_crop/train/tzdvtHL7Akk_1-9d945ea510_0_contrast_crop.mp4,0
462,/content/drive/MyDrive/ucf_experiments/ciclo_experimental_1/data/data_blur/train/Tzn3HwZD_0-38c05a4101_0_contrast_blur.mp4,/content/drive/MyDrive/ucf_experiments/ciclo_experimental_1/data/data_crop/train/Tzn3HwZD_0-38c05a4101_0_contrast_crop.mp4,0
463,/content/drive/MyDrive/ucf_experiments/ciclo_experimental_1/data/data_blur/train/U1Z1bVRt_0-70d7d1baba_0_contrast_blur.mp4,/content/drive/MyDrive/ucf_experiments/ciclo_experimental_1/data/data_crop/train/U1Z1bVRt_0-70d7d1baba_0_contrast_crop.mp4,0
464,/content/drive/MyDrive/ucf_experiments/ciclo_experimental_1/data/data_blur/train/uAKRFGFR_0-91d2922cd9_0_contrast_blur.mp4,/content/drive/MyDrive/ucf_experiments/ciclo_experimental_1/data/data_crop/train/uAKRFGFR_0-91d2922cd9_0_contrast_crop.mp4,0
465,/content/drive/MyDrive/ucf_experiments/ciclo_experimental_1/data/data_blur/train/UArjSm2Y_0-bed7562337_0_contrast_blur.mp4,/content/drive/MyDrive/ucf_experiments/ciclo_experimental_1/data/data_crop/train/UArjSm2Y_0-bed7562337_0_contrast_crop.mp4,0
466,/content/drive/MyDrive/ucf_experiments/ciclo_experimental_1/data/data_blur/train/uEzFjs3X_0-8bd61431cd_0_contrast_blur.mp4,/content/drive/MyDrive/ucf_experiments/ciclo_experimental_1/data/data_crop/train/uEzFjs3X_0-8bd61431cd_0_contrast_crop.mp4,0
467,/content/drive/MyDrive/ucf_experiments/ciclo_experimental_1/data/data_blur/train/UFA7LVk0_0-44d4898377_0_contrast_blur.mp4,/content/drive/MyDrive/ucf_experiments/ciclo_experimental_1/data/data_crop/train/UFA7LVk0_0-44d4898377_0_contrast_crop.mp4,0
468,/content/drive/MyDrive/ucf_experiments/ciclo_experimental_1/data/data_blur/train/ug2tQMG8DC0_0-74ec61996e_0_contrast_blur.mp4,/content/drive/MyDrive/ucf_experiments/ciclo_experimental_1/data/data_crop/train/ug2tQMG8DC0_0-74ec61996e_0_contrast_crop.mp4,0
469,/content/drive/MyDrive/ucf_experiments/ciclo_experimental_1/data/data_blur/train/uhTalZ00_0-ebe27363a2_0_contrast_blur.mp4,/content/drive/MyDrive/ucf_experiments/ciclo_experimental_1/data/data_crop/train/uhTalZ00_0-ebe27363a2_0_contrast_crop.mp4,0
470,/content/drive/MyDrive/ucf_experiments/ciclo_experimental_1/data/data_blur/train/UIAGmwT1_0-35d933aeae_0_contrast_blur.mp4,/content/drive/MyDrive/ucf_experiments/ciclo_experimental_1/data/data_crop/train/UIAGmwT1_0-35d933aeae_0_contrast_crop.mp4,0
471,/content/drive/MyDrive/ucf_experiments/ciclo_experimental_1/data/data_blur/train/UIsigi4O-sI_0-5ae4bdf656_0_contrast_blur.mp4,/content/drive/MyDrive/ucf_experiments/ciclo_experimental_1/data/data_crop/train/UIsigi4O-sI_0-5ae4bdf656_0_contrast_crop.mp4,0
472,/content/drive/MyDrive/ucf_experiments/ciclo_experimental_1/data/data_blur/train/UIsigi4O-sI_1-0a7734331f_0_contrast_blur.mp4,/content/drive/MyDrive/ucf_experiments/ciclo_experimental_1/data/data_crop/train/UIsigi4O-sI_1-0a7734331f_0_contrast_crop.mp4,0
473,/content/drive/MyDrive/ucf_experiments/ciclo_experimental_1/data/data_blur/train/uLGOlxvv_0-b66caaee85_0_contrast_blur.mp4,/content/drive/MyDrive/ucf_experiments/ciclo_experimental_1/data/data_crop/train/uLGOlxvv_0-b66caaee85_0_contrast_crop.mp4,0
474,/content/drive/MyDrive/ucf_experiments/ciclo_experimental_1/data/data_blur/train/ULiIpQ6s_0-f0ef5fe3aa_0_contrast_blur.mp4,/content/drive/MyDrive/ucf_experiments/ciclo_experimental_1/data/data_crop/train/ULiIpQ6s_0-f0ef5fe3aa_0_contrast_crop.mp4,0
475,/content/drive/MyDrive/ucf_experiments/ciclo_experimental_1/data/data_blur/train/umOs1WLBkuo_0-437d817f26_0_contrast_blur.mp4,/content/drive/MyDrive/ucf_experiments/ciclo_experimental_1/data/data_crop/train/umOs1WLBkuo_0-437d817f26_0_contrast_crop.mp4,0
476,/content/drive/MyDrive/ucf_experiments/ciclo_experimental_1/data/data_blur/train/umOs1WLBkuo_1-6cda14ebb6_0_contrast_blur.mp4,/content/drive/MyDrive/ucf_experiments/ciclo_experimental_1/data/data_crop/train/umOs1WLBkuo_1-6cda14ebb6_0_contrast_crop.mp4,0
477,/content/drive/MyDrive/ucf_experiments/ciclo_experimental_1/data/data_blur/train/umOs1WLBkuo_2-dbb7189fc2_0_contrast_blur.mp4,/content/drive/MyDrive/ucf_experiments/ciclo_experimental_1/data/data_crop/train/umOs1WLBkuo_2-dbb7189fc2_0_contrast_crop.mp4,0
478,/content/drive/MyDrive/ucf_experiments/ciclo_experimental_1/data/data_blur/train/uNtsEcFR_0-2e929fbf46_0_contrast_blur.mp4,/content/drive/MyDrive/ucf_experiments/ciclo_experimental_1/data/data_crop/train/uNtsEcFR_0-2e929fbf46_0_contrast_crop.mp4,0
479,/content/drive/MyDrive/ucf_experiments/ciclo_experimental_1/data/data_blur/train/UQ42UqFJ_0-139f157dce_0_contrast_blur.mp4,/content/drive/MyDrive/ucf_experiments/ciclo_experimental_1/data/data_crop/train/UQ42UqFJ_0-139f157dce_0_contrast_crop.mp4,0
480,/content/drive/MyDrive/ucf_experiments/ciclo_experimental_1/data/data_blur/train/uu3SB2L1_0-5b72731317_0_contrast_blur.mp4,/content/drive/MyDrive/ucf_experiments/ciclo_experimental_1/data/data_crop/train/uu3SB2L1_0-5b72731317_0_contrast_crop.mp4,0
481,/content/drive/MyDrive/ucf_experiments/ciclo_experimental_1/data/data_blur/train/UuMYxOYm_0-af0e357004_0_contrast_blur.mp4,/content/drive/MyDrive/ucf_experiments/ciclo_experimental_1/data/data_crop/train/UuMYxOYm_0-af0e357004_0_contrast_crop.mp4,0
482,/content/drive/MyDrive/ucf_experiments/ciclo_experimental_1/data/data_blur/train/UvLAudRA91Y_0-06045336e2_0_contrast_blur.mp4,/content/drive/MyDrive/ucf_experiments/ciclo_experimental_1/data/data_crop/train/UvLAudRA91Y_0-06045336e2_0_contrast_crop.mp4,0
483,/content/drive/MyDrive/ucf_experiments/ciclo_experimental_1/data/data_blur/train/UvLAudRA91Y_1-ca64bb4e49_0_contrast_blur.mp4,/content/drive/MyDrive/ucf_experiments/ciclo_experimental_1/data/data_crop/train/UvLAudRA91Y_1-ca64bb4e49_0_contrast_crop.mp4,0
484,/content/drive/MyDrive/ucf_experiments/ciclo_experimental_1/data/data_blur/train/UvLAudRA91Y_2-b5084343df_0_contrast_blur.mp4,/content/drive/MyDrive/ucf_experiments/ciclo_experimental_1/data/data_crop/train/UvLAudRA91Y_2-b5084343df_0_contrast_crop.mp4,0
485,/content/drive/MyDrive/ucf_experiments/ciclo_experimental_1/data/data_blur/train/uWH7kvNG_0-6a722f3b28_0_contrast_blur.mp4,/content/drive/MyDrive/ucf_experiments/ciclo_experimental_1/data/data_crop/train/uWH7kvNG_0-6a722f3b28_0_contrast_crop.mp4,0
486,/content/drive/MyDrive/ucf_experiments/ciclo_experimental_1/data/data_blur/train/UWmcbEyn_0-f9fe2ce217_0_contrast_blur.mp4,/content/drive/MyDrive/ucf_experiments/ciclo_experimental_1/data/data_crop/train/UWmcbEyn_0-f9fe2ce217_0_contrast_crop.mp4,0
487,/content/drive/MyDrive/ucf_experiments/ciclo_experimental_1/data/data_blur/train/uWQG2hQT_0-5618ffa258_0_contrast_blur.mp4,/content/drive/MyDrive/ucf_experiments/ciclo_experimental_1/data/data_crop/train/uWQG2hQT_0-5618ffa258_0_contrast_crop.mp4,0
488,/content/drive/MyDrive/ucf_experiments/ciclo_experimental_1/data/data_blur/train/uXf4C-YwbtM_0-b8e065899f_0_contrast_blur.mp4,/content/drive/MyDrive/ucf_experiments/ciclo_experimental_1/data/data_crop/train/uXf4C-YwbtM_0-b8e065899f_0_contrast_crop.mp4,0
489,/content/drive/MyDrive/ucf_experiments/ciclo_experimental_1/data/data_blur/train/uXf4C-YwbtM_1-12bc33aa80_0_contrast_blur.mp4,/content/drive/MyDrive/ucf_experiments/ciclo_experimental_1/data/data_crop/train/uXf4C-YwbtM_1-12bc33aa80_0_contrast_crop.mp4,0
490,/content/drive/MyDrive/ucf_experiments/ciclo_experimental_1/data/data_blur/train/uyeWsodv_0-ebe7d3b2d6_0_contrast_blur.mp4,/content/drive/MyDrive/ucf_experiments/ciclo_experimental_1/data/data_crop/train/uyeWsodv_0-ebe7d3b2d6_0_contrast_crop.mp4,0
491,/content/drive/MyDrive/ucf_experiments/ciclo_experimental_1/data/data_blur/train/uz4dXoN5_0-2ad765bab2_0_contrast_blur.mp4,/content/drive/MyDrive/ucf_experiments/ciclo_experimental_1/data/data_crop/train/uz4dXoN5_0-2ad765bab2_0_contrast_crop.mp4,0
492,/content/drive/MyDrive/ucf_experiments/ciclo_experimental_1/data/data_blur/train/v0wUQPs4_0-2946f36991_0_contrast_blur.mp4,/content/drive/MyDrive/ucf_experiments/ciclo_experimental_1/data/data_crop/train/v0wUQPs4_0-2946f36991_0_contrast_crop.mp4,0
493,/content/drive/MyDrive/ucf_experiments/ciclo_experimental_1/data/data_blur/train/V3EI1n_7JwU_0-4ab61ce4ba_0_contrast_blur.mp4,/content/drive/MyDrive/ucf_experiments/ciclo_experimental_1/data/data_crop/train/V3EI1n_7JwU_0-4ab61ce4ba_0_contrast_crop.mp4,0
494,/content/drive/MyDrive/ucf_experiments/ciclo_experimental_1/data/data_blur/train/V726w0IKCp4_0-6d518de86a_0_contrast_blur.mp4,/content/drive/MyDrive/ucf_experiments/ciclo_experimental_1/data/data_crop/train/V726w0IKCp4_0-6d518de86a_0_contrast_crop.mp4,0
495,/content/drive/MyDrive/ucf_experiments/ciclo_experimental_1/data/data_blur/train/V89iCOJ1_0-d23e46cd03_0_contrast_blur.mp4,/content/drive/MyDrive/ucf_experiments/ciclo_experimental_1/data/data_crop/train/V89iCOJ1_0-d23e46cd03_0_contrast_crop.mp4,0
496,/content/drive/MyDrive/ucf_experiments/ciclo_experimental_1/data/data_blur/train/v8cACThQ_0-ab1f37676d_0_contrast_blur.mp4,/content/drive/MyDrive/ucf_experiments/ciclo_experimental_1/data/data_crop/train/v8cACThQ_0-ab1f37676d_0_contrast_crop.mp4,0
497,/content/drive/MyDrive/ucf_experiments/ciclo_experimental_1/data/data_blur/train/vBwKQfJYG1Q_0-9daf26227e_0_contrast_blur.mp4,/content/drive/MyDrive/ucf_experiments/ciclo_experimental_1/data/data_crop/train/vBwKQfJYG1Q_0-9daf26227e_0_contrast_crop.mp4,0
498,/content/drive/MyDrive/ucf_experiments/ciclo_experimental_1/data/data_blur/train/vBwKQfJYG1Q_1-6ebdb6abbe_0_contrast_blur.mp4,/content/drive/MyDrive/ucf_experiments/ciclo_experimental_1/data/data_crop/train/vBwKQfJYG1Q_1-6ebdb6abbe_0_contrast_crop.mp4,0
499,/content/drive/MyDrive/ucf_experiments/ciclo_experimental_1/data/data_blur/train/VbwTMJroTbI_0-4a805729b1_0_contrast_blur.mp4,/content/drive/MyDrive/ucf_experiments/ciclo_experimental_1/data/data_crop/train/VbwTMJroTbI_0-4a805729b1_0_contrast_crop.mp4,0
500,/content/drive/MyDrive/ucf_experiments/ciclo_experimental_1/data/data_blur/train/VbwTMJroTbI_1-b430abc387_0_contrast_blur.mp4,/content/drive/MyDrive/ucf_experiments/ciclo_experimental_1/data/data_crop/train/VbwTMJroTbI_1-b430abc387_0_contrast_crop.mp4,0
501,/content/drive/MyDrive/ucf_experiments/ciclo_experimental_1/data/data_blur/train/vCO6CZNt_0-647c262735_0_contrast_blur.mp4,/content/drive/MyDrive/ucf_experiments/ciclo_experimental_1/data/data_crop/train/vCO6CZNt_0-647c262735_0_contrast_crop.mp4,0
502,/content/drive/MyDrive/ucf_experiments/ciclo_experimental_1/data/data_blur/train/Vd27cYFthms_0-f83fbf2711_0_contrast_blur.mp4,/content/drive/MyDrive/ucf_experiments/ciclo_experimental_1/data/data_crop/train/Vd27cYFthms_0-f83fbf2711_0_contrast_crop.mp4,0
503,/content/drive/MyDrive/ucf_experiments/ciclo_experimental_1/data/data_blur/train/vGCZpdPR_0-b4ff59b30e_0_contrast_blur.mp4,/content/drive/MyDrive/ucf_experiments/ciclo_experimental_1/data/data_crop/train/vGCZpdPR_0-b4ff59b30e_0_contrast_crop.mp4,0
504,/content/drive/MyDrive/ucf_experiments/ciclo_experimental_1/data/data_blur/train/vJDAaUzYOi8_0-f82cb4ae2a_0_contrast_blur.mp4,/content/drive/MyDrive/ucf_experiments/ciclo_experimental_1/data/data_crop/train/vJDAaUzYOi8_0-f82cb4ae2a_0_contrast_crop.mp4,0
505,/content/drive/MyDrive/ucf_experiments/ciclo_experimental_1/data/data_blur/train/vJDAaUzYOi8_1-b2676fddab_0_contrast_blur.mp4,/content/drive/MyDrive/ucf_experiments/ciclo_experimental_1/data/data_crop/train/vJDAaUzYOi8_1-b2676fddab_0_contrast_crop.mp4,0
506,/content/drive/MyDrive/ucf_experiments/ciclo_experimental_1/data/data_blur/train/VjDGXzWt_0-516162245d_0_contrast_blur.mp4,/content/drive/MyDrive/ucf_experiments/ciclo_experimental_1/data/data_crop/train/VjDGXzWt_0-516162245d_0_contrast_crop.mp4,0
507,/content/drive/MyDrive/ucf_experiments/ciclo_experimental_1/data/data_blur/train/VnDOPZls_0-328e38ef1d_0_contrast_blur.mp4,/content/drive/MyDrive/ucf_experiments/ciclo_experimental_1/data/data_crop/train/VnDOPZls_0-328e38ef1d_0_contrast_crop.mp4,0
508,/content/drive/MyDrive/ucf_experiments/ciclo_experimental_1/data/data_blur/train/vnUS5WN7_0-0cc551e8fa_0_contrast_blur.mp4,/content/drive/MyDrive/ucf_experiments/ciclo_experimental_1/data/data_crop/train/vnUS5WN7_0-0cc551e8fa_0_contrast_crop.mp4,0
509,/content/drive/MyDrive/ucf_experiments/ciclo_experimental_1/data/data_blur/train/VpnCjE1l_0-982dca94ba_0_contrast_blur.mp4,/content/drive/MyDrive/ucf_experiments/ciclo_experimental_1/data/data_crop/train/VpnCjE1l_0-982dca94ba_0_contrast_crop.mp4,0
510,/content/drive/MyDrive/ucf_experiments/ciclo_experimental_1/data/data_blur/train/vQKHxtrdEHM_0-1465ab0ec4_0_contrast_blur.mp4,/content/drive/MyDrive/ucf_experiments/ciclo_experimental_1/data/data_crop/train/vQKHxtrdEHM_0-1465ab0ec4_0_contrast_crop.mp4,0
511,/content/drive/MyDrive/ucf_experiments/ciclo_experimental_1/data/data_blur/train/vQKHxtrdEHM_1-956406e11b_0_contrast_blur.mp4,/content/drive/MyDrive/ucf_experiments/ciclo_experimental_1/data/data_crop/train/vQKHxtrdEHM_1-956406e11b_0_contrast_crop.mp4,0
512,/content/drive/MyDrive/ucf_experiments/ciclo_experimental_1/data/data_blur/train/vu6lIsQm_0-0baa997453_0_contrast_blur.mp4,/content/drive/MyDrive/ucf_experiments/ciclo_experimental_1/data/data_crop/train/vu6lIsQm_0-0baa997453_0_contrast_crop.mp4,0
513,/content/drive/MyDrive/ucf_experiments/ciclo_experimental_1/data/data_blur/train/vwQvNOlX_0-d5f90d8e65_0_contrast_blur.mp4,/content/drive/MyDrive/ucf_experiments/ciclo_experimental_1/data/data_crop/train/vwQvNOlX_0-d5f90d8e65_0_contrast_crop.mp4,0
514,/content/drive/MyDrive/ucf_experiments/ciclo_experimental_1/data/data_blur/train/VXLdrn0b_0-089339362a_0_contrast_blur.mp4,/content/drive/MyDrive/ucf_experiments/ciclo_experimental_1/data/data_crop/train/VXLdrn0b_0-089339362a_0_contrast_crop.mp4,0
515,/content/drive/MyDrive/ucf_experiments/ciclo_experimental_1/data/data_blur/train/vXvv1gqd_0-4b63180df0_0_contrast_blur.mp4,/content/drive/MyDrive/ucf_experiments/ciclo_experimental_1/data/data_crop/train/vXvv1gqd_0-4b63180df0_0_contrast_crop.mp4,0
516,/content/drive/MyDrive/ucf_experiments/ciclo_experimental_1/data/data_blur/train/VYWWsld6ibI_0-8d28bf4fc7_0_contrast_blur.mp4,/content/drive/MyDrive/ucf_experiments/ciclo_experimental_1/data/data_crop/train/VYWWsld6ibI_0-8d28bf4fc7_0_contrast_crop.mp4,0
517,/content/drive/MyDrive/ucf_experiments/ciclo_experimental_1/data/data_blur/train/Wby1vUy8aYI_0-560e4b9e71_0_contrast_blur.mp4,/content/drive/MyDrive/ucf_experiments/ciclo_experimental_1/data/data_crop/train/Wby1vUy8aYI_0-560e4b9e71_0_contrast_crop.mp4,0
518,/content/drive/MyDrive/ucf_experiments/ciclo_experimental_1/data/data_blur/train/WCbsjDUV_0-472479956b_0_contrast_blur.mp4,/content/drive/MyDrive/ucf_experiments/ciclo_experimental_1/data/data_crop/train/WCbsjDUV_0-472479956b_0_contrast_crop.mp4,0
519,/content/drive/MyDrive/ucf_experiments/ciclo_experimental_1/data/data_blur/train/WCHYnPMG_0-e2d1599369_0_contrast_blur.mp4,/content/drive/MyDrive/ucf_experiments/ciclo_experimental_1/data/data_crop/train/WCHYnPMG_0-e2d1599369_0_contrast_crop.mp4,0
520,/content/drive/MyDrive/ucf_experiments/ciclo_experimental_1/data/data_blur/train/WfjOB1Vq_0-cb965960eb_0_contrast_blur.mp4,/content/drive/MyDrive/ucf_experiments/ciclo_experimental_1/data/data_crop/train/WfjOB1Vq_0-cb965960eb_0_contrast_crop.mp4,0
521,/content/drive/MyDrive/ucf_experiments/ciclo_experimental_1/data/data_blur/train/wgdTpJTo_0-b0a5d9645c_0_contrast_blur.mp4,/content/drive/MyDrive/ucf_experiments/ciclo_experimental_1/data/data_crop/train/wgdTpJTo_0-b0a5d9645c_0_contrast_crop.mp4,0
522,/content/drive/MyDrive/ucf_experiments/ciclo_experimental_1/data/data_blur/train/WHNtrI7MEUg_0-b6bbdc2ab6_0_contrast_blur.mp4,/content/drive/MyDrive/ucf_experiments/ciclo_experimental_1/data/data_crop/train/WHNtrI7MEUg_0-b6bbdc2ab6_0_contrast_crop.mp4,0
523,/content/drive/MyDrive/ucf_experiments/ciclo_experimental_1/data/data_blur/train/WHNtrI7MEUg_1-52064509a1_0_contrast_blur.mp4,/content/drive/MyDrive/ucf_experiments/ciclo_experimental_1/data/data_crop/train/WHNtrI7MEUg_1-52064509a1_0_contrast_crop.mp4,0
524,/content/drive/MyDrive/ucf_experiments/ciclo_experimental_1/data/data_blur/train/wk5WCCti_0-abba523b8f_0_contrast_blur.mp4,/content/drive/MyDrive/ucf_experiments/ciclo_experimental_1/data/data_crop/train/wk5WCCti_0-abba523b8f_0_contrast_crop.mp4,0
525,/content/drive/MyDrive/ucf_experiments/ciclo_experimental_1/data/data_blur/train/wKMXI2vp_0-f3df734a97_0_contrast_blur.mp4,/content/drive/MyDrive/ucf_experiments/ciclo_experimental_1/data/data_crop/train/wKMXI2vp_0-f3df734a97_0_contrast_crop.mp4,0
526,/content/drive/MyDrive/ucf_experiments/ciclo_experimental_1/data/data_blur/train/wMgaVgMG_0-9df96382a1_0_contrast_blur.mp4,/content/drive/MyDrive/ucf_experiments/ciclo_experimental_1/data/data_crop/train/wMgaVgMG_0-9df96382a1_0_contrast_crop.mp4,0
527,/content/drive/MyDrive/ucf_experiments/ciclo_experimental_1/data/data_blur/train/wNTaSOXj_0-88418ccb7b_0_contrast_blur.mp4,/content/drive/MyDrive/ucf_experiments/ciclo_experimental_1/data/data_crop/train/wNTaSOXj_0-88418ccb7b_0_contrast_crop.mp4,0
528,/content/drive/MyDrive/ucf_experiments/ciclo_experimental_1/data/data_blur/train/WPK4WLlc_0-141da7cc3b_0_contrast_blur.mp4,/content/drive/MyDrive/ucf_experiments/ciclo_experimental_1/data/data_crop/train/WPK4WLlc_0-141da7cc3b_0_contrast_crop.mp4,0
529,/content/drive/MyDrive/ucf_experiments/ciclo_experimental_1/data/data_blur/train/WW8zIoiZ_0-11eb58a146_0_contrast_blur.mp4,/content/drive/MyDrive/ucf_experiments/ciclo_experimental_1/data/data_crop/train/WW8zIoiZ_0-11eb58a146_0_contrast_crop.mp4,0
530,/content/drive/MyDrive/ucf_experiments/ciclo_experimental_1/data/data_blur/train/ww9L6ULb_0-3630db9d65_0_contrast_blur.mp4,/content/drive/MyDrive/ucf_experiments/ciclo_experimental_1/data/data_crop/train/ww9L6ULb_0-3630db9d65_0_contrast_crop.mp4,0
531,/content/drive/MyDrive/ucf_experiments/ciclo_experimental_1/data/data_blur/train/wXHEbfck_0-c1cbaae785_0_contrast_blur.mp4,/content/drive/MyDrive/ucf_experiments/ciclo_experimental_1/data/data_crop/train/wXHEbfck_0-c1cbaae785_0_contrast_crop.mp4,0
532,/content/drive/MyDrive/ucf_experiments/ciclo_experimental_1/data/data_blur/train/WXwfibYX_0-6ccf864fa8_0_contrast_blur.mp4,/content/drive/MyDrive/ucf_experiments/ciclo_experimental_1/data/data_crop/train/WXwfibYX_0-6ccf864fa8_0_contrast_crop.mp4,0
533,/content/drive/MyDrive/ucf_experiments/ciclo_experimental_1/data/data_blur/train/wY7Om5cW_0-f45695dedb_0_contrast_blur.mp4,/content/drive/MyDrive/ucf_experiments/ciclo_experimental_1/data/data_crop/train/wY7Om5cW_0-f45695dedb_0_contrast_crop.mp4,0
534,/content/drive/MyDrive/ucf_experiments/ciclo_experimental_1/data/data_blur/train/X0fP5VQMrbg_0-9b7ec09440_0_contrast_blur.mp4,/content/drive/MyDrive/ucf_experiments/ciclo_experimental_1/data/data_crop/train/X0fP5VQMrbg_0-9b7ec09440_0_contrast_crop.mp4,0
535,/content/drive/MyDrive/ucf_experiments/ciclo_experimental_1/data/data_blur/train/X0fP5VQMrbg_1-73bf1fe90a_0_contrast_blur.mp4,/content/drive/MyDrive/ucf_experiments/ciclo_experimental_1/data/data_crop/train/X0fP5VQMrbg_1-73bf1fe90a_0_contrast_crop.mp4,0
536,/content/drive/MyDrive/ucf_experiments/ciclo_experimental_1/data/data_blur/train/X14e9Fwxa8w_0-4047064663_0_contrast_blur.mp4,/content/drive/MyDrive/ucf_experiments/ciclo_experimental_1/data/data_crop/train/X14e9Fwxa8w_0-4047064663_0_contrast_crop.mp4,0
537,/content/drive/MyDrive/ucf_experiments/ciclo_experimental_1/data/data_blur/train/X3mPJLe9_0-8d48d5ba90_0_contrast_blur.mp4,/content/drive/MyDrive/ucf_experiments/ciclo_experimental_1/data/data_crop/train/X3mPJLe9_0-8d48d5ba90_0_contrast_crop.mp4,0
538,/content/drive/MyDrive/ucf_experiments/ciclo_experimental_1/data/data_blur/train/x7iljhbM_0-28d8afd4c5_0_contrast_blur.mp4,/content/drive/MyDrive/ucf_experiments/ciclo_experimental_1/data/data_crop/train/x7iljhbM_0-28d8afd4c5_0_contrast_crop.mp4,0
539,/content/drive/MyDrive/ucf_experiments/ciclo_experimental_1/data/data_blur/train/Xhh2ONc7_0-8926bbd22d_0_contrast_blur.mp4,/content/drive/MyDrive/ucf_experiments/ciclo_experimental_1/data/data_crop/train/Xhh2ONc7_0-8926bbd22d_0_contrast_crop.mp4,0
540,/content/drive/MyDrive/ucf_experiments/ciclo_experimental_1/data/data_blur/train/XJfaYlr0_0-03b32faa5c_0_contrast_blur.mp4,/content/drive/MyDrive/ucf_experiments/ciclo_experimental_1/data/data_crop/train/XJfaYlr0_0-03b32faa5c_0_contrast_crop.mp4,0
541,/content/drive/MyDrive/ucf_experiments/ciclo_experimental_1/data/data_blur/train/xKq3hlefCUI_0-0eb37ea1c7_0_contrast_blur.mp4,/content/drive/MyDrive/ucf_experiments/ciclo_experimental_1/data/data_crop/train/xKq3hlefCUI_0-0eb37ea1c7_0_contrast_crop.mp4,0
542,/content/drive/MyDrive/ucf_experiments/ciclo_experimental_1/data/data_blur/train/Xmmy8LvV_0-ae64e4ff8e_0_contrast_blur.mp4,/content/drive/MyDrive/ucf_experiments/ciclo_experimental_1/data/data_crop/train/Xmmy8LvV_0-ae64e4ff8e_0_contrast_crop.mp4,0
543,/content/drive/MyDrive/ucf_experiments/ciclo_experimental_1/data/data_blur/train/XPG8GqrH_0-6287d018d9_0_contrast_blur.mp4,/content/drive/MyDrive/ucf_experiments/ciclo_experimental_1/data/data_crop/train/XPG8GqrH_0-6287d018d9_0_contrast_crop.mp4,0
544,/content/drive/MyDrive/ucf_experiments/ciclo_experimental_1/data/data_blur/train/XpQkd2Ug_0-82bee7e8fe_0_contrast_blur.mp4,/content/drive/MyDrive/ucf_experiments/ciclo_experimental_1/data/data_crop/train/XpQkd2Ug_0-82bee7e8fe_0_contrast_crop.mp4,0
545,/content/drive/MyDrive/ucf_experiments/ciclo_experimental_1/data/data_blur/train/XQR0CvyY_0-7728cc384e_0_contrast_blur.mp4,/content/drive/MyDrive/ucf_experiments/ciclo_experimental_1/data/data_crop/train/XQR0CvyY_0-7728cc384e_0_contrast_crop.mp4,0
546,/content/drive/MyDrive/ucf_experiments/ciclo_experimental_1/data/data_blur/train/XQR0CvyY_1-948d4f622f_0_contrast_blur.mp4,/content/drive/MyDrive/ucf_experiments/ciclo_experimental_1/data/data_crop/train/XQR0CvyY_1-948d4f622f_0_contrast_crop.mp4,0
547,/content/drive/MyDrive/ucf_experiments/ciclo_experimental_1/data/data_blur/train/xQSbcaZp_0-d9d82883f6_0_contrast_blur.mp4,/content/drive/MyDrive/ucf_experiments/ciclo_experimental_1/data/data_crop/train/xQSbcaZp_0-d9d82883f6_0_contrast_crop.mp4,0
548,/content/drive/MyDrive/ucf_experiments/ciclo_experimental_1/data/data_blur/train/Xr0T6ylW_0-b75e2ed842_0_contrast_blur.mp4,/content/drive/MyDrive/ucf_experiments/ciclo_experimental_1/data/data_crop/train/Xr0T6ylW_0-b75e2ed842_0_contrast_crop.mp4,0
549,/content/drive/MyDrive/ucf_experiments/ciclo_experimental_1/data/data_blur/train/xR1o8M5o_0-c8fc6fdc32_0_contrast_blur.mp4,/content/drive/MyDrive/ucf_experiments/ciclo_experimental_1/data/data_crop/train/xR1o8M5o_0-c8fc6fdc32_0_contrast_crop.mp4,0
550,/content/drive/MyDrive/ucf_experiments/ciclo_experimental_1/data/data_blur/train/xtA4owfr_0-77399e076c_0_contrast_blur.mp4,/content/drive/MyDrive/ucf_experiments/ciclo_experimental_1/data/data_crop/train/xtA4owfr_0-77399e076c_0_contrast_crop.mp4,0
551,/content/drive/MyDrive/ucf_experiments/ciclo_experimental_1/data/data_blur/train/xTCvMktQ_0-3cb28480d5_0_contrast_blur.mp4,/content/drive/MyDrive/ucf_experiments/ciclo_experimental_1/data/data_crop/train/xTCvMktQ_0-3cb28480d5_0_contrast_crop.mp4,0
552,/content/drive/MyDrive/ucf_experiments/ciclo_experimental_1/data/data_blur/train/XVfkS6rM_0-8de4f28191_0_contrast_blur.mp4,/content/drive/MyDrive/ucf_experiments/ciclo_experimental_1/data/data_crop/train/XVfkS6rM_0-8de4f28191_0_contrast_crop.mp4,0
553,/content/drive/MyDrive/ucf_experiments/ciclo_experimental_1/data/data_blur/train/xW8Esfp9_0-46e8ba4512_0_contrast_blur.mp4,/content/drive/MyDrive/ucf_experiments/ciclo_experimental_1/data/data_crop/train/xW8Esfp9_0-46e8ba4512_0_contrast_crop.mp4,0
554,/content/drive/MyDrive/ucf_experiments/ciclo_experimental_1/data/data_blur/train/xWBtjX00_0-ec34faa4c5_0_contrast_blur.mp4,/content/drive/MyDrive/ucf_experiments/ciclo_experimental_1/data/data_crop/train/xWBtjX00_0-ec34faa4c5_0_contrast_crop.mp4,0
555,/content/drive/MyDrive/ucf_experiments/ciclo_experimental_1/data/data_blur/train/XwiwESMn_0-1909fd5474_0_contrast_blur.mp4,/content/drive/MyDrive/ucf_experiments/ciclo_experimental_1/data/data_crop/train/XwiwESMn_0-1909fd5474_0_contrast_crop.mp4,0
556,/content/drive/MyDrive/ucf_experiments/ciclo_experimental_1/data/data_blur/train/xxIkl4Ue_0-fe02aaa46f_0_contrast_blur.mp4,/content/drive/MyDrive/ucf_experiments/ciclo_experimental_1/data/data_crop/train/xxIkl4Ue_0-fe02aaa46f_0_contrast_crop.mp4,0
557,/content/drive/MyDrive/ucf_experiments/ciclo_experimental_1/data/data_blur/train/xYWhwcqL_0-8869ddbbd0_0_contrast_blur.mp4,/content/drive/MyDrive/ucf_experiments/ciclo_experimental_1/data/data_crop/train/xYWhwcqL_0-8869ddbbd0_0_contrast_crop.mp4,0
558,/content/drive/MyDrive/ucf_experiments/ciclo_experimental_1/data/data_blur/train/Y-TiUAODEYw_0-3f92b963f1_0_contrast_blur.mp4,/content/drive/MyDrive/ucf_experiments/ciclo_experimental_1/data/data_crop/train/Y-TiUAODEYw_0-3f92b963f1_0_contrast_crop.mp4,0
559,/content/drive/MyDrive/ucf_experiments/ciclo_experimental_1/data/data_blur/train/Y-TiUAODEYw_1-0526b732c8_0_contrast_blur.mp4,/content/drive/MyDrive/ucf_experiments/ciclo_experimental_1/data/data_crop/train/Y-TiUAODEYw_1-0526b732c8_0_contrast_crop.mp4,0
560,/content/drive/MyDrive/ucf_experiments/ciclo_experimental_1/data/data_blur/train/Y-TiUAODEYw_2-c212dcfe3f_0_contrast_blur.mp4,/content/drive/MyDrive/ucf_experiments/ciclo_experimental_1/data/data_crop/train/Y-TiUAODEYw_2-c212dcfe3f_0_contrast_crop.mp4,0
561,/content/drive/MyDrive/ucf_experiments/ciclo_experimental_1/data/data_blur/train/Y1y9Gxs6_0-9c53cedf75_0_contrast_blur.mp4,/content/drive/MyDrive/ucf_experiments/ciclo_experimental_1/data/data_crop/train/Y1y9Gxs6_0-9c53cedf75_0_contrast_crop.mp4,0
562,/content/drive/MyDrive/ucf_experiments/ciclo_experimental_1/data/data_blur/train/Y4KiQpCP_0-a53fbd381e_0_contrast_blur.mp4,/content/drive/MyDrive/ucf_experiments/ciclo_experimental_1/data/data_crop/train/Y4KiQpCP_0-a53fbd381e_0_contrast_crop.mp4,0
563,/content/drive/MyDrive/ucf_experiments/ciclo_experimental_1/data/data_blur/train/y4njAG00_0-cfb9ca4d64_0_contrast_blur.mp4,/content/drive/MyDrive/ucf_experiments/ciclo_experimental_1/data/data_crop/train/y4njAG00_0-cfb9ca4d64_0_contrast_crop.mp4,0
564,/content/drive/MyDrive/ucf_experiments/ciclo_experimental_1/data/data_blur/train/YC51sSdT_0-0d3c283d36_0_contrast_blur.mp4,/content/drive/MyDrive/ucf_experiments/ciclo_experimental_1/data/data_crop/train/YC51sSdT_0-0d3c283d36_0_contrast_crop.mp4,0
565,/content/drive/MyDrive/ucf_experiments/ciclo_experimental_1/data/data_blur/train/ycOdxOJt_0-c89610391c_0_contrast_blur.mp4,/content/drive/MyDrive/ucf_experiments/ciclo_experimental_1/data/data_crop/train/ycOdxOJt_0-c89610391c_0_contrast_crop.mp4,0
566,/content/drive/MyDrive/ucf_experiments/ciclo_experimental_1/data/data_blur/train/yDKfgkb2_0-6dbcb28463_0_contrast_blur.mp4,/content/drive/MyDrive/ucf_experiments/ciclo_experimental_1/data/data_crop/train/yDKfgkb2_0-6dbcb28463_0_contrast_crop.mp4,0
567,/content/drive/MyDrive/ucf_experiments/ciclo_experimental_1/data/data_blur/train/YJvuxdWs_0-30e6b77165_0_contrast_blur.mp4,/content/drive/MyDrive/ucf_experiments/ciclo_experimental_1/data/data_crop/train/YJvuxdWs_0-30e6b77165_0_contrast_crop.mp4,0
568,/content/drive/MyDrive/ucf_experiments/ciclo_experimental_1/data/data_blur/train/ykI6keNQ_0-1945799e38_0_contrast_blur.mp4,/content/drive/MyDrive/ucf_experiments/ciclo_experimental_1/data/data_crop/train/ykI6keNQ_0-1945799e38_0_contrast_crop.mp4,0
569,/content/drive/MyDrive/ucf_experiments/ciclo_experimental_1/data/data_blur/train/yKxTC4lT_0-627bd26dc3_0_contrast_blur.mp4,/content/drive/MyDrive/ucf_experiments/ciclo_experimental_1/data/data_crop/train/yKxTC4lT_0-627bd26dc3_0_contrast_crop.mp4,0
570,/content/drive/MyDrive/ucf_experiments/ciclo_experimental_1/data/data_blur/train/yldWawWf_0-9ad0d212e0_0_contrast_blur.mp4,/content/drive/MyDrive/ucf_experiments/ciclo_experimental_1/data/data_crop/train/yldWawWf_0-9ad0d212e0_0_contrast_crop.mp4,0
571,/content/drive/MyDrive/ucf_experiments/ciclo_experimental_1/data/data_blur/train/ypdSZICv_0-58e81036a6_0_contrast_blur.mp4,/content/drive/MyDrive/ucf_experiments/ciclo_experimental_1/data/data_crop/train/ypdSZICv_0-58e81036a6_0_contrast_crop.mp4,0
572,/content/drive/MyDrive/ucf_experiments/ciclo_experimental_1/data/data_blur/train/YQkE7oOf_0-d26a30118c_0_contrast_blur.mp4,/content/drive/MyDrive/ucf_experiments/ciclo_experimental_1/data/data_crop/train/YQkE7oOf_0-d26a30118c_0_contrast_crop.mp4,0
573,/content/drive/MyDrive/ucf_experiments/ciclo_experimental_1/data/data_blur/train/yQWmI4e8_0-33ddeb7535_0_contrast_blur.mp4,/content/drive/MyDrive/ucf_experiments/ciclo_experimental_1/data/data_crop/train/yQWmI4e8_0-33ddeb7535_0_contrast_crop.mp4,0
574,/content/drive/MyDrive/ucf_experiments/ciclo_experimental_1/data/data_blur/train/ytjGIK9m_0-adc3fabbbc_0_contrast_blur.mp4,/content/drive/MyDrive/ucf_experiments/ciclo_experimental_1/data/data_crop/train/ytjGIK9m_0-adc3fabbbc_0_contrast_crop.mp4,0
575,/content/drive/MyDrive/ucf_experiments/ciclo_experimental_1/data/data_blur/train/yvNawsRf_0-79fd30198a_0_contrast_blur.mp4,/content/drive/MyDrive/ucf_experiments/ciclo_experimental_1/data/data_crop/train/yvNawsRf_0-79fd30198a_0_contrast_crop.mp4,0
576,/content/drive/MyDrive/ucf_experiments/ciclo_experimental_1/data/data_blur/train/Yw7Ip3VS_0-df206a88f5_0_contrast_blur.mp4,/content/drive/MyDrive/ucf_experiments/ciclo_experimental_1/data/data_crop/train/Yw7Ip3VS_0-df206a88f5_0_contrast_crop.mp4,0
577,/content/drive/MyDrive/ucf_experiments/ciclo_experimental_1/data/data_blur/train/yWnLtCrM_0-789d5798ed_0_contrast_blur.mp4,/content/drive/MyDrive/ucf_experiments/ciclo_experimental_1/data/data_crop/train/yWnLtCrM_0-789d5798ed_0_contrast_crop.mp4,0
578,/content/drive/MyDrive/ucf_experiments/ciclo_experimental_1/data/data_blur/train/Yxz9WncB_0-6ce6b8ccc6_0_contrast_blur.mp4,/content/drive/MyDrive/ucf_experiments/ciclo_experimental_1/data/data_crop/train/Yxz9WncB_0-6ce6b8ccc6_0_contrast_crop.mp4,0
579,/content/drive/MyDrive/ucf_experiments/ciclo_experimental_1/data/data_blur/train/zbg2jsE4_0-69a31b2291_0_contrast_blur.mp4,/content/drive/MyDrive/ucf_experiments/ciclo_experimental_1/data/data_crop/train/zbg2jsE4_0-69a31b2291_0_contrast_crop.mp4,0
580,/content/drive/MyDrive/ucf_experiments/ciclo_experimental_1/data/data_blur/train/zHRkgmIT_0-f6fef6b34b_0_contrast_blur.mp4,/content/drive/MyDrive/ucf_experiments/ciclo_experimental_1/data/data_crop/train/zHRkgmIT_0-f6fef6b34b_0_contrast_crop.mp4,0
581,/content/drive/MyDrive/ucf_experiments/ciclo_experimental_1/data/data_blur/train/ZIj9BzT4_0-960203f9a6_0_contrast_blur.mp4,/content/drive/MyDrive/ucf_experiments/ciclo_experimental_1/data/data_crop/train/ZIj9BzT4_0-960203f9a6_0_contrast_crop.mp4,0
582,/content/drive/MyDrive/ucf_experiments/ciclo_experimental_1/data/data_blur/train/ZPhVyVZt_0-83dc313c12_0_contrast_blur.mp4,/content/drive/MyDrive/ucf_experiments/ciclo_experimental_1/data/data_crop/train/ZPhVyVZt_0-83dc313c12_0_contrast_crop.mp4,0
583,/content/drive/MyDrive/ucf_experiments/ciclo_experimental_1/data/data_blur/train/zWrAqXFn_0-c41e61c466_0_contrast_blur.mp4,/content/drive/MyDrive/ucf_experiments/ciclo_experimental_1/data/data_crop/train/zWrAqXFn_0-c41e61c466_0_contrast_crop.mp4,0
584,/content/drive/MyDrive/ucf_experiments/ciclo_experimental_1/data/data_blur/train/Zy04T0RF_0-2e6f2b88f3_0_contrast_blur.mp4,/content/drive/MyDrive/ucf_experiments/ciclo_experimental_1/data/data_crop/train/Zy04T0RF_0-2e6f2b88f3_0_contrast_crop.mp4,0
585,/content/drive/MyDrive/ucf_experiments/ciclo_experimental_1/data/data_blur/train/zZHTBiER_0-98a347298e_0_contrast_blur.mp4,/content/drive/MyDrive/ucf_experiments/ciclo_experimental_1/data/data_crop/train/zZHTBiER_0-98a347298e_0_contrast_crop.mp4,0
586,/content/drive/MyDrive/ucf_experiments/ciclo_experimental_1/data/data_blur/train/_fPfNbHM16M_0-ed5f736c90_0_contrast_blur.mp4,/content/drive/MyDrive/ucf_experiments/ciclo_experimental_1/data/data_crop/train/_fPfNbHM16M_0-ed5f736c90_0_contrast_crop.mp4,0
587,/content/drive/MyDrive/ucf_experiments/ciclo_experimental_1/data/data_blur/train/_fPfNbHM16M_1-efa70be3a8_0_contrast_blur.mp4,/content/drive/MyDrive/ucf_experiments/ciclo_experimental_1/data/data_crop/train/_fPfNbHM16M_1-efa70be3a8_0_contrast_crop.mp4,0
588,/content/drive/MyDrive/ucf_experiments/ciclo_experimental_1/data/data_blur/train/_q5Nwh4Z6ao_0-b41cc5f4a5_0_contrast_blur.mp4,/content/drive/MyDrive/ucf_experiments/ciclo_experimental_1/data/data_crop/train/_q5Nwh4Z6ao_0-b41cc5f4a5_0_contrast_crop.mp4,0
589,/content/drive/MyDrive/ucf_experiments/ciclo_experimental_1/data/data_blur/train/_q5Nwh4Z6ao_1-9f9d4bbb20_0_contrast_blur.mp4,/content/drive/MyDrive/ucf_experiments/ciclo_experimental_1/data/data_crop/train/_q5Nwh4Z6ao_1-9f9d4bbb20_0_contrast_crop.mp4,0
590,/content/drive/MyDrive/ucf_experiments/ciclo_experimental_1/data/data_blur/train/_q5Nwh4Z6ao_2-8a030084d1_0_contrast_blur.mp4,/content/drive/MyDrive/ucf_experiments/ciclo_experimental_1/data/data_crop/train/_q5Nwh4Z6ao_2-8a030084d1_0_contrast_crop.mp4,0
591,/content/drive/MyDrive/ucf_experiments/ciclo_experimental_1/data/data_blur/train/_q5Nwh4Z6ao_3-639cef6135_0_contrast_blur.mp4,/content/drive/MyDrive/ucf_experiments/ciclo_experimental_1/data/data_crop/train/_q5Nwh4Z6ao_3-639cef6135_0_contrast_crop.mp4,0
592,/content/drive/MyDrive/ucf_experiments/ciclo_experimental_1/data/data_blur/train/_q5Nwh4Z6ao_4-4fff86eed7_0_contrast_blur.mp4,/content/drive/MyDrive/ucf_experiments/ciclo_experimental_1/data/data_crop/train/_q5Nwh4Z6ao_4-4fff86eed7_0_contrast_crop.mp4,0
593,/content/drive/MyDrive/ucf_experiments/ciclo_experimental_1/data/data_blur/train/_q5Nwh4Z6ao_5-339ab9e755_0_contrast_blur.mp4,/content/drive/MyDrive/ucf_experiments/ciclo_experimental_1/data/data_crop/train/_q5Nwh4Z6ao_5-339ab9e755_0_contrast_crop.mp4,0
594,/content/drive/MyDrive/ucf_experiments/ciclo_experimental_1/data/data_blur/train/_q5Nwh4Z6ao_6-ea62dde98c_0_contrast_blur.mp4,/content/drive/MyDrive/ucf_experiments/ciclo_experimental_1/data/data_crop/train/_q5Nwh4Z6ao_6-ea62dde98c_0_contrast_crop.mp4,0
595,/content/drive/MyDrive/ucf_experiments/ciclo_experimental_1/data/data_blur/train/_q5Nwh4Z6ao_7-c1e4b97e14_0_contrast_blur.mp4,/content/drive/MyDrive/ucf_experiments/ciclo_experimental_1/data/data_crop/train/_q5Nwh4Z6ao_7-c1e4b97e14_0_contrast_crop.mp4,0
596,/content/drive/MyDrive/ucf_experiments/ciclo_experimental_1/data/data_blur/train/_wVuRdfDHbE_0-4742ec2eeb_0_contrast_blur.mp4,/content/drive/MyDrive/ucf_experiments/ciclo_experimental_1/data/data_crop/train/_wVuRdfDHbE_0-4742ec2eeb_0_contrast_crop.mp4,0
597,/content/drive/MyDrive/ucf_experiments/ciclo_experimental_1/data/data_blur/train/Robbery097_x264-c083f63c77_0_flip_lr_blur.mp4,/content/drive/MyDrive/ucf_experiments/ciclo_experimental_1/data/data_crop/train/Robbery097_x264-c083f63c77_0_flip_lr_crop.mp4,0
598,/content/drive/MyDrive/ucf_experiments/ciclo_experimental_1/data/data_blur/train/Robbery035_x264-a4f337e6cb_1_flip_lr_blur.mp4,/content/drive/MyDrive/ucf_experiments/ciclo_experimental_1/data/data_crop/train/Robbery035_x264-a4f337e6cb_1_flip_lr_crop.mp4,1
599,/content/drive/MyDrive/ucf_experiments/ciclo_experimental_1/data/data_blur/train/Fighting028_x264-6b5602eb75_1_flip_lr_blur.mp4,/content/drive/MyDrive/ucf_experiments/ciclo_experimental_1/data/data_crop/train/Fighting028_x264-6b5602eb75_1_flip_lr_crop.mp4,1
600,/content/drive/MyDrive/ucf_experiments/ciclo_experimental_1/data/data_blur/train/Abuse022_x264-424132258e_0_flip_lr_blur.mp4,/content/drive/MyDrive/ucf_experiments/ciclo_experimental_1/data/data_crop/train/Abuse022_x264-424132258e_0_flip_lr_crop.mp4,0
601,/content/drive/MyDrive/ucf_experiments/ciclo_experimental_1/data/data_blur/train/Arrest044_x264-a974ec5423_1_flip_lr_blur.mp4,/content/drive/MyDrive/ucf_experiments/ciclo_experimental_1/data/data_crop/train/Arrest044_x264-a974ec5423_1_flip_lr_crop.mp4,1
602,/content/drive/MyDrive/ucf_experiments/ciclo_experimental_1/data/data_blur/train/Abuse017_x264-0bc2e00ddb_1_flip_lr_blur.mp4,/content/drive/MyDrive/ucf_experiments/ciclo_experimental_1/data/data_crop/train/Abuse017_x264-0bc2e00ddb_1_flip_lr_crop.mp4,1
603,/content/drive/MyDrive/ucf_experiments/ciclo_experimental_1/data/data_blur/train/Abuse017_x264-8f9aef9791_1_flip_lr_blur.mp4,/content/drive/MyDrive/ucf_experiments/ciclo_experimental_1/data/data_crop/train/Abuse017_x264-8f9aef9791_1_flip_lr_crop.mp4,1
604,/content/drive/MyDrive/ucf_experiments/ciclo_experimental_1/data/data_blur/train/Arrest046_x264-c349cb06be_0_flip_lr_blur.mp4,/content/drive/MyDrive/ucf_experiments/ciclo_experimental_1/data/data_crop/train/Arrest046_x264-c349cb06be_0_flip_lr_crop.mp4,0
605,/content/drive/MyDrive/ucf_experiments/ciclo_experimental_1/data/data_blur/train/Abuse049_x264-480b544596_0_flip_lr_blur.mp4,/content/drive/MyDrive/ucf_experiments/ciclo_experimental_1/data/data_crop/train/Abuse049_x264-480b544596_0_flip_lr_crop.mp4,0
606,/content/drive/MyDrive/ucf_experiments/ciclo_experimental_1/data/data_blur/train/Arrest049_x264-a17d90202f_1_flip_lr_blur.mp4,/content/drive/MyDrive/ucf_experiments/ciclo_experimental_1/data/data_crop/train/Arrest049_x264-a17d90202f_1_flip_lr_crop.mp4,1
607,/content/drive/MyDrive/ucf_experiments/ciclo_experimental_1/data/data_blur/train/Robbery080_x264-bb054fa286_0_flip_lr_blur.mp4,/content/drive/MyDrive/ucf_experiments/ciclo_experimental_1/data/data_crop/train/Robbery080_x264-bb054fa286_0_flip_lr_crop.mp4,0
608,/content/drive/MyDrive/ucf_experiments/ciclo_experimental_1/data/data_blur/train/Arrest026_x264-e88abf2f00_1_flip_lr_blur.mp4,/content/drive/MyDrive/ucf_experiments/ciclo_experimental_1/data/data_crop/train/Arrest026_x264-e88abf2f00_1_flip_lr_crop.mp4,1
609,/content/drive/MyDrive/ucf_experiments/ciclo_experimental_1/data/data_blur/train/Assault029_x264-ed139a795f_1_flip_lr_blur.mp4,/content/drive/MyDrive/ucf_experiments/ciclo_experimental_1/data/data_crop/train/Assault029_x264-ed139a795f_1_flip_lr_crop.mp4,1
610,/content/drive/MyDrive/ucf_experiments/ciclo_experimental_1/data/data_blur/train/Abuse046_x264-994dd18539_0_flip_lr_blur.mp4,/content/drive/MyDrive/ucf_experiments/ciclo_experimental_1/data/data_crop/train/Abuse046_x264-994dd18539_0_flip_lr_crop.mp4,0
611,/content/drive/MyDrive/ucf_experiments/ciclo_experimental_1/data/data_blur/train/Assault033_x264-f217a45d6c_1_flip_lr_blur.mp4,/content/drive/MyDrive/ucf_experiments/ciclo_experimental_1/data/data_crop/train/Assault033_x264-f217a45d6c_1_flip_lr_crop.mp4,1
612,/content/drive/MyDrive/ucf_experiments/ciclo_experimental_1/data/data_blur/train/Robbery076_x264-fb4dc2b088_0_flip_lr_blur.mp4,/content/drive/MyDrive/ucf_experiments/ciclo_experimental_1/data/data_crop/train/Robbery076_x264-fb4dc2b088_0_flip_lr_crop.mp4,0
613,/content/drive/MyDrive/ucf_experiments/ciclo_experimental_1/data/data_blur/train/Assault050_x264-22583c9af9_1_flip_lr_blur.mp4,/content/drive/MyDrive/ucf_experiments/ciclo_experimental_1/data/data_crop/train/Assault050_x264-22583c9af9_1_flip_lr_crop.mp4,1
614,/content/drive/MyDrive/ucf_experiments/ciclo_experimental_1/data/data_blur/train/Robbery020_x264-699582f833_0_flip_lr_blur.mp4,/content/drive/MyDrive/ucf_experiments/ciclo_experimental_1/data/data_crop/train/Robbery020_x264-699582f833_0_flip_lr_crop.mp4,0
615,/content/drive/MyDrive/ucf_experiments/ciclo_experimental_1/data/data_blur/train/Fighting014_x264-a734740b65_0_flip_lr_blur.mp4,/content/drive/MyDrive/ucf_experiments/ciclo_experimental_1/data/data_crop/train/Fighting014_x264-a734740b65_0_flip_lr_crop.mp4,0
616,/content/drive/MyDrive/ucf_experiments/ciclo_experimental_1/data/data_blur/train/Abuse043_x264-3bfef08aa0_1_flip_lr_blur.mp4,/content/drive/MyDrive/ucf_experiments/ciclo_experimental_1/data/data_crop/train/Abuse043_x264-3bfef08aa0_1_flip_lr_crop.mp4,1
617,/content/drive/MyDrive/ucf_experiments/ciclo_experimental_1/data/data_blur/train/Arrest021_x264-7e32dbd702_1_flip_lr_blur.mp4,/content/drive/MyDrive/ucf_experiments/ciclo_experimental_1/data/data_crop/train/Arrest021_x264-7e32dbd702_1_flip_lr_crop.mp4,1
618,/content/drive/MyDrive/ucf_experiments/ciclo_experimental_1/data/data_blur/train/Robbery003_x264-fbf8ee0619_0_flip_lr_blur.mp4,/content/drive/MyDrive/ucf_experiments/ciclo_experimental_1/data/data_crop/train/Robbery003_x264-fbf8ee0619_0_flip_lr_crop.mp4,0
619,/content/drive/MyDrive/ucf_experiments/ciclo_experimental_1/data/data_blur/train/Robbery100_x264-25e78c4c64_0_flip_lr_blur.mp4,/content/drive/MyDrive/ucf_experiments/ciclo_experimental_1/data/data_crop/train/Robbery100_x264-25e78c4c64_0_flip_lr_crop.mp4,0
620,/content/drive/MyDrive/ucf_experiments/ciclo_experimental_1/data/data_blur/train/Robbery062_x264-d242fa3001_1_flip_lr_blur.mp4,/content/drive/MyDrive/ucf_experiments/ciclo_experimental_1/data/data_crop/train/Robbery062_x264-d242fa3001_1_flip_lr_crop.mp4,1
621,/content/drive/MyDrive/ucf_experiments/ciclo_experimental_1/data/data_blur/train/Robbery033_x264-cd62692239_1_flip_lr_blur.mp4,/content/drive/MyDrive/ucf_experiments/ciclo_experimental_1/data/data_crop/train/Robbery033_x264-cd62692239_1_flip_lr_crop.mp4,1
622,/content/drive/MyDrive/ucf_experiments/ciclo_experimental_1/data/data_blur/train/Fighting007_x264-2c6dcbeb57_1_flip_lr_blur.mp4,/content/drive/MyDrive/ucf_experiments/ciclo_experimental_1/data/data_crop/train/Fighting007_x264-2c6dcbeb57_1_flip_lr_crop.mp4,1
623,/content/drive/MyDrive/ucf_experiments/ciclo_experimental_1/data/data_blur/train/Fighting004_x264-1608e4dfec_1_flip_lr_blur.mp4,/content/drive/MyDrive/ucf_experiments/ciclo_experimental_1/data/data_crop/train/Fighting004_x264-1608e4dfec_1_flip_lr_crop.mp4,1
624,/content/drive/MyDrive/ucf_experiments/ciclo_experimental_1/data/data_blur/train/Fighting008_x264-7c73b186d9_0_flip_lr_blur.mp4,/content/drive/MyDrive/ucf_experiments/ciclo_experimental_1/data/data_crop/train/Fighting008_x264-7c73b186d9_0_flip_lr_crop.mp4,0
625,/content/drive/MyDrive/ucf_experiments/ciclo_experimental_1/data/data_blur/train/Robbery006_x264-12fc980887_1_flip_lr_blur.mp4,/content/drive/MyDrive/ucf_experiments/ciclo_experimental_1/data/data_crop/train/Robbery006_x264-12fc980887_1_flip_lr_crop.mp4,1
626,/content/drive/MyDrive/ucf_experiments/ciclo_experimental_1/data/data_blur/train/Arrest049_x264-bc64f1e36f_0_flip_lr_blur.mp4,/content/drive/MyDrive/ucf_experiments/ciclo_experimental_1/data/data_crop/train/Arrest049_x264-bc64f1e36f_0_flip_lr_crop.mp4,0
627,/content/drive/MyDrive/ucf_experiments/ciclo_experimental_1/data/data_blur/train/Assault018_x264-ccf103bcca_1_flip_lr_blur.mp4,/content/drive/MyDrive/ucf_experiments/ciclo_experimental_1/data/data_crop/train/Assault018_x264-ccf103bcca_1_flip_lr_crop.mp4,1
628,/content/drive/MyDrive/ucf_experiments/ciclo_experimental_1/data/data_blur/train/Abuse018_x264-947468ccf3_1_flip_lr_blur.mp4,/content/drive/MyDrive/ucf_experiments/ciclo_experimental_1/data/data_crop/train/Abuse018_x264-947468ccf3_1_flip_lr_crop.mp4,1
629,/content/drive/MyDrive/ucf_experiments/ciclo_experimental_1/data/data_blur/train/Abuse024_x264-4be128b438_0_flip_lr_blur.mp4,/content/drive/MyDrive/ucf_experiments/ciclo_experimental_1/data/data_crop/train/Abuse024_x264-4be128b438_0_flip_lr_crop.mp4,0
630,/content/drive/MyDrive/ucf_experiments/ciclo_experimental_1/data/data_blur/train/Assault024_x264-9ad1ae7cfd_1_flip_lr_blur.mp4,/content/drive/MyDrive/ucf_experiments/ciclo_experimental_1/data/data_crop/train/Assault024_x264-9ad1ae7cfd_1_flip_lr_crop.mp4,1
631,/content/drive/MyDrive/ucf_experiments/ciclo_experimental_1/data/data_blur/train/Robbery055_x264-9590da4734_0_flip_lr_blur.mp4,/content/drive/MyDrive/ucf_experiments/ciclo_experimental_1/data/data_crop/train/Robbery055_x264-9590da4734_0_flip_lr_crop.mp4,0
632,/content/drive/MyDrive/ucf_experiments/ciclo_experimental_1/data/data_blur/train/Robbery051_x264-c88b6b285b_1_flip_lr_blur.mp4,/content/drive/MyDrive/ucf_experiments/ciclo_experimental_1/data/data_crop/train/Robbery051_x264-c88b6b285b_1_flip_lr_crop.mp4,1
633,/content/drive/MyDrive/ucf_experiments/ciclo_experimental_1/data/data_blur/train/Robbery098_x264-425bdd48d4_0_flip_lr_blur.mp4,/content/drive/MyDrive/ucf_experiments/ciclo_experimental_1/data/data_crop/train/Robbery098_x264-425bdd48d4_0_flip_lr_crop.mp4,0
634,/content/drive/MyDrive/ucf_experiments/ciclo_experimental_1/data/data_blur/train/Abuse035_x264-c8fe1e1032_1_flip_lr_blur.mp4,/content/drive/MyDrive/ucf_experiments/ciclo_experimental_1/data/data_crop/train/Abuse035_x264-c8fe1e1032_1_flip_lr_crop.mp4,1
635,/content/drive/MyDrive/ucf_experiments/ciclo_experimental_1/data/data_blur/train/Robbery090_x264-5162100e1d_0_flip_lr_blur.mp4,/content/drive/MyDrive/ucf_experiments/ciclo_experimental_1/data/data_crop/train/Robbery090_x264-5162100e1d_0_flip_lr_crop.mp4,0
636,/content/drive/MyDrive/ucf_experiments/ciclo_experimental_1/data/data_blur/train/Abuse004_x264-dd7cb42d95_0_flip_lr_blur.mp4,/content/drive/MyDrive/ucf_experiments/ciclo_experimental_1/data/data_crop/train/Abuse004_x264-dd7cb42d95_0_flip_lr_crop.mp4,0
637,/content/drive/MyDrive/ucf_experiments/ciclo_experimental_1/data/data_blur/train/Robbery099_x264-a0d0662fcf_1_flip_lr_blur.mp4,/content/drive/MyDrive/ucf_experiments/ciclo_experimental_1/data/data_crop/train/Robbery099_x264-a0d0662fcf_1_flip_lr_crop.mp4,1
638,/content/drive/MyDrive/ucf_experiments/ciclo_experimental_1/data/data_blur/train/Abuse027_x264-aa4b79d469_0_flip_lr_blur.mp4,/content/drive/MyDrive/ucf_experiments/ciclo_experimental_1/data/data_crop/train/Abuse027_x264-aa4b79d469_0_flip_lr_crop.mp4,0
639,/content/drive/MyDrive/ucf_experiments/ciclo_experimental_1/data/data_blur/train/Assault025_x264-77b5f6d7e8_0_flip_lr_blur.mp4,/content/drive/MyDrive/ucf_experiments/ciclo_experimental_1/data/data_crop/train/Assault025_x264-77b5f6d7e8_0_flip_lr_crop.mp4,0
640,/content/drive/MyDrive/ucf_experiments/ciclo_experimental_1/data/data_blur/train/Assault015_x264-ecff48ea05_0_flip_lr_blur.mp4,/content/drive/MyDrive/ucf_experiments/ciclo_experimental_1/data/data_crop/train/Assault015_x264-ecff48ea05_0_flip_lr_crop.mp4,0
641,/content/drive/MyDrive/ucf_experiments/ciclo_experimental_1/data/data_blur/train/Robbery038_x264-72f6ac4fe1_0_flip_lr_blur.mp4,/content/drive/MyDrive/ucf_experiments/ciclo_experimental_1/data/data_crop/train/Robbery038_x264-72f6ac4fe1_0_flip_lr_crop.mp4,0
642,/content/drive/MyDrive/ucf_experiments/ciclo_experimental_1/data/data_blur/train/Arrest035_x264-80be4ad773_0_flip_lr_blur.mp4,/content/drive/MyDrive/ucf_experiments/ciclo_experimental_1/data/data_crop/train/Arrest035_x264-80be4ad773_0_flip_lr_crop.mp4,0
643,/content/drive/MyDrive/ucf_experiments/ciclo_experimental_1/data/data_blur/train/Assault005_x264-3bbc8ace3d_0_flip_lr_blur.mp4,/content/drive/MyDrive/ucf_experiments/ciclo_experimental_1/data/data_crop/train/Assault005_x264-3bbc8ace3d_0_flip_lr_crop.mp4,0
644,/content/drive/MyDrive/ucf_experiments/ciclo_experimental_1/data/data_blur/train/Arrest023_x264-4ba9626a39_0_flip_lr_blur.mp4,/content/drive/MyDrive/ucf_experiments/ciclo_experimental_1/data/data_crop/train/Arrest023_x264-4ba9626a39_0_flip_lr_crop.mp4,0
645,/content/drive/MyDrive/ucf_experiments/ciclo_experimental_1/data/data_blur/train/Abuse027_x264-10af60c0bd_1_flip_lr_blur.mp4,/content/drive/MyDrive/ucf_experiments/ciclo_experimental_1/data/data_crop/train/Abuse027_x264-10af60c0bd_1_flip_lr_crop.mp4,1
646,/content/drive/MyDrive/ucf_experiments/ciclo_experimental_1/data/data_blur/train/Arrest005_x264-1e55617dc5_0_flip_lr_blur.mp4,/content/drive/MyDrive/ucf_experiments/ciclo_experimental_1/data/data_crop/train/Arrest005_x264-1e55617dc5_0_flip_lr_crop.mp4,0
647,/content/drive/MyDrive/ucf_experiments/ciclo_experimental_1/data/data_blur/train/Robbery016_x264-70f5900567_0_flip_lr_blur.mp4,/content/drive/MyDrive/ucf_experiments/ciclo_experimental_1/data/data_crop/train/Robbery016_x264-70f5900567_0_flip_lr_crop.mp4,0
648,/content/drive/MyDrive/ucf_experiments/ciclo_experimental_1/data/data_blur/train/Abuse003_x264-015d53ea81_1_flip_lr_blur.mp4,/content/drive/MyDrive/ucf_experiments/ciclo_experimental_1/data/data_crop/train/Abuse003_x264-015d53ea81_1_flip_lr_crop.mp4,1
649,/content/drive/MyDrive/ucf_experiments/ciclo_experimental_1/data/data_blur/train/Abuse006_x264-b4d83f2842_0_flip_lr_blur.mp4,/content/drive/MyDrive/ucf_experiments/ciclo_experimental_1/data/data_crop/train/Abuse006_x264-b4d83f2842_0_flip_lr_crop.mp4,0
650,/content/drive/MyDrive/ucf_experiments/ciclo_experimental_1/data/data_blur/train/Abuse020_x264-3d6a377538_0_flip_lr_blur.mp4,/content/drive/MyDrive/ucf_experiments/ciclo_experimental_1/data/data_crop/train/Abuse020_x264-3d6a377538_0_flip_lr_crop.mp4,0
651,/content/drive/MyDrive/ucf_experiments/ciclo_experimental_1/data/data_blur/train/Robbery035_x264-75c868ad84_0_flip_lr_blur.mp4,/content/drive/MyDrive/ucf_experiments/ciclo_experimental_1/data/data_crop/train/Robbery035_x264-75c868ad84_0_flip_lr_crop.mp4,0
652,/content/drive/MyDrive/ucf_experiments/ciclo_experimental_1/data/data_blur/train/Robbery105_x264-b38c94ac73_0_flip_lr_blur.mp4,/content/drive/MyDrive/ucf_experiments/ciclo_experimental_1/data/data_crop/train/Robbery105_x264-b38c94ac73_0_flip_lr_crop.mp4,0
653,/content/drive/MyDrive/ucf_experiments/ciclo_experimental_1/data/data_blur/train/Assault044_x264-7d0896d540_1_flip_lr_blur.mp4,/content/drive/MyDrive/ucf_experiments/ciclo_experimental_1/data/data_crop/train/Assault044_x264-7d0896d540_1_flip_lr_crop.mp4,1
654,/content/drive/MyDrive/ucf_experiments/ciclo_experimental_1/data/data_blur/train/Abuse050_x264-a1f538c0bd_1_flip_lr_blur.mp4,/content/drive/MyDrive/ucf_experiments/ciclo_experimental_1/data/data_crop/train/Abuse050_x264-a1f538c0bd_1_flip_lr_crop.mp4,1
655,/content/drive/MyDrive/ucf_experiments/ciclo_experimental_1/data/data_blur/train/Abuse038_x264-4b3c57ef18_0_flip_lr_blur.mp4,/content/drive/MyDrive/ucf_experiments/ciclo_experimental_1/data/data_crop/train/Abuse038_x264-4b3c57ef18_0_flip_lr_crop.mp4,0
656,/content/drive/MyDrive/ucf_experiments/ciclo_experimental_1/data/data_blur/train/Arrest025_x264-f32b9546dd_1_flip_lr_blur.mp4,/content/drive/MyDrive/ucf_experiments/ciclo_experimental_1/data/data_crop/train/Arrest025_x264-f32b9546dd_1_flip_lr_crop.mp4,1
657,/content/drive/MyDrive/ucf_experiments/ciclo_experimental_1/data/data_blur/train/Robbery057_x264-44f12a6e30_0_flip_lr_blur.mp4,/content/drive/MyDrive/ucf_experiments/ciclo_experimental_1/data/data_crop/train/Robbery057_x264-44f12a6e30_0_flip_lr_crop.mp4,0
658,/content/drive/MyDrive/ucf_experiments/ciclo_experimental_1/data/data_blur/train/Robbery041_x264-a4369dc286_1_flip_lr_blur.mp4,/content/drive/MyDrive/ucf_experiments/ciclo_experimental_1/data/data_crop/train/Robbery041_x264-a4369dc286_1_flip_lr_crop.mp4,1
659,/content/drive/MyDrive/ucf_experiments/ciclo_experimental_1/data/data_blur/train/Robbery008_x264-f5186cd461_1_flip_lr_blur.mp4,/content/drive/MyDrive/ucf_experiments/ciclo_experimental_1/data/data_crop/train/Robbery008_x264-f5186cd461_1_flip_lr_crop.mp4,1
660,/content/drive/MyDrive/ucf_experiments/ciclo_experimental_1/data/data_blur/train/Fighting011_x264-30ce5342a7_1_flip_lr_blur.mp4,/content/drive/MyDrive/ucf_experiments/ciclo_experimental_1/data/data_crop/train/Fighting011_x264-30ce5342a7_1_flip_lr_crop.mp4,1
661,/content/drive/MyDrive/ucf_experiments/ciclo_experimental_1/data/data_blur/train/Abuse022_x264-93ec145bf5_1_flip_lr_blur.mp4,/content/drive/MyDrive/ucf_experiments/ciclo_experimental_1/data/data_crop/train/Abuse022_x264-93ec145bf5_1_flip_lr_crop.mp4,1
662,/content/drive/MyDrive/ucf_experiments/ciclo_experimental_1/data/data_blur/train/Assault004_x264-bb2ee6c25b_1_flip_lr_blur.mp4,/content/drive/MyDrive/ucf_experiments/ciclo_experimental_1/data/data_crop/train/Assault004_x264-bb2ee6c25b_1_flip_lr_crop.mp4,1
663,/content/drive/MyDrive/ucf_experiments/ciclo_experimental_1/data/data_blur/train/Robbery107_x264-42d6d8ed67_0_flip_lr_blur.mp4,/content/drive/MyDrive/ucf_experiments/ciclo_experimental_1/data/data_crop/train/Robbery107_x264-42d6d8ed67_0_flip_lr_crop.mp4,0
664,/content/drive/MyDrive/ucf_experiments/ciclo_experimental_1/data/data_blur/train/Assault032_x264-afc92bf2ef_0_flip_lr_blur.mp4,/content/drive/MyDrive/ucf_experiments/ciclo_experimental_1/data/data_crop/train/Assault032_x264-afc92bf2ef_0_flip_lr_crop.mp4,0
665,/content/drive/MyDrive/ucf_experiments/ciclo_experimental_1/data/data_blur/train/Assault019_x264-f1321f2d80_0_flip_lr_blur.mp4,/content/drive/MyDrive/ucf_experiments/ciclo_experimental_1/data/data_crop/train/Assault019_x264-f1321f2d80_0_flip_lr_crop.mp4,0
666,/content/drive/MyDrive/ucf_experiments/ciclo_experimental_1/data/data_blur/train/Robbery086_x264-a56be1d93c_0_flip_lr_blur.mp4,/content/drive/MyDrive/ucf_experiments/ciclo_experimental_1/data/data_crop/train/Robbery086_x264-a56be1d93c_0_flip_lr_crop.mp4,0
667,/content/drive/MyDrive/ucf_experiments/ciclo_experimental_1/data/data_blur/train/Robbery054_x264-b642bcb0b5_0_flip_lr_blur.mp4,/content/drive/MyDrive/ucf_experiments/ciclo_experimental_1/data/data_crop/train/Robbery054_x264-b642bcb0b5_0_flip_lr_crop.mp4,0
668,/content/drive/MyDrive/ucf_experiments/ciclo_experimental_1/data/data_blur/train/Robbery098_x264-663a46799d_0_flip_lr_blur.mp4,/content/drive/MyDrive/ucf_experiments/ciclo_experimental_1/data/data_crop/train/Robbery098_x264-663a46799d_0_flip_lr_crop.mp4,0
669,/content/drive/MyDrive/ucf_experiments/ciclo_experimental_1/data/data_blur/train/Arrest003_x264-7043722f0e_1_flip_lr_blur.mp4,/content/drive/MyDrive/ucf_experiments/ciclo_experimental_1/data/data_crop/train/Arrest003_x264-7043722f0e_1_flip_lr_crop.mp4,1
670,/content/drive/MyDrive/ucf_experiments/ciclo_experimental_1/data/data_blur/train/Robbery060_x264-b6096bd4af_1_flip_lr_blur.mp4,/content/drive/MyDrive/ucf_experiments/ciclo_experimental_1/data/data_crop/train/Robbery060_x264-b6096bd4af_1_flip_lr_crop.mp4,1
671,/content/drive/MyDrive/ucf_experiments/ciclo_experimental_1/data/data_blur/train/Assault036_x264-7747638843_0_flip_lr_blur.mp4,/content/drive/MyDrive/ucf_experiments/ciclo_experimental_1/data/data_crop/train/Assault036_x264-7747638843_0_flip_lr_crop.mp4,0
672,/content/drive/MyDrive/ucf_experiments/ciclo_experimental_1/data/data_blur/train/Assault032_x264-48862fc731_0_flip_lr_blur.mp4,/content/drive/MyDrive/ucf_experiments/ciclo_experimental_1/data/data_crop/train/Assault032_x264-48862fc731_0_flip_lr_crop.mp4,0
673,/content/drive/MyDrive/ucf_experiments/ciclo_experimental_1/data/data_blur/train/Assault033_x264-84c7c5bb69_0_flip_lr_blur.mp4,/content/drive/MyDrive/ucf_experiments/ciclo_experimental_1/data/data_crop/train/Assault033_x264-84c7c5bb69_0_flip_lr_crop.mp4,0
674,/content/drive/MyDrive/ucf_experiments/ciclo_experimental_1/data/data_blur/train/Arrest016_x264-507c2c4e43_0_flip_lr_blur.mp4,/content/drive/MyDrive/ucf_experiments/ciclo_experimental_1/data/data_crop/train/Arrest016_x264-507c2c4e43_0_flip_lr_crop.mp4,0
675,/content/drive/MyDrive/ucf_experiments/ciclo_experimental_1/data/data_blur/train/Arrest026_x264-dee9f8521b_1_flip_lr_blur.mp4,/content/drive/MyDrive/ucf_experiments/ciclo_experimental_1/data/data_crop/train/Arrest026_x264-dee9f8521b_1_flip_lr_crop.mp4,1
676,/content/drive/MyDrive/ucf_experiments/ciclo_experimental_1/data/data_blur/train/Robbery027_x264-c88c16da5e_1_flip_lr_blur.mp4,/content/drive/MyDrive/ucf_experiments/ciclo_experimental_1/data/data_crop/train/Robbery027_x264-c88c16da5e_1_flip_lr_crop.mp4,1
677,/content/drive/MyDrive/ucf_experiments/ciclo_experimental_1/data/data_blur/train/Robbery025_x264-2ac66f59af_1_flip_lr_blur.mp4,/content/drive/MyDrive/ucf_experiments/ciclo_experimental_1/data/data_crop/train/Robbery025_x264-2ac66f59af_1_flip_lr_crop.mp4,1
678,/content/drive/MyDrive/ucf_experiments/ciclo_experimental_1/data/data_blur/train/Assault013_x264-1d46934fd9_1_flip_lr_blur.mp4,/content/drive/MyDrive/ucf_experiments/ciclo_experimental_1/data/data_crop/train/Assault013_x264-1d46934fd9_1_flip_lr_crop.mp4,1
679,/content/drive/MyDrive/ucf_experiments/ciclo_experimental_1/data/data_blur/train/Robbery030_x264-acb21bbe46_0_flip_lr_blur.mp4,/content/drive/MyDrive/ucf_experiments/ciclo_experimental_1/data/data_crop/train/Robbery030_x264-acb21bbe46_0_flip_lr_crop.mp4,0
680,/content/drive/MyDrive/ucf_experiments/ciclo_experimental_1/data/data_blur/train/Robbery015_x264-d20a0ec8d4_0_flip_lr_blur.mp4,/content/drive/MyDrive/ucf_experiments/ciclo_experimental_1/data/data_crop/train/Robbery015_x264-d20a0ec8d4_0_flip_lr_crop.mp4,0
681,/content/drive/MyDrive/ucf_experiments/ciclo_experimental_1/data/data_blur/train/Fighting040_x264-5d4934f283_0_flip_lr_blur.mp4,/content/drive/MyDrive/ucf_experiments/ciclo_experimental_1/data/data_crop/train/Fighting040_x264-5d4934f283_0_flip_lr_crop.mp4,0
682,/content/drive/MyDrive/ucf_experiments/ciclo_experimental_1/data/data_blur/train/Fighting049_x264-82854a5666_0_flip_lr_blur.mp4,/content/drive/MyDrive/ucf_experiments/ciclo_experimental_1/data/data_crop/train/Fighting049_x264-82854a5666_0_flip_lr_crop.mp4,0
683,/content/drive/MyDrive/ucf_experiments/ciclo_experimental_1/data/data_blur/train/Abuse008_x264-b18be0eeba_0_flip_lr_blur.mp4,/content/drive/MyDrive/ucf_experiments/ciclo_experimental_1/data/data_crop/train/Abuse008_x264-b18be0eeba_0_flip_lr_crop.mp4,0
684,/content/drive/MyDrive/ucf_experiments/ciclo_experimental_1/data/data_blur/train/Abuse026_x264-798fb28dbf_1_flip_lr_blur.mp4,/content/drive/MyDrive/ucf_experiments/ciclo_experimental_1/data/data_crop/train/Abuse026_x264-798fb28dbf_1_flip_lr_crop.mp4,1
685,/content/drive/MyDrive/ucf_experiments/ciclo_experimental_1/data/data_blur/train/Assault032_x264-bb68f8be19_1_flip_lr_blur.mp4,/content/drive/MyDrive/ucf_experiments/ciclo_experimental_1/data/data_crop/train/Assault032_x264-bb68f8be19_1_flip_lr_crop.mp4,1
686,/content/drive/MyDrive/ucf_experiments/ciclo_experimental_1/data/data_blur/train/Robbery081_x264-fa3449cd8c_0_flip_lr_blur.mp4,/content/drive/MyDrive/ucf_experiments/ciclo_experimental_1/data/data_crop/train/Robbery081_x264-fa3449cd8c_0_flip_lr_crop.mp4,0
687,/content/drive/MyDrive/ucf_experiments/ciclo_experimental_1/data/data_blur/train/Arrest011_x264-2ed5b0f491_0_flip_lr_blur.mp4,/content/drive/MyDrive/ucf_experiments/ciclo_experimental_1/data/data_crop/train/Arrest011_x264-2ed5b0f491_0_flip_lr_crop.mp4,0
688,/content/drive/MyDrive/ucf_experiments/ciclo_experimental_1/data/data_blur/train/Fighting051_x264-533554ede6_1_flip_lr_blur.mp4,/content/drive/MyDrive/ucf_experiments/ciclo_experimental_1/data/data_crop/train/Fighting051_x264-533554ede6_1_flip_lr_crop.mp4,1
689,/content/drive/MyDrive/ucf_experiments/ciclo_experimental_1/data/data_blur/train/Arrest023_x264-3c1b33f24a_1_flip_lr_blur.mp4,/content/drive/MyDrive/ucf_experiments/ciclo_experimental_1/data/data_crop/train/Arrest023_x264-3c1b33f24a_1_flip_lr_crop.mp4,1
690,/content/drive/MyDrive/ucf_experiments/ciclo_experimental_1/data/data_blur/train/Fighting004_x264-c6509b70cc_1_flip_lr_blur.mp4,/content/drive/MyDrive/ucf_experiments/ciclo_experimental_1/data/data_crop/train/Fighting004_x264-c6509b70cc_1_flip_lr_crop.mp4,1
691,/content/drive/MyDrive/ucf_experiments/ciclo_experimental_1/data/data_blur/train/Assault048_x264-d3ba1e90e0_0_flip_lr_blur.mp4,/content/drive/MyDrive/ucf_experiments/ciclo_experimental_1/data/data_crop/train/Assault048_x264-d3ba1e90e0_0_flip_lr_crop.mp4,0
692,/content/drive/MyDrive/ucf_experiments/ciclo_experimental_1/data/data_blur/train/Robbery019_x264-fc39684de1_1_flip_lr_blur.mp4,/content/drive/MyDrive/ucf_experiments/ciclo_experimental_1/data/data_crop/train/Robbery019_x264-fc39684de1_1_flip_lr_crop.mp4,1
693,/content/drive/MyDrive/ucf_experiments/ciclo_experimental_1/data/data_blur/train/Robbery006_x264-71153f9a0c_1_flip_lr_blur.mp4,/content/drive/MyDrive/ucf_experiments/ciclo_experimental_1/data/data_crop/train/Robbery006_x264-71153f9a0c_1_flip_lr_crop.mp4,1
694,/content/drive/MyDrive/ucf_experiments/ciclo_experimental_1/data/data_blur/train/Robbery047_x264-c849d8ba0a_1_flip_lr_blur.mp4,/content/drive/MyDrive/ucf_experiments/ciclo_experimental_1/data/data_crop/train/Robbery047_x264-c849d8ba0a_1_flip_lr_crop.mp4,1
695,/content/drive/MyDrive/ucf_experiments/ciclo_experimental_1/data/data_blur/train/Fighting006_x264-2d5550445e_0_flip_lr_blur.mp4,/content/drive/MyDrive/ucf_experiments/ciclo_experimental_1/data/data_crop/train/Fighting006_x264-2d5550445e_0_flip_lr_crop.mp4,0
696,/content/drive/MyDrive/ucf_experiments/ciclo_experimental_1/data/data_blur/train/Robbery105_x264-73b9f593e5_0_flip_lr_blur.mp4,/content/drive/MyDrive/ucf_experiments/ciclo_experimental_1/data/data_crop/train/Robbery105_x264-73b9f593e5_0_flip_lr_crop.mp4,0
697,/content/drive/MyDrive/ucf_experiments/ciclo_experimental_1/data/data_blur/train/Robbery059_x264-eaedad7f26_0_flip_lr_blur.mp4,/content/drive/MyDrive/ucf_experiments/ciclo_experimental_1/data/data_crop/train/Robbery059_x264-eaedad7f26_0_flip_lr_crop.mp4,0
698,/content/drive/MyDrive/ucf_experiments/ciclo_experimental_1/data/data_blur/train/Fighting026_x264-4bbcba89c2_1_flip_lr_blur.mp4,/content/drive/MyDrive/ucf_experiments/ciclo_experimental_1/data/data_crop/train/Fighting026_x264-4bbcba89c2_1_flip_lr_crop.mp4,1
699,/content/drive/MyDrive/ucf_experiments/ciclo_experimental_1/data/data_blur/train/Abuse045_x264-724adb413e_0_flip_lr_blur.mp4,/content/drive/MyDrive/ucf_experiments/ciclo_experimental_1/data/data_crop/train/Abuse045_x264-724adb413e_0_flip_lr_crop.mp4,0
700,/content/drive/MyDrive/ucf_experiments/ciclo_experimental_1/data/data_blur/train/Abuse021_x264-40c749b7b8_1_flip_lr_blur.mp4,/content/drive/MyDrive/ucf_experiments/ciclo_experimental_1/data/data_crop/train/Abuse021_x264-40c749b7b8_1_flip_lr_crop.mp4,1
701,/content/drive/MyDrive/ucf_experiments/ciclo_experimental_1/data/data_blur/train/Abuse009_x264-de51d9d10e_1_flip_lr_blur.mp4,/content/drive/MyDrive/ucf_experiments/ciclo_experimental_1/data/data_crop/train/Abuse009_x264-de51d9d10e_1_flip_lr_crop.mp4,1
702,/content/drive/MyDrive/ucf_experiments/ciclo_experimental_1/data/data_blur/train/Fighting027_x264-4880e15918_0_flip_lr_blur.mp4,/content/drive/MyDrive/ucf_experiments/ciclo_experimental_1/data/data_crop/train/Fighting027_x264-4880e15918_0_flip_lr_crop.mp4,0
703,/content/drive/MyDrive/ucf_experiments/ciclo_experimental_1/data/data_blur/train/Arrest022_x264-7ec486a1f6_0_flip_lr_blur.mp4,/content/drive/MyDrive/ucf_experiments/ciclo_experimental_1/data/data_crop/train/Arrest022_x264-7ec486a1f6_0_flip_lr_crop.mp4,0
704,/content/drive/MyDrive/ucf_experiments/ciclo_experimental_1/data/data_blur/train/Robbery104_x264-5d7e6d6554_0_flip_lr_blur.mp4,/content/drive/MyDrive/ucf_experiments/ciclo_experimental_1/data/data_crop/train/Robbery104_x264-5d7e6d6554_0_flip_lr_crop.mp4,0
705,/content/drive/MyDrive/ucf_experiments/ciclo_experimental_1/data/data_blur/train/Abuse005_x264-1e69693d77_1_flip_lr_blur.mp4,/content/drive/MyDrive/ucf_experiments/ciclo_experimental_1/data/data_crop/train/Abuse005_x264-1e69693d77_1_flip_lr_crop.mp4,1
706,/content/drive/MyDrive/ucf_experiments/ciclo_experimental_1/data/data_blur/train/Assault040_x264-07cfe6d496_0_flip_lr_blur.mp4,/content/drive/MyDrive/ucf_experiments/ciclo_experimental_1/data/data_crop/train/Assault040_x264-07cfe6d496_0_flip_lr_crop.mp4,0
707,/content/drive/MyDrive/ucf_experiments/ciclo_experimental_1/data/data_blur/train/Assault016_x264-3400059968_1_flip_lr_blur.mp4,/content/drive/MyDrive/ucf_experiments/ciclo_experimental_1/data/data_crop/train/Assault016_x264-3400059968_1_flip_lr_crop.mp4,1
708,/content/drive/MyDrive/ucf_experiments/ciclo_experimental_1/data/data_blur/train/Robbery090_x264-8f10f06a0f_0_flip_lr_blur.mp4,/content/drive/MyDrive/ucf_experiments/ciclo_experimental_1/data/data_crop/train/Robbery090_x264-8f10f06a0f_0_flip_lr_crop.mp4,0
709,/content/drive/MyDrive/ucf_experiments/ciclo_experimental_1/data/data_blur/train/Robbery097_x264-19a34b60eb_0_flip_lr_blur.mp4,/content/drive/MyDrive/ucf_experiments/ciclo_experimental_1/data/data_crop/train/Robbery097_x264-19a34b60eb_0_flip_lr_crop.mp4,0
710,/content/drive/MyDrive/ucf_experiments/ciclo_experimental_1/data/data_blur/train/Arrest044_x264-63bc094ea1_0_flip_lr_blur.mp4,/content/drive/MyDrive/ucf_experiments/ciclo_experimental_1/data/data_crop/train/Arrest044_x264-63bc094ea1_0_flip_lr_crop.mp4,0
711,/content/drive/MyDrive/ucf_experiments/ciclo_experimental_1/data/data_blur/train/Robbery056_x264-029c78c4e0_1_flip_lr_blur.mp4,/content/drive/MyDrive/ucf_experiments/ciclo_experimental_1/data/data_crop/train/Robbery056_x264-029c78c4e0_1_flip_lr_crop.mp4,1
712,/content/drive/MyDrive/ucf_experiments/ciclo_experimental_1/data/data_blur/train/Assault031_x264-25f34fb235_0_flip_lr_blur.mp4,/content/drive/MyDrive/ucf_experiments/ciclo_experimental_1/data/data_crop/train/Assault031_x264-25f34fb235_0_flip_lr_crop.mp4,0
713,/content/drive/MyDrive/ucf_experiments/ciclo_experimental_1/data/data_blur/train/Robbery091_x264-e01e265e06_1_flip_lr_blur.mp4,/content/drive/MyDrive/ucf_experiments/ciclo_experimental_1/data/data_crop/train/Robbery091_x264-e01e265e06_1_flip_lr_crop.mp4,1
714,/content/drive/MyDrive/ucf_experiments/ciclo_experimental_1/data/data_blur/train/Robbery060_x264-52e53afab2_1_flip_lr_blur.mp4,/content/drive/MyDrive/ucf_experiments/ciclo_experimental_1/data/data_crop/train/Robbery060_x264-52e53afab2_1_flip_lr_crop.mp4,1
715,/content/drive/MyDrive/ucf_experiments/ciclo_experimental_1/data/data_blur/train/Assault035_x264-f63e766d70_0_flip_lr_blur.mp4,/content/drive/MyDrive/ucf_experiments/ciclo_experimental_1/data/data_crop/train/Assault035_x264-f63e766d70_0_flip_lr_crop.mp4,0
716,/content/drive/MyDrive/ucf_experiments/ciclo_experimental_1/data/data_blur/train/Robbery003_x264-77ba7e73ab_0_flip_lr_blur.mp4,/content/drive/MyDrive/ucf_experiments/ciclo_experimental_1/data/data_crop/train/Robbery003_x264-77ba7e73ab_0_flip_lr_crop.mp4,0
717,/content/drive/MyDrive/ucf_experiments/ciclo_experimental_1/data/data_blur/train/Fighting010_x264-36e30aea24_0_flip_lr_blur.mp4,/content/drive/MyDrive/ucf_experiments/ciclo_experimental_1/data/data_crop/train/Fighting010_x264-36e30aea24_0_flip_lr_crop.mp4,0
718,/content/drive/MyDrive/ucf_experiments/ciclo_experimental_1/data/data_blur/train/Assault032_x264-da0dc1e180_1_flip_lr_blur.mp4,/content/drive/MyDrive/ucf_experiments/ciclo_experimental_1/data/data_crop/train/Assault032_x264-da0dc1e180_1_flip_lr_crop.mp4,1
719,/content/drive/MyDrive/ucf_experiments/ciclo_experimental_1/data/data_blur/train/Abuse048_x264-f0d1ca77c7_0_flip_lr_blur.mp4,/content/drive/MyDrive/ucf_experiments/ciclo_experimental_1/data/data_crop/train/Abuse048_x264-f0d1ca77c7_0_flip_lr_crop.mp4,0
720,/content/drive/MyDrive/ucf_experiments/ciclo_experimental_1/data/data_blur/train/Robbery034_x264-e7c054fe32_0_flip_lr_blur.mp4,/content/drive/MyDrive/ucf_experiments/ciclo_experimental_1/data/data_crop/train/Robbery034_x264-e7c054fe32_0_flip_lr_crop.mp4,0
721,/content/drive/MyDrive/ucf_experiments/ciclo_experimental_1/data/data_blur/train/Assault012_x264-68a65244ff_0_flip_lr_blur.mp4,/content/drive/MyDrive/ucf_experiments/ciclo_experimental_1/data/data_crop/train/Assault012_x264-68a65244ff_0_flip_lr_crop.mp4,0
722,/content/drive/MyDrive/ucf_experiments/ciclo_experimental_1/data/data_blur/train/Arrest011_x264-4c230f2df4_1_flip_lr_blur.mp4,/content/drive/MyDrive/ucf_experiments/ciclo_experimental_1/data/data_crop/train/Arrest011_x264-4c230f2df4_1_flip_lr_crop.mp4,1
723,/content/drive/MyDrive/ucf_experiments/ciclo_experimental_1/data/data_blur/train/Assault015_x264-2fff1db021_0_flip_lr_blur.mp4,/content/drive/MyDrive/ucf_experiments/ciclo_experimental_1/data/data_crop/train/Assault015_x264-2fff1db021_0_flip_lr_crop.mp4,0
724,/content/drive/MyDrive/ucf_experiments/ciclo_experimental_1/data/data_blur/train/Arrest041_x264-1810ab19b4_1_flip_lr_blur.mp4,/content/drive/MyDrive/ucf_experiments/ciclo_experimental_1/data/data_crop/train/Arrest041_x264-1810ab19b4_1_flip_lr_crop.mp4,1
725,/content/drive/MyDrive/ucf_experiments/ciclo_experimental_1/data/data_blur/train/Robbery031_x264-3a036ceb55_1_flip_lr_blur.mp4,/content/drive/MyDrive/ucf_experiments/ciclo_experimental_1/data/data_crop/train/Robbery031_x264-3a036ceb55_1_flip_lr_crop.mp4,1
726,/content/drive/MyDrive/ucf_experiments/ciclo_experimental_1/data/data_blur/train/Robbery023_x264-64b8709206_1_flip_lr_blur.mp4,/content/drive/MyDrive/ucf_experiments/ciclo_experimental_1/data/data_crop/train/Robbery023_x264-64b8709206_1_flip_lr_crop.mp4,1
727,/content/drive/MyDrive/ucf_experiments/ciclo_experimental_1/data/data_blur/train/Assault029_x264-143de1982d_1_flip_lr_blur.mp4,/content/drive/MyDrive/ucf_experiments/ciclo_experimental_1/data/data_crop/train/Assault029_x264-143de1982d_1_flip_lr_crop.mp4,1
728,/content/drive/MyDrive/ucf_experiments/ciclo_experimental_1/data/data_blur/train/Robbery038_x264-1891a8d5cc_1_flip_lr_blur.mp4,/content/drive/MyDrive/ucf_experiments/ciclo_experimental_1/data/data_crop/train/Robbery038_x264-1891a8d5cc_1_flip_lr_crop.mp4,1
729,/content/drive/MyDrive/ucf_experiments/ciclo_experimental_1/data/data_blur/train/Robbery033_x264-33930533e8_1_flip_lr_blur.mp4,/content/drive/MyDrive/ucf_experiments/ciclo_experimental_1/data/data_crop/train/Robbery033_x264-33930533e8_1_flip_lr_crop.mp4,1
730,/content/drive/MyDrive/ucf_experiments/ciclo_experimental_1/data/data_blur/train/Robbery009_x264-9e5a6a299b_0_flip_lr_blur.mp4,/content/drive/MyDrive/ucf_experiments/ciclo_experimental_1/data/data_crop/train/Robbery009_x264-9e5a6a299b_0_flip_lr_crop.mp4,0
731,/content/drive/MyDrive/ucf_experiments/ciclo_experimental_1/data/data_blur/train/Abuse006_x264-5644f17d5e_0_flip_lr_blur.mp4,/content/drive/MyDrive/ucf_experiments/ciclo_experimental_1/data/data_crop/train/Abuse006_x264-5644f17d5e_0_flip_lr_crop.mp4,0
732,/content/drive/MyDrive/ucf_experiments/ciclo_experimental_1/data/data_blur/train/Abuse012_x264-b13dc8cec0_1_flip_lr_blur.mp4,/content/drive/MyDrive/ucf_experiments/ciclo_experimental_1/data/data_crop/train/Abuse012_x264-b13dc8cec0_1_flip_lr_crop.mp4,1
733,/content/drive/MyDrive/ucf_experiments/ciclo_experimental_1/data/data_blur/train/Robbery093_x264-c00c8cdf79_0_flip_lr_blur.mp4,/content/drive/MyDrive/ucf_experiments/ciclo_experimental_1/data/data_crop/train/Robbery093_x264-c00c8cdf79_0_flip_lr_crop.mp4,0
734,/content/drive/MyDrive/ucf_experiments/ciclo_experimental_1/data/data_blur/train/Abuse045_x264-4f600206df_1_flip_lr_blur.mp4,/content/drive/MyDrive/ucf_experiments/ciclo_experimental_1/data/data_crop/train/Abuse045_x264-4f600206df_1_flip_lr_crop.mp4,1
735,/content/drive/MyDrive/ucf_experiments/ciclo_experimental_1/data/data_blur/train/Robbery032_x264-a8bcad3436_0_flip_lr_blur.mp4,/content/drive/MyDrive/ucf_experiments/ciclo_experimental_1/data/data_crop/train/Robbery032_x264-a8bcad3436_0_flip_lr_crop.mp4,0
736,/content/drive/MyDrive/ucf_experiments/ciclo_experimental_1/data/data_blur/train/Robbery035_x264-c74a57bbae_0_flip_lr_blur.mp4,/content/drive/MyDrive/ucf_experiments/ciclo_experimental_1/data/data_crop/train/Robbery035_x264-c74a57bbae_0_flip_lr_crop.mp4,0
737,/content/drive/MyDrive/ucf_experiments/ciclo_experimental_1/data/data_blur/train/Assault003_x264-cca1c1dd65_1_flip_lr_blur.mp4,/content/drive/MyDrive/ucf_experiments/ciclo_experimental_1/data/data_crop/train/Assault003_x264-cca1c1dd65_1_flip_lr_crop.mp4,1
738,/content/drive/MyDrive/ucf_experiments/ciclo_experimental_1/data/data_blur/train/Abuse004_x264-9b696cca89_1_flip_lr_blur.mp4,/content/drive/MyDrive/ucf_experiments/ciclo_experimental_1/data/data_crop/train/Abuse004_x264-9b696cca89_1_flip_lr_crop.mp4,1
739,/content/drive/MyDrive/ucf_experiments/ciclo_experimental_1/data/data_blur/train/Assault015_x264-6ee3ebca33_1_flip_lr_blur.mp4,/content/drive/MyDrive/ucf_experiments/ciclo_experimental_1/data/data_crop/train/Assault015_x264-6ee3ebca33_1_flip_lr_crop.mp4,1
740,/content/drive/MyDrive/ucf_experiments/ciclo_experimental_1/data/data_blur/train/Arrest031_x264-d4f66b852a_0_flip_lr_blur.mp4,/content/drive/MyDrive/ucf_experiments/ciclo_experimental_1/data/data_crop/train/Arrest031_x264-d4f66b852a_0_flip_lr_crop.mp4,0
741,/content/drive/MyDrive/ucf_experiments/ciclo_experimental_1/data/data_blur/train/Assault046_x264-5fed7e6d48_1_flip_lr_blur.mp4,/content/drive/MyDrive/ucf_experiments/ciclo_experimental_1/data/data_crop/train/Assault046_x264-5fed7e6d48_1_flip_lr_crop.mp4,1
742,/content/drive/MyDrive/ucf_experiments/ciclo_experimental_1/data/data_blur/train/Fighting030_x264-9a865487da_1_flip_lr_blur.mp4,/content/drive/MyDrive/ucf_experiments/ciclo_experimental_1/data/data_crop/train/Fighting030_x264-9a865487da_1_flip_lr_crop.mp4,1
743,/content/drive/MyDrive/ucf_experiments/ciclo_experimental_1/data/data_blur/train/Abuse004_x264-8cf9e6af67_1_flip_lr_blur.mp4,/content/drive/MyDrive/ucf_experiments/ciclo_experimental_1/data/data_crop/train/Abuse004_x264-8cf9e6af67_1_flip_lr_crop.mp4,1
744,/content/drive/MyDrive/ucf_experiments/ciclo_experimental_1/data/data_blur/train/Robbery060_x264-c646db8693_1_flip_lr_blur.mp4,/content/drive/MyDrive/ucf_experiments/ciclo_experimental_1/data/data_crop/train/Robbery060_x264-c646db8693_1_flip_lr_crop.mp4,1
745,/content/drive/MyDrive/ucf_experiments/ciclo_experimental_1/data/data_blur/train/Robbery028_x264-5ad0e8a215_0_flip_lr_blur.mp4,/content/drive/MyDrive/ucf_experiments/ciclo_experimental_1/data/data_crop/train/Robbery028_x264-5ad0e8a215_0_flip_lr_crop.mp4,0
746,/content/drive/MyDrive/ucf_experiments/ciclo_experimental_1/data/data_blur/train/Abuse023_x264-669af7ad25_1_flip_lr_blur.mp4,/content/drive/MyDrive/ucf_experiments/ciclo_experimental_1/data/data_crop/train/Abuse023_x264-669af7ad25_1_flip_lr_crop.mp4,1
747,/content/drive/MyDrive/ucf_experiments/ciclo_experimental_1/data/data_blur/train/Fighting007_x264-2442fedf1e_1_flip_lr_blur.mp4,/content/drive/MyDrive/ucf_experiments/ciclo_experimental_1/data/data_crop/train/Fighting007_x264-2442fedf1e_1_flip_lr_crop.mp4,1
748,/content/drive/MyDrive/ucf_experiments/ciclo_experimental_1/data/data_blur/train/Abuse042_x264-bdd0bb241b_0_flip_lr_blur.mp4,/content/drive/MyDrive/ucf_experiments/ciclo_experimental_1/data/data_crop/train/Abuse042_x264-bdd0bb241b_0_flip_lr_crop.mp4,0
749,/content/drive/MyDrive/ucf_experiments/ciclo_experimental_1/data/data_blur/train/Fighting004_x264-9efac3d7c9_0_flip_lr_blur.mp4,/content/drive/MyDrive/ucf_experiments/ciclo_experimental_1/data/data_crop/train/Fighting004_x264-9efac3d7c9_0_flip_lr_crop.mp4,0
750,/content/drive/MyDrive/ucf_experiments/ciclo_experimental_1/data/data_blur/train/Assault015_x264-986e9d4c73_1_flip_lr_blur.mp4,/content/drive/MyDrive/ucf_experiments/ciclo_experimental_1/data/data_crop/train/Assault015_x264-986e9d4c73_1_flip_lr_crop.mp4,1
751,/content/drive/MyDrive/ucf_experiments/ciclo_experimental_1/data/data_blur/train/Arrest046_x264-734b3a7bb3_0_flip_lr_blur.mp4,/content/drive/MyDrive/ucf_experiments/ciclo_experimental_1/data/data_crop/train/Arrest046_x264-734b3a7bb3_0_flip_lr_crop.mp4,0
752,/content/drive/MyDrive/ucf_experiments/ciclo_experimental_1/data/data_blur/train/Abuse003_x264-34d35de8f0_0_flip_lr_blur.mp4,/content/drive/MyDrive/ucf_experiments/ciclo_experimental_1/data/data_crop/train/Abuse003_x264-34d35de8f0_0_flip_lr_crop.mp4,0
753,/content/drive/MyDrive/ucf_experiments/ciclo_experimental_1/data/data_blur/train/Abuse021_x264-d2509f6d6d_1_flip_lr_blur.mp4,/content/drive/MyDrive/ucf_experiments/ciclo_experimental_1/data/data_crop/train/Abuse021_x264-d2509f6d6d_1_flip_lr_crop.mp4,1
754,/content/drive/MyDrive/ucf_experiments/ciclo_experimental_1/data/data_blur/train/Robbery037_x264-18e676ee09_0_flip_lr_blur.mp4,/content/drive/MyDrive/ucf_experiments/ciclo_experimental_1/data/data_crop/train/Robbery037_x264-18e676ee09_0_flip_lr_crop.mp4,0
755,/content/drive/MyDrive/ucf_experiments/ciclo_experimental_1/data/data_blur/train/Abuse012_x264-9219aefd01_0_flip_lr_blur.mp4,/content/drive/MyDrive/ucf_experiments/ciclo_experimental_1/data/data_crop/train/Abuse012_x264-9219aefd01_0_flip_lr_crop.mp4,0
756,/content/drive/MyDrive/ucf_experiments/ciclo_experimental_1/data/data_blur/train/Fighting024_x264-45574dfa50_1_flip_lr_blur.mp4,/content/drive/MyDrive/ucf_experiments/ciclo_experimental_1/data/data_crop/train/Fighting024_x264-45574dfa50_1_flip_lr_crop.mp4,1
757,/content/drive/MyDrive/ucf_experiments/ciclo_experimental_1/data/data_blur/train/Robbery022_x264-a514c44ac4_1_flip_lr_blur.mp4,/content/drive/MyDrive/ucf_experiments/ciclo_experimental_1/data/data_crop/train/Robbery022_x264-a514c44ac4_1_flip_lr_crop.mp4,1
758,/content/drive/MyDrive/ucf_experiments/ciclo_experimental_1/data/data_blur/train/Arrest032_x264-54c7bb82b4_1_flip_lr_blur.mp4,/content/drive/MyDrive/ucf_experiments/ciclo_experimental_1/data/data_crop/train/Arrest032_x264-54c7bb82b4_1_flip_lr_crop.mp4,1
759,/content/drive/MyDrive/ucf_experiments/ciclo_experimental_1/data/data_blur/train/Assault014_x264-48bc8762b8_0_flip_lr_blur.mp4,/content/drive/MyDrive/ucf_experiments/ciclo_experimental_1/data/data_crop/train/Assault014_x264-48bc8762b8_0_flip_lr_crop.mp4,0
760,/content/drive/MyDrive/ucf_experiments/ciclo_experimental_1/data/data_blur/train/Robbery071_x264-339941177c_0_flip_lr_blur.mp4,/content/drive/MyDrive/ucf_experiments/ciclo_experimental_1/data/data_crop/train/Robbery071_x264-339941177c_0_flip_lr_crop.mp4,0
761,/content/drive/MyDrive/ucf_experiments/ciclo_experimental_1/data/data_blur/train/Abuse048_x264-581a8c4c50_1_flip_lr_blur.mp4,/content/drive/MyDrive/ucf_experiments/ciclo_experimental_1/data/data_crop/train/Abuse048_x264-581a8c4c50_1_flip_lr_crop.mp4,1
762,/content/drive/MyDrive/ucf_experiments/ciclo_experimental_1/data/data_blur/train/Robbery055_x264-0f59f796cc_0_flip_lr_blur.mp4,/content/drive/MyDrive/ucf_experiments/ciclo_experimental_1/data/data_crop/train/Robbery055_x264-0f59f796cc_0_flip_lr_crop.mp4,0
763,/content/drive/MyDrive/ucf_experiments/ciclo_experimental_1/data/data_blur/train/Fighting021_x264-3f827eed3d_0_flip_lr_blur.mp4,/content/drive/MyDrive/ucf_experiments/ciclo_experimental_1/data/data_crop/train/Fighting021_x264-3f827eed3d_0_flip_lr_crop.mp4,0
764,/content/drive/MyDrive/ucf_experiments/ciclo_experimental_1/data/data_blur/train/Robbery057_x264-85cb4ce148_0_flip_lr_blur.mp4,/content/drive/MyDrive/ucf_experiments/ciclo_experimental_1/data/data_crop/train/Robbery057_x264-85cb4ce148_0_flip_lr_crop.mp4,0
765,/content/drive/MyDrive/ucf_experiments/ciclo_experimental_1/data/data_blur/train/Fighting006_x264-27094fc912_1_flip_lr_blur.mp4,/content/drive/MyDrive/ucf_experiments/ciclo_experimental_1/data/data_crop/train/Fighting006_x264-27094fc912_1_flip_lr_crop.mp4,1
766,/content/drive/MyDrive/ucf_experiments/ciclo_experimental_1/data/data_blur/train/Arrest026_x264-96131fc371_1_flip_lr_blur.mp4,/content/drive/MyDrive/ucf_experiments/ciclo_experimental_1/data/data_crop/train/Arrest026_x264-96131fc371_1_flip_lr_crop.mp4,1
767,/content/drive/MyDrive/ucf_experiments/ciclo_experimental_1/data/data_blur/train/Robbery043_x264-1d17a7ca8b_0_flip_lr_blur.mp4,/content/drive/MyDrive/ucf_experiments/ciclo_experimental_1/data/data_crop/train/Robbery043_x264-1d17a7ca8b_0_flip_lr_crop.mp4,0
768,/content/drive/MyDrive/ucf_experiments/ciclo_experimental_1/data/data_blur/train/Arrest033_x264-e6f74fded5_1_flip_lr_blur.mp4,/content/drive/MyDrive/ucf_experiments/ciclo_experimental_1/data/data_crop/train/Arrest033_x264-e6f74fded5_1_flip_lr_crop.mp4,1
769,/content/drive/MyDrive/ucf_experiments/ciclo_experimental_1/data/data_blur/train/Abuse012_x264-ac22e2f1f8_0_flip_lr_blur.mp4,/content/drive/MyDrive/ucf_experiments/ciclo_experimental_1/data/data_crop/train/Abuse012_x264-ac22e2f1f8_0_flip_lr_crop.mp4,0
770,/content/drive/MyDrive/ucf_experiments/ciclo_experimental_1/data/data_blur/train/Arrest029_x264-638d97dd30_1_flip_lr_blur.mp4,/content/drive/MyDrive/ucf_experiments/ciclo_experimental_1/data/data_crop/train/Arrest029_x264-638d97dd30_1_flip_lr_crop.mp4,1
771,/content/drive/MyDrive/ucf_experiments/ciclo_experimental_1/data/data_blur/train/Assault032_x264-d7a1e9d842_1_flip_lr_blur.mp4,/content/drive/MyDrive/ucf_experiments/ciclo_experimental_1/data/data_crop/train/Assault032_x264-d7a1e9d842_1_flip_lr_crop.mp4,1
772,/content/drive/MyDrive/ucf_experiments/ciclo_experimental_1/data/data_blur/train/Robbery023_x264-92b96588ba_1_flip_lr_blur.mp4,/content/drive/MyDrive/ucf_experiments/ciclo_experimental_1/data/data_crop/train/Robbery023_x264-92b96588ba_1_flip_lr_crop.mp4,1
773,/content/drive/MyDrive/ucf_experiments/ciclo_experimental_1/data/data_blur/train/Abuse017_x264-5d0d207742_1_flip_lr_blur.mp4,/content/drive/MyDrive/ucf_experiments/ciclo_experimental_1/data/data_crop/train/Abuse017_x264-5d0d207742_1_flip_lr_crop.mp4,1
774,/content/drive/MyDrive/ucf_experiments/ciclo_experimental_1/data/data_blur/train/Robbery067_x264-c3532ef353_1_flip_lr_blur.mp4,/content/drive/MyDrive/ucf_experiments/ciclo_experimental_1/data/data_crop/train/Robbery067_x264-c3532ef353_1_flip_lr_crop.mp4,1
775,/content/drive/MyDrive/ucf_experiments/ciclo_experimental_1/data/data_blur/train/Assault028_x264-713bfb2267_0_flip_lr_blur.mp4,/content/drive/MyDrive/ucf_experiments/ciclo_experimental_1/data/data_crop/train/Assault028_x264-713bfb2267_0_flip_lr_crop.mp4,0
776,/content/drive/MyDrive/ucf_experiments/ciclo_experimental_1/data/data_blur/train/Robbery082_x264-d92ec7c7b0_0_flip_lr_blur.mp4,/content/drive/MyDrive/ucf_experiments/ciclo_experimental_1/data/data_crop/train/Robbery082_x264-d92ec7c7b0_0_flip_lr_crop.mp4,0
777,/content/drive/MyDrive/ucf_experiments/ciclo_experimental_1/data/data_blur/train/Arrest049_x264-2f01ddf998_1_flip_lr_blur.mp4,/content/drive/MyDrive/ucf_experiments/ciclo_experimental_1/data/data_crop/train/Arrest049_x264-2f01ddf998_1_flip_lr_crop.mp4,1
778,/content/drive/MyDrive/ucf_experiments/ciclo_experimental_1/data/data_blur/train/Abuse024_x264-063edb9a19_0_flip_lr_blur.mp4,/content/drive/MyDrive/ucf_experiments/ciclo_experimental_1/data/data_crop/train/Abuse024_x264-063edb9a19_0_flip_lr_crop.mp4,0
779,/content/drive/MyDrive/ucf_experiments/ciclo_experimental_1/data/data_blur/train/Robbery085_x264-1c6f13a772_0_flip_lr_blur.mp4,/content/drive/MyDrive/ucf_experiments/ciclo_experimental_1/data/data_crop/train/Robbery085_x264-1c6f13a772_0_flip_lr_crop.mp4,0
780,/content/drive/MyDrive/ucf_experiments/ciclo_experimental_1/data/data_blur/train/Assault032_x264-f2177db181_0_flip_lr_blur.mp4,/content/drive/MyDrive/ucf_experiments/ciclo_experimental_1/data/data_crop/train/Assault032_x264-f2177db181_0_flip_lr_crop.mp4,0
781,/content/drive/MyDrive/ucf_experiments/ciclo_experimental_1/data/data_blur/train/Arrest041_x264-bbd01f0fa8_1_flip_lr_blur.mp4,/content/drive/MyDrive/ucf_experiments/ciclo_experimental_1/data/data_crop/train/Arrest041_x264-bbd01f0fa8_1_flip_lr_crop.mp4,1
782,/content/drive/MyDrive/ucf_experiments/ciclo_experimental_1/data/data_blur/train/Fighting030_x264-2f722a0fc7_0_flip_lr_blur.mp4,/content/drive/MyDrive/ucf_experiments/ciclo_experimental_1/data/data_crop/train/Fighting030_x264-2f722a0fc7_0_flip_lr_crop.mp4,0
783,/content/drive/MyDrive/ucf_experiments/ciclo_experimental_1/data/data_blur/train/Assault004_x264-cc9fdfed77_0_flip_lr_blur.mp4,/content/drive/MyDrive/ucf_experiments/ciclo_experimental_1/data/data_crop/train/Assault004_x264-cc9fdfed77_0_flip_lr_crop.mp4,0
784,/content/drive/MyDrive/ucf_experiments/ciclo_experimental_1/data/data_blur/train/Abuse049_x264-5e43552e7b_0_flip_lr_blur.mp4,/content/drive/MyDrive/ucf_experiments/ciclo_experimental_1/data/data_crop/train/Abuse049_x264-5e43552e7b_0_flip_lr_crop.mp4,0
785,/content/drive/MyDrive/ucf_experiments/ciclo_experimental_1/data/data_blur/train/Assault045_x264-21f7c9c9aa_0_flip_lr_blur.mp4,/content/drive/MyDrive/ucf_experiments/ciclo_experimental_1/data/data_crop/train/Assault045_x264-21f7c9c9aa_0_flip_lr_crop.mp4,0
786,/content/drive/MyDrive/ucf_experiments/ciclo_experimental_1/data/data_blur/train/Abuse043_x264-b48bb46345_0_flip_lr_blur.mp4,/content/drive/MyDrive/ucf_experiments/ciclo_experimental_1/data/data_crop/train/Abuse043_x264-b48bb46345_0_flip_lr_crop.mp4,0
787,/content/drive/MyDrive/ucf_experiments/ciclo_experimental_1/data/data_blur/train/Robbery026_x264-1673364897_1_flip_lr_blur.mp4,/content/drive/MyDrive/ucf_experiments/ciclo_experimental_1/data/data_crop/train/Robbery026_x264-1673364897_1_flip_lr_crop.mp4,1
788,/content/drive/MyDrive/ucf_experiments/ciclo_experimental_1/data/data_blur/train/Arrest002_x264-3d7486d520_1_flip_lr_blur.mp4,/content/drive/MyDrive/ucf_experiments/ciclo_experimental_1/data/data_crop/train/Arrest002_x264-3d7486d520_1_flip_lr_crop.mp4,1
789,/content/drive/MyDrive/ucf_experiments/ciclo_experimental_1/data/data_blur/train/Robbery003_x264-78a27a5191_0_flip_lr_blur.mp4,/content/drive/MyDrive/ucf_experiments/ciclo_experimental_1/data/data_crop/train/Robbery003_x264-78a27a5191_0_flip_lr_crop.mp4,0
790,/content/drive/MyDrive/ucf_experiments/ciclo_experimental_1/data/data_blur/train/Abuse050_x264-edb3e89aac_0_flip_lr_blur.mp4,/content/drive/MyDrive/ucf_experiments/ciclo_experimental_1/data/data_crop/train/Abuse050_x264-edb3e89aac_0_flip_lr_crop.mp4,0
791,/content/drive/MyDrive/ucf_experiments/ciclo_experimental_1/data/data_blur/train/Robbery025_x264-9752fc9120_1_flip_lr_blur.mp4,/content/drive/MyDrive/ucf_experiments/ciclo_experimental_1/data/data_crop/train/Robbery025_x264-9752fc9120_1_flip_lr_crop.mp4,1
792,/content/drive/MyDrive/ucf_experiments/ciclo_experimental_1/data/data_blur/train/Robbery043_x264-ef09414142_1_flip_lr_blur.mp4,/content/drive/MyDrive/ucf_experiments/ciclo_experimental_1/data/data_crop/train/Robbery043_x264-ef09414142_1_flip_lr_crop.mp4,1
793,/content/drive/MyDrive/ucf_experiments/ciclo_experimental_1/data/data_blur/train/Robbery042_x264-dbe7f6ffed_0_flip_lr_blur.mp4,/content/drive/MyDrive/ucf_experiments/ciclo_experimental_1/data/data_crop/train/Robbery042_x264-dbe7f6ffed_0_flip_lr_crop.mp4,0
794,/content/drive/MyDrive/ucf_experiments/ciclo_experimental_1/data/data_blur/train/Robbery008_x264-d724fa5859_0_flip_lr_blur.mp4,/content/drive/MyDrive/ucf_experiments/ciclo_experimental_1/data/data_crop/train/Robbery008_x264-d724fa5859_0_flip_lr_crop.mp4,0
795,/content/drive/MyDrive/ucf_experiments/ciclo_experimental_1/data/data_blur/train/Fighting016_x264-bd3fd535b2_1_flip_lr_blur.mp4,/content/drive/MyDrive/ucf_experiments/ciclo_experimental_1/data/data_crop/train/Fighting016_x264-bd3fd535b2_1_flip_lr_crop.mp4,1
796,/content/drive/MyDrive/ucf_experiments/ciclo_experimental_1/data/data_blur/train/Assault019_x264-c43245cf69_0_flip_lr_blur.mp4,/content/drive/MyDrive/ucf_experiments/ciclo_experimental_1/data/data_crop/train/Assault019_x264-c43245cf69_0_flip_lr_crop.mp4,0
797,/content/drive/MyDrive/ucf_experiments/ciclo_experimental_1/data/data_blur/train/Robbery039_x264-d4d27f9841_1_flip_lr_blur.mp4,/content/drive/MyDrive/ucf_experiments/ciclo_experimental_1/data/data_crop/train/Robbery039_x264-d4d27f9841_1_flip_lr_crop.mp4,1
798,/content/drive/MyDrive/ucf_experiments/ciclo_experimental_1/data/data_blur/train/Robbery100_x264-97ff8f6aa6_1_flip_lr_blur.mp4,/content/drive/MyDrive/ucf_experiments/ciclo_experimental_1/data/data_crop/train/Robbery100_x264-97ff8f6aa6_1_flip_lr_crop.mp4,1
799,/content/drive/MyDrive/ucf_experiments/ciclo_experimental_1/data/data_blur/train/Fighting011_x264-c5266a2fce_0_flip_lr_blur.mp4,/content/drive/MyDrive/ucf_experiments/ciclo_experimental_1/data/data_crop/train/Fighting011_x264-c5266a2fce_0_flip_lr_crop.mp4,0
800,/content/drive/MyDrive/ucf_experiments/ciclo_experimental_1/data/data_blur/train/Fighting009_x264-4ef9a79063_0_flip_lr_blur.mp4,/content/drive/MyDrive/ucf_experiments/ciclo_experimental_1/data/data_crop/train/Fighting009_x264-4ef9a79063_0_flip_lr_crop.mp4,0
801,/content/drive/MyDrive/ucf_experiments/ciclo_experimental_1/data/data_blur/train/Abuse012_x264-3608b4dd77_0_flip_lr_blur.mp4,/content/drive/MyDrive/ucf_experiments/ciclo_experimental_1/data/data_crop/train/Abuse012_x264-3608b4dd77_0_flip_lr_crop.mp4,0
802,/content/drive/MyDrive/ucf_experiments/ciclo_experimental_1/data/data_blur/train/Robbery100_x264-9ef91f91a2_0_flip_lr_blur.mp4,/content/drive/MyDrive/ucf_experiments/ciclo_experimental_1/data/data_crop/train/Robbery100_x264-9ef91f91a2_0_flip_lr_crop.mp4,0
803,/content/drive/MyDrive/ucf_experiments/ciclo_experimental_1/data/data_blur/train/Assault030_x264-aa4fc7f950_1_flip_lr_blur.mp4,/content/drive/MyDrive/ucf_experiments/ciclo_experimental_1/data/data_crop/train/Assault030_x264-aa4fc7f950_1_flip_lr_crop.mp4,1
804,/content/drive/MyDrive/ucf_experiments/ciclo_experimental_1/data/data_blur/train/Robbery053_x264-8d1c50abd4_0_flip_lr_blur.mp4,/content/drive/MyDrive/ucf_experiments/ciclo_experimental_1/data/data_crop/train/Robbery053_x264-8d1c50abd4_0_flip_lr_crop.mp4,0
805,/content/drive/MyDrive/ucf_experiments/ciclo_experimental_1/data/data_blur/train/Assault030_x264-7a35260ccc_0_flip_lr_blur.mp4,/content/drive/MyDrive/ucf_experiments/ciclo_experimental_1/data/data_crop/train/Assault030_x264-7a35260ccc_0_flip_lr_crop.mp4,0
806,/content/drive/MyDrive/ucf_experiments/ciclo_experimental_1/data/data_blur/train/Assault047_x264-c3f714fd23_0_flip_lr_blur.mp4,/content/drive/MyDrive/ucf_experiments/ciclo_experimental_1/data/data_crop/train/Assault047_x264-c3f714fd23_0_flip_lr_crop.mp4,0
807,/content/drive/MyDrive/ucf_experiments/ciclo_experimental_1/data/data_blur/train/Fighting050_x264-09fdd5b157_1_flip_lr_blur.mp4,/content/drive/MyDrive/ucf_experiments/ciclo_experimental_1/data/data_crop/train/Fighting050_x264-09fdd5b157_1_flip_lr_crop.mp4,1
808,/content/drive/MyDrive/ucf_experiments/ciclo_experimental_1/data/data_blur/train/Robbery071_x264-6e2f16cd87_0_flip_lr_blur.mp4,/content/drive/MyDrive/ucf_experiments/ciclo_experimental_1/data/data_crop/train/Robbery071_x264-6e2f16cd87_0_flip_lr_crop.mp4,0
809,/content/drive/MyDrive/ucf_experiments/ciclo_experimental_1/data/data_blur/train/Robbery002_x264-9d960e1964_0_flip_lr_blur.mp4,/content/drive/MyDrive/ucf_experiments/ciclo_experimental_1/data/data_crop/train/Robbery002_x264-9d960e1964_0_flip_lr_crop.mp4,0
810,/content/drive/MyDrive/ucf_experiments/ciclo_experimental_1/data/data_blur/train/Arrest009_x264-71d1c7ee4e_0_flip_lr_blur.mp4,/content/drive/MyDrive/ucf_experiments/ciclo_experimental_1/data/data_crop/train/Arrest009_x264-71d1c7ee4e_0_flip_lr_crop.mp4,0
811,/content/drive/MyDrive/ucf_experiments/ciclo_experimental_1/data/data_blur/train/Abuse015_x264-806f8f087b_0_flip_lr_blur.mp4,/content/drive/MyDrive/ucf_experiments/ciclo_experimental_1/data/data_crop/train/Abuse015_x264-806f8f087b_0_flip_lr_crop.mp4,0
812,/content/drive/MyDrive/ucf_experiments/ciclo_experimental_1/data/data_blur/train/Robbery020_x264-27633bb0da_0_flip_lr_blur.mp4,/content/drive/MyDrive/ucf_experiments/ciclo_experimental_1/data/data_crop/train/Robbery020_x264-27633bb0da_0_flip_lr_crop.mp4,0
813,/content/drive/MyDrive/ucf_experiments/ciclo_experimental_1/data/data_blur/train/Robbery033_x264-0c763d9930_1_flip_lr_blur.mp4,/content/drive/MyDrive/ucf_experiments/ciclo_experimental_1/data/data_crop/train/Robbery033_x264-0c763d9930_1_flip_lr_crop.mp4,1
814,/content/drive/MyDrive/ucf_experiments/ciclo_experimental_1/data/data_blur/train/Arrest002_x264-9fd473de67_1_flip_lr_blur.mp4,/content/drive/MyDrive/ucf_experiments/ciclo_experimental_1/data/data_crop/train/Arrest002_x264-9fd473de67_1_flip_lr_crop.mp4,1
815,/content/drive/MyDrive/ucf_experiments/ciclo_experimental_1/data/data_blur/train/Robbery054_x264-412d2b83e2_0_flip_lr_blur.mp4,/content/drive/MyDrive/ucf_experiments/ciclo_experimental_1/data/data_crop/train/Robbery054_x264-412d2b83e2_0_flip_lr_crop.mp4,0
816,/content/drive/MyDrive/ucf_experiments/ciclo_experimental_1/data/data_blur/train/Fighting019_x264-7a8278da1b_1_flip_lr_blur.mp4,/content/drive/MyDrive/ucf_experiments/ciclo_experimental_1/data/data_crop/train/Fighting019_x264-7a8278da1b_1_flip_lr_crop.mp4,1
817,/content/drive/MyDrive/ucf_experiments/ciclo_experimental_1/data/data_blur/train/Fighting051_x264-60bf1fb605_0_flip_lr_blur.mp4,/content/drive/MyDrive/ucf_experiments/ciclo_experimental_1/data/data_crop/train/Fighting051_x264-60bf1fb605_0_flip_lr_crop.mp4,0
818,/content/drive/MyDrive/ucf_experiments/ciclo_experimental_1/data/data_blur/train/Robbery056_x264-ee5a8df4c3_1_flip_lr_blur.mp4,/content/drive/MyDrive/ucf_experiments/ciclo_experimental_1/data/data_crop/train/Robbery056_x264-ee5a8df4c3_1_flip_lr_crop.mp4,1
819,/content/drive/MyDrive/ucf_experiments/ciclo_experimental_1/data/data_blur/train/Fighting049_x264-2eb8b80cb2_1_flip_lr_blur.mp4,/content/drive/MyDrive/ucf_experiments/ciclo_experimental_1/data/data_crop/train/Fighting049_x264-2eb8b80cb2_1_flip_lr_crop.mp4,1
820,/content/drive/MyDrive/ucf_experiments/ciclo_experimental_1/data/data_blur/train/Assault007_x264-afa5ee1a27_1_flip_lr_blur.mp4,/content/drive/MyDrive/ucf_experiments/ciclo_experimental_1/data/data_crop/train/Assault007_x264-afa5ee1a27_1_flip_lr_crop.mp4,1
821,/content/drive/MyDrive/ucf_experiments/ciclo_experimental_1/data/data_blur/train/Assault033_x264-6c0fc2fa54_0_flip_lr_blur.mp4,/content/drive/MyDrive/ucf_experiments/ciclo_experimental_1/data/data_crop/train/Assault033_x264-6c0fc2fa54_0_flip_lr_crop.mp4,0
822,/content/drive/MyDrive/ucf_experiments/ciclo_experimental_1/data/data_blur/train/Assault026_x264-fe3247b352_1_flip_lr_blur.mp4,/content/drive/MyDrive/ucf_experiments/ciclo_experimental_1/data/data_crop/train/Assault026_x264-fe3247b352_1_flip_lr_crop.mp4,1
823,/content/drive/MyDrive/ucf_experiments/ciclo_experimental_1/data/data_blur/train/Arrest029_x264-e043692a88_1_flip_lr_blur.mp4,/content/drive/MyDrive/ucf_experiments/ciclo_experimental_1/data/data_crop/train/Arrest029_x264-e043692a88_1_flip_lr_crop.mp4,1
824,/content/drive/MyDrive/ucf_experiments/ciclo_experimental_1/data/data_blur/train/Robbery019_x264-de5b580f50_1_flip_lr_blur.mp4,/content/drive/MyDrive/ucf_experiments/ciclo_experimental_1/data/data_crop/train/Robbery019_x264-de5b580f50_1_flip_lr_crop.mp4,1
825,/content/drive/MyDrive/ucf_experiments/ciclo_experimental_1/data/data_blur/train/Robbery082_x264-f847e3ed12_0_flip_lr_blur.mp4,/content/drive/MyDrive/ucf_experiments/ciclo_experimental_1/data/data_crop/train/Robbery082_x264-f847e3ed12_0_flip_lr_crop.mp4,0
826,/content/drive/MyDrive/ucf_experiments/ciclo_experimental_1/data/data_blur/train/Assault007_x264-815ce5a21f_1_flip_lr_blur.mp4,/content/drive/MyDrive/ucf_experiments/ciclo_experimental_1/data/data_crop/train/Assault007_x264-815ce5a21f_1_flip_lr_crop.mp4,1
827,/content/drive/MyDrive/ucf_experiments/ciclo_experimental_1/data/data_blur/train/Assault002_x264-c3242460d0_0_flip_lr_blur.mp4,/content/drive/MyDrive/ucf_experiments/ciclo_experimental_1/data/data_crop/train/Assault002_x264-c3242460d0_0_flip_lr_crop.mp4,0
828,/content/drive/MyDrive/ucf_experiments/ciclo_experimental_1/data/data_blur/train/Fighting043_x264-e923270248_0_flip_lr_blur.mp4,/content/drive/MyDrive/ucf_experiments/ciclo_experimental_1/data/data_crop/train/Fighting043_x264-e923270248_0_flip_lr_crop.mp4,0
829,/content/drive/MyDrive/ucf_experiments/ciclo_experimental_1/data/data_blur/train/Abuse023_x264-b6bc1015fb_1_flip_lr_blur.mp4,/content/drive/MyDrive/ucf_experiments/ciclo_experimental_1/data/data_crop/train/Abuse023_x264-b6bc1015fb_1_flip_lr_crop.mp4,1
830,/content/drive/MyDrive/ucf_experiments/ciclo_experimental_1/data/data_blur/train/Robbery038_x264-098124080e_1_flip_lr_blur.mp4,/content/drive/MyDrive/ucf_experiments/ciclo_experimental_1/data/data_crop/train/Robbery038_x264-098124080e_1_flip_lr_crop.mp4,1
831,/content/drive/MyDrive/ucf_experiments/ciclo_experimental_1/data/data_blur/train/Robbery078_x264-0ca49c71ad_1_flip_lr_blur.mp4,/content/drive/MyDrive/ucf_experiments/ciclo_experimental_1/data/data_crop/train/Robbery078_x264-0ca49c71ad_1_flip_lr_crop.mp4,1
832,/content/drive/MyDrive/ucf_experiments/ciclo_experimental_1/data/data_blur/train/Arrest046_x264-9bbe35698e_1_flip_lr_blur.mp4,/content/drive/MyDrive/ucf_experiments/ciclo_experimental_1/data/data_crop/train/Arrest046_x264-9bbe35698e_1_flip_lr_crop.mp4,1
833,/content/drive/MyDrive/ucf_experiments/ciclo_experimental_1/data/data_blur/train/Fighting035_x264-d6a427fd68_0_flip_lr_blur.mp4,/content/drive/MyDrive/ucf_experiments/ciclo_experimental_1/data/data_crop/train/Fighting035_x264-d6a427fd68_0_flip_lr_crop.mp4,0
834,/content/drive/MyDrive/ucf_experiments/ciclo_experimental_1/data/data_blur/train/Assault001_x264-99f620c9e0_1_flip_lr_blur.mp4,/content/drive/MyDrive/ucf_experiments/ciclo_experimental_1/data/data_crop/train/Assault001_x264-99f620c9e0_1_flip_lr_crop.mp4,1
835,/content/drive/MyDrive/ucf_experiments/ciclo_experimental_1/data/data_blur/train/Assault017_x264-9175baf0dc_0_flip_lr_blur.mp4,/content/drive/MyDrive/ucf_experiments/ciclo_experimental_1/data/data_crop/train/Assault017_x264-9175baf0dc_0_flip_lr_crop.mp4,0
836,/content/drive/MyDrive/ucf_experiments/ciclo_experimental_1/data/data_blur/train/Fighting044_x264-0be9e423ae_1_flip_lr_blur.mp4,/content/drive/MyDrive/ucf_experiments/ciclo_experimental_1/data/data_crop/train/Fighting044_x264-0be9e423ae_1_flip_lr_crop.mp4,1
837,/content/drive/MyDrive/ucf_experiments/ciclo_experimental_1/data/data_blur/train/Assault019_x264-cbb978b6d8_0_flip_lr_blur.mp4,/content/drive/MyDrive/ucf_experiments/ciclo_experimental_1/data/data_crop/train/Assault019_x264-cbb978b6d8_0_flip_lr_crop.mp4,0
838,/content/drive/MyDrive/ucf_experiments/ciclo_experimental_1/data/data_blur/train/Abuse046_x264-652908f495_0_flip_lr_blur.mp4,/content/drive/MyDrive/ucf_experiments/ciclo_experimental_1/data/data_crop/train/Abuse046_x264-652908f495_0_flip_lr_crop.mp4,0
839,/content/drive/MyDrive/ucf_experiments/ciclo_experimental_1/data/data_blur/train/Abuse019_x264-2ad42692fb_0_flip_lr_blur.mp4,/content/drive/MyDrive/ucf_experiments/ciclo_experimental_1/data/data_crop/train/Abuse019_x264-2ad42692fb_0_flip_lr_crop.mp4,0
840,/content/drive/MyDrive/ucf_experiments/ciclo_experimental_1/data/data_blur/train/Robbery080_x264-3e44af4665_1_flip_lr_blur.mp4,/content/drive/MyDrive/ucf_experiments/ciclo_experimental_1/data/data_crop/train/Robbery080_x264-3e44af4665_1_flip_lr_crop.mp4,1
841,/content/drive/MyDrive/ucf_experiments/ciclo_experimental_1/data/data_blur/train/Arrest002_x264-9a7e22e28b_1_flip_lr_blur.mp4,/content/drive/MyDrive/ucf_experiments/ciclo_experimental_1/data/data_crop/train/Arrest002_x264-9a7e22e28b_1_flip_lr_crop.mp4,1
842,/content/drive/MyDrive/ucf_experiments/ciclo_experimental_1/data/data_blur/train/Abuse043_x264-e494328b85_1_flip_lr_blur.mp4,/content/drive/MyDrive/ucf_experiments/ciclo_experimental_1/data/data_crop/train/Abuse043_x264-e494328b85_1_flip_lr_crop.mp4,1
843,/content/drive/MyDrive/ucf_experiments/ciclo_experimental_1/data/data_blur/train/Arrest023_x264-37d7245bf8_1_flip_lr_blur.mp4,/content/drive/MyDrive/ucf_experiments/ciclo_experimental_1/data/data_crop/train/Arrest023_x264-37d7245bf8_1_flip_lr_crop.mp4,1
844,/content/drive/MyDrive/ucf_experiments/ciclo_experimental_1/data/data_blur/train/Fighting010_x264-7afe4c4943_0_flip_lr_blur.mp4,/content/drive/MyDrive/ucf_experiments/ciclo_experimental_1/data/data_crop/train/Fighting010_x264-7afe4c4943_0_flip_lr_crop.mp4,0
845,/content/drive/MyDrive/ucf_experiments/ciclo_experimental_1/data/data_blur/train/Fighting011_x264-62e35d8bef_1_flip_lr_blur.mp4,/content/drive/MyDrive/ucf_experiments/ciclo_experimental_1/data/data_crop/train/Fighting011_x264-62e35d8bef_1_flip_lr_crop.mp4,1
846,/content/drive/MyDrive/ucf_experiments/ciclo_experimental_1/data/data_blur/train/Robbery035_x264-4ae1ca6f63_1_flip_lr_blur.mp4,/content/drive/MyDrive/ucf_experiments/ciclo_experimental_1/data/data_crop/train/Robbery035_x264-4ae1ca6f63_1_flip_lr_crop.mp4,1
847,/content/drive/MyDrive/ucf_experiments/ciclo_experimental_1/data/data_blur/train/Robbery104_x264-1b4fa990f4_0_flip_lr_blur.mp4,/content/drive/MyDrive/ucf_experiments/ciclo_experimental_1/data/data_crop/train/Robbery104_x264-1b4fa990f4_0_flip_lr_crop.mp4,0
848,/content/drive/MyDrive/ucf_experiments/ciclo_experimental_1/data/data_blur/train/Assault049_x264-fe4b3bdb6b_1_flip_lr_blur.mp4,/content/drive/MyDrive/ucf_experiments/ciclo_experimental_1/data/data_crop/train/Assault049_x264-fe4b3bdb6b_1_flip_lr_crop.mp4,1
849,/content/drive/MyDrive/ucf_experiments/ciclo_experimental_1/data/data_blur/train/Arrest003_x264-b4d12c0963_0_flip_lr_blur.mp4,/content/drive/MyDrive/ucf_experiments/ciclo_experimental_1/data/data_crop/train/Arrest003_x264-b4d12c0963_0_flip_lr_crop.mp4,0
850,/content/drive/MyDrive/ucf_experiments/ciclo_experimental_1/data/data_blur/train/Robbery013_x264-9cc9617633_1_flip_lr_blur.mp4,/content/drive/MyDrive/ucf_experiments/ciclo_experimental_1/data/data_crop/train/Robbery013_x264-9cc9617633_1_flip_lr_crop.mp4,1
851,/content/drive/MyDrive/ucf_experiments/ciclo_experimental_1/data/data_blur/train/Robbery017_x264-47fd1157e7_0_flip_lr_blur.mp4,/content/drive/MyDrive/ucf_experiments/ciclo_experimental_1/data/data_crop/train/Robbery017_x264-47fd1157e7_0_flip_lr_crop.mp4,0
852,/content/drive/MyDrive/ucf_experiments/ciclo_experimental_1/data/data_blur/train/Fighting024_x264-d3fc5ba6ce_0_flip_lr_blur.mp4,/content/drive/MyDrive/ucf_experiments/ciclo_experimental_1/data/data_crop/train/Fighting024_x264-d3fc5ba6ce_0_flip_lr_crop.mp4,0
853,/content/drive/MyDrive/ucf_experiments/ciclo_experimental_1/data/data_blur/train/Arrest003_x264-97735e82b8_1_flip_lr_blur.mp4,/content/drive/MyDrive/ucf_experiments/ciclo_experimental_1/data/data_crop/train/Arrest003_x264-97735e82b8_1_flip_lr_crop.mp4,1
854,/content/drive/MyDrive/ucf_experiments/ciclo_experimental_1/data/data_blur/train/Assault035_x264-c567f88d85_1_flip_lr_blur.mp4,/content/drive/MyDrive/ucf_experiments/ciclo_experimental_1/data/data_crop/train/Assault035_x264-c567f88d85_1_flip_lr_crop.mp4,1
855,/content/drive/MyDrive/ucf_experiments/ciclo_experimental_1/data/data_blur/train/Robbery031_x264-8e5b8d5a88_0_flip_lr_blur.mp4,/content/drive/MyDrive/ucf_experiments/ciclo_experimental_1/data/data_crop/train/Robbery031_x264-8e5b8d5a88_0_flip_lr_crop.mp4,0
856,/content/drive/MyDrive/ucf_experiments/ciclo_experimental_1/data/data_blur/train/Abuse023_x264-b1655260f9_1_flip_lr_blur.mp4,/content/drive/MyDrive/ucf_experiments/ciclo_experimental_1/data/data_crop/train/Abuse023_x264-b1655260f9_1_flip_lr_crop.mp4,1
857,/content/drive/MyDrive/ucf_experiments/ciclo_experimental_1/data/data_blur/train/Arrest041_x264-0f6cac0a1f_0_flip_lr_blur.mp4,/content/drive/MyDrive/ucf_experiments/ciclo_experimental_1/data/data_crop/train/Arrest041_x264-0f6cac0a1f_0_flip_lr_crop.mp4,0
858,/content/drive/MyDrive/ucf_experiments/ciclo_experimental_1/data/data_blur/train/Arrest051_x264-9fe986b1c3_0_flip_lr_blur.mp4,/content/drive/MyDrive/ucf_experiments/ciclo_experimental_1/data/data_crop/train/Arrest051_x264-9fe986b1c3_0_flip_lr_crop.mp4,0
859,/content/drive/MyDrive/ucf_experiments/ciclo_experimental_1/data/data_blur/train/Robbery070_x264-4cd5c462ac_1_flip_lr_blur.mp4,/content/drive/MyDrive/ucf_experiments/ciclo_experimental_1/data/data_crop/train/Robbery070_x264-4cd5c462ac_1_flip_lr_crop.mp4,1
860,/content/drive/MyDrive/ucf_experiments/ciclo_experimental_1/data/data_blur/train/Robbery016_x264-78e05d2bed_1_flip_lr_blur.mp4,/content/drive/MyDrive/ucf_experiments/ciclo_experimental_1/data/data_crop/train/Robbery016_x264-78e05d2bed_1_flip_lr_crop.mp4,1
861,/content/drive/MyDrive/ucf_experiments/ciclo_experimental_1/data/data_blur/train/Robbery016_x264-20db6cd191_0_flip_lr_blur.mp4,/content/drive/MyDrive/ucf_experiments/ciclo_experimental_1/data/data_crop/train/Robbery016_x264-20db6cd191_0_flip_lr_crop.mp4,0
862,/content/drive/MyDrive/ucf_experiments/ciclo_experimental_1/data/data_blur/train/Robbery100_x264-c9f12a4e51_0_flip_lr_blur.mp4,/content/drive/MyDrive/ucf_experiments/ciclo_experimental_1/data/data_crop/train/Robbery100_x264-c9f12a4e51_0_flip_lr_crop.mp4,0
863,/content/drive/MyDrive/ucf_experiments/ciclo_experimental_1/data/data_blur/train/Robbery090_x264-09a97dee9d_1_flip_lr_blur.mp4,/content/drive/MyDrive/ucf_experiments/ciclo_experimental_1/data/data_crop/train/Robbery090_x264-09a97dee9d_1_flip_lr_crop.mp4,1
864,/content/drive/MyDrive/ucf_experiments/ciclo_experimental_1/data/data_blur/train/Abuse017_x264-69ca69bd3d_1_flip_lr_blur.mp4,/content/drive/MyDrive/ucf_experiments/ciclo_experimental_1/data/data_crop/train/Abuse017_x264-69ca69bd3d_1_flip_lr_crop.mp4,1
865,/content/drive/MyDrive/ucf_experiments/ciclo_experimental_1/data/data_blur/train/Robbery025_x264-faa1b57d03_0_flip_lr_blur.mp4,/content/drive/MyDrive/ucf_experiments/ciclo_experimental_1/data/data_crop/train/Robbery025_x264-faa1b57d03_0_flip_lr_crop.mp4,0
866,/content/drive/MyDrive/ucf_experiments/ciclo_experimental_1/data/data_blur/train/Arrest016_x264-d20237982d_0_flip_lr_blur.mp4,/content/drive/MyDrive/ucf_experiments/ciclo_experimental_1/data/data_crop/train/Arrest016_x264-d20237982d_0_flip_lr_crop.mp4,0
867,/content/drive/MyDrive/ucf_experiments/ciclo_experimental_1/data/data_blur/train/Arrest046_x264-7b0fe19f65_0_flip_lr_blur.mp4,/content/drive/MyDrive/ucf_experiments/ciclo_experimental_1/data/data_crop/train/Arrest046_x264-7b0fe19f65_0_flip_lr_crop.mp4,0
868,/content/drive/MyDrive/ucf_experiments/ciclo_experimental_1/data/data_blur/train/Robbery100_x264-10b2e82853_1_flip_lr_blur.mp4,/content/drive/MyDrive/ucf_experiments/ciclo_experimental_1/data/data_crop/train/Robbery100_x264-10b2e82853_1_flip_lr_crop.mp4,1
869,/content/drive/MyDrive/ucf_experiments/ciclo_experimental_1/data/data_blur/train/Robbery060_x264-8e9d48d7e8_1_flip_lr_blur.mp4,/content/drive/MyDrive/ucf_experiments/ciclo_experimental_1/data/data_crop/train/Robbery060_x264-8e9d48d7e8_1_flip_lr_crop.mp4,1
870,/content/drive/MyDrive/ucf_experiments/ciclo_experimental_1/data/data_blur/train/Assault027_x264-2437846436_1_flip_lr_blur.mp4,/content/drive/MyDrive/ucf_experiments/ciclo_experimental_1/data/data_crop/train/Assault027_x264-2437846436_1_flip_lr_crop.mp4,1
871,/content/drive/MyDrive/ucf_experiments/ciclo_experimental_1/data/data_blur/train/Robbery016_x264-224271d8c7_0_flip_lr_blur.mp4,/content/drive/MyDrive/ucf_experiments/ciclo_experimental_1/data/data_crop/train/Robbery016_x264-224271d8c7_0_flip_lr_crop.mp4,0
872,/content/drive/MyDrive/ucf_experiments/ciclo_experimental_1/data/data_blur/train/Assault045_x264-962c82f98a_0_flip_lr_blur.mp4,/content/drive/MyDrive/ucf_experiments/ciclo_experimental_1/data/data_crop/train/Assault045_x264-962c82f98a_0_flip_lr_crop.mp4,0
873,/content/drive/MyDrive/ucf_experiments/ciclo_experimental_1/data/data_blur/train/Robbery031_x264-ba138ce601_0_flip_lr_blur.mp4,/content/drive/MyDrive/ucf_experiments/ciclo_experimental_1/data/data_crop/train/Robbery031_x264-ba138ce601_0_flip_lr_crop.mp4,0
874,/content/drive/MyDrive/ucf_experiments/ciclo_experimental_1/data/data_blur/train/Fighting044_x264-750505a9d6_0_flip_lr_blur.mp4,/content/drive/MyDrive/ucf_experiments/ciclo_experimental_1/data/data_crop/train/Fighting044_x264-750505a9d6_0_flip_lr_crop.mp4,0
875,/content/drive/MyDrive/ucf_experiments/ciclo_experimental_1/data/data_blur/train/Abuse012_x264-8d3d2644b4_0_flip_lr_blur.mp4,/content/drive/MyDrive/ucf_experiments/ciclo_experimental_1/data/data_crop/train/Abuse012_x264-8d3d2644b4_0_flip_lr_crop.mp4,0
876,/content/drive/MyDrive/ucf_experiments/ciclo_experimental_1/data/data_blur/train/Assault040_x264-46c550bcf8_1_flip_lr_blur.mp4,/content/drive/MyDrive/ucf_experiments/ciclo_experimental_1/data/data_crop/train/Assault040_x264-46c550bcf8_1_flip_lr_crop.mp4,1
877,/content/drive/MyDrive/ucf_experiments/ciclo_experimental_1/data/data_blur/train/Assault036_x264-7f9b72f84d_1_flip_lr_blur.mp4,/content/drive/MyDrive/ucf_experiments/ciclo_experimental_1/data/data_crop/train/Assault036_x264-7f9b72f84d_1_flip_lr_crop.mp4,1
878,/content/drive/MyDrive/ucf_experiments/ciclo_experimental_1/data/data_blur/train/Abuse029_x264-b14b79eac7_0_flip_lr_blur.mp4,/content/drive/MyDrive/ucf_experiments/ciclo_experimental_1/data/data_crop/train/Abuse029_x264-b14b79eac7_0_flip_lr_crop.mp4,0
879,/content/drive/MyDrive/ucf_experiments/ciclo_experimental_1/data/data_blur/train/Arrest026_x264-159c2298bb_1_flip_lr_blur.mp4,/content/drive/MyDrive/ucf_experiments/ciclo_experimental_1/data/data_crop/train/Arrest026_x264-159c2298bb_1_flip_lr_crop.mp4,1
880,/content/drive/MyDrive/ucf_experiments/ciclo_experimental_1/data/data_blur/train/Robbery033_x264-d14517ee27_1_flip_lr_blur.mp4,/content/drive/MyDrive/ucf_experiments/ciclo_experimental_1/data/data_crop/train/Robbery033_x264-d14517ee27_1_flip_lr_crop.mp4,1
881,/content/drive/MyDrive/ucf_experiments/ciclo_experimental_1/data/data_blur/train/Abuse018_x264-cb7d5733fb_1_flip_lr_blur.mp4,/content/drive/MyDrive/ucf_experiments/ciclo_experimental_1/data/data_crop/train/Abuse018_x264-cb7d5733fb_1_flip_lr_crop.mp4,1
882,/content/drive/MyDrive/ucf_experiments/ciclo_experimental_1/data/data_blur/train/Abuse042_x264-c5ed1e6bd5_0_flip_lr_blur.mp4,/content/drive/MyDrive/ucf_experiments/ciclo_experimental_1/data/data_crop/train/Abuse042_x264-c5ed1e6bd5_0_flip_lr_crop.mp4,0
883,/content/drive/MyDrive/ucf_experiments/ciclo_experimental_1/data/data_blur/train/Robbery090_x264-4eda7d4ff9_1_flip_lr_blur.mp4,/content/drive/MyDrive/ucf_experiments/ciclo_experimental_1/data/data_crop/train/Robbery090_x264-4eda7d4ff9_1_flip_lr_crop.mp4,1
884,/content/drive/MyDrive/ucf_experiments/ciclo_experimental_1/data/data_blur/train/Abuse023_x264-569d8e95c7_1_flip_lr_blur.mp4,/content/drive/MyDrive/ucf_experiments/ciclo_experimental_1/data/data_crop/train/Abuse023_x264-569d8e95c7_1_flip_lr_crop.mp4,1
885,/content/drive/MyDrive/ucf_experiments/ciclo_experimental_1/data/data_blur/train/Fighting014_x264-fe63672756_1_flip_lr_blur.mp4,/content/drive/MyDrive/ucf_experiments/ciclo_experimental_1/data/data_crop/train/Fighting014_x264-fe63672756_1_flip_lr_crop.mp4,1
886,/content/drive/MyDrive/ucf_experiments/ciclo_experimental_1/data/data_blur/train/Fighting028_x264-398dd9816e_1_flip_lr_blur.mp4,/content/drive/MyDrive/ucf_experiments/ciclo_experimental_1/data/data_crop/train/Fighting028_x264-398dd9816e_1_flip_lr_crop.mp4,1
887,/content/drive/MyDrive/ucf_experiments/ciclo_experimental_1/data/data_blur/train/Abuse035_x264-842eb009ff_0_flip_lr_blur.mp4,/content/drive/MyDrive/ucf_experiments/ciclo_experimental_1/data/data_crop/train/Abuse035_x264-842eb009ff_0_flip_lr_crop.mp4,0
888,/content/drive/MyDrive/ucf_experiments/ciclo_experimental_1/data/data_blur/train/Robbery053_x264-b873dd1d04_1_flip_lr_blur.mp4,/content/drive/MyDrive/ucf_experiments/ciclo_experimental_1/data/data_crop/train/Robbery053_x264-b873dd1d04_1_flip_lr_crop.mp4,1
889,/content/drive/MyDrive/ucf_experiments/ciclo_experimental_1/data/data_blur/train/Robbery090_x264-8a15ede76c_0_flip_lr_blur.mp4,/content/drive/MyDrive/ucf_experiments/ciclo_experimental_1/data/data_crop/train/Robbery090_x264-8a15ede76c_0_flip_lr_crop.mp4,0
890,/content/drive/MyDrive/ucf_experiments/ciclo_experimental_1/data/data_blur/train/Robbery080_x264-19b8fc1c8f_1_flip_lr_blur.mp4,/content/drive/MyDrive/ucf_experiments/ciclo_experimental_1/data/data_crop/train/Robbery080_x264-19b8fc1c8f_1_flip_lr_crop.mp4,1
891,/content/drive/MyDrive/ucf_experiments/ciclo_experimental_1/data/data_blur/train/Robbery009_x264-9deda63c7e_1_flip_lr_blur.mp4,/content/drive/MyDrive/ucf_experiments/ciclo_experimental_1/data/data_crop/train/Robbery009_x264-9deda63c7e_1_flip_lr_crop.mp4,1
892,/content/drive/MyDrive/ucf_experiments/ciclo_experimental_1/data/data_blur/train/Robbery015_x264-3fdb928442_1_flip_lr_blur.mp4,/content/drive/MyDrive/ucf_experiments/ciclo_experimental_1/data/data_crop/train/Robbery015_x264-3fdb928442_1_flip_lr_crop.mp4,1
893,/content/drive/MyDrive/ucf_experiments/ciclo_experimental_1/data/data_blur/train/Fighting034_x264-ba132da54c_1_flip_lr_blur.mp4,/content/drive/MyDrive/ucf_experiments/ciclo_experimental_1/data/data_crop/train/Fighting034_x264-ba132da54c_1_flip_lr_crop.mp4,1
894,/content/drive/MyDrive/ucf_experiments/ciclo_experimental_1/data/data_blur/train/Robbery105_x264-6e4e90d4ee_0_flip_lr_blur.mp4,/content/drive/MyDrive/ucf_experiments/ciclo_experimental_1/data/data_crop/train/Robbery105_x264-6e4e90d4ee_0_flip_lr_crop.mp4,0
895,/content/drive/MyDrive/ucf_experiments/ciclo_experimental_1/data/data_blur/train/Robbery076_x264-156fa049ca_0_flip_lr_blur.mp4,/content/drive/MyDrive/ucf_experiments/ciclo_experimental_1/data/data_crop/train/Robbery076_x264-156fa049ca_0_flip_lr_crop.mp4,0
896,/content/drive/MyDrive/ucf_experiments/ciclo_experimental_1/data/data_blur/train/Robbery100_x264-916b54e8ee_0_flip_lr_blur.mp4,/content/drive/MyDrive/ucf_experiments/ciclo_experimental_1/data/data_crop/train/Robbery100_x264-916b54e8ee_0_flip_lr_crop.mp4,0
897,/content/drive/MyDrive/ucf_experiments/ciclo_experimental_1/data/data_blur/train/Fighting021_x264-4e733cb74e_0_flip_lr_blur.mp4,/content/drive/MyDrive/ucf_experiments/ciclo_experimental_1/data/data_crop/train/Fighting021_x264-4e733cb74e_0_flip_lr_crop.mp4,0
898,/content/drive/MyDrive/ucf_experiments/ciclo_experimental_1/data/data_blur/train/Assault026_x264-bcc54489c9_1_flip_lr_blur.mp4,/content/drive/MyDrive/ucf_experiments/ciclo_experimental_1/data/data_crop/train/Assault026_x264-bcc54489c9_1_flip_lr_crop.mp4,1
899,/content/drive/MyDrive/ucf_experiments/ciclo_experimental_1/data/data_blur/train/Robbery013_x264-1a52d4cb47_1_flip_lr_blur.mp4,/content/drive/MyDrive/ucf_experiments/ciclo_experimental_1/data/data_crop/train/Robbery013_x264-1a52d4cb47_1_flip_lr_crop.mp4,1
900,/content/drive/MyDrive/ucf_experiments/ciclo_experimental_1/data/data_blur/train/Fighting032_x264-20892e449f_1_flip_lr_blur.mp4,/content/drive/MyDrive/ucf_experiments/ciclo_experimental_1/data/data_crop/train/Fighting032_x264-20892e449f_1_flip_lr_crop.mp4,1
901,/content/drive/MyDrive/ucf_experiments/ciclo_experimental_1/data/data_blur/train/Robbery043_x264-5ad1033429_0_flip_lr_blur.mp4,/content/drive/MyDrive/ucf_experiments/ciclo_experimental_1/data/data_crop/train/Robbery043_x264-5ad1033429_0_flip_lr_crop.mp4,0
902,/content/drive/MyDrive/ucf_experiments/ciclo_experimental_1/data/data_blur/train/Abuse050_x264-f9d14e10e8_1_flip_lr_blur.mp4,/content/drive/MyDrive/ucf_experiments/ciclo_experimental_1/data/data_crop/train/Abuse050_x264-f9d14e10e8_1_flip_lr_crop.mp4,1
903,/content/drive/MyDrive/ucf_experiments/ciclo_experimental_1/data/data_blur/train/Abuse006_x264-b3407a26e5_1_flip_lr_blur.mp4,/content/drive/MyDrive/ucf_experiments/ciclo_experimental_1/data/data_crop/train/Abuse006_x264-b3407a26e5_1_flip_lr_crop.mp4,1
904,/content/drive/MyDrive/ucf_experiments/ciclo_experimental_1/data/data_blur/train/Robbery093_x264-89e708fd3b_0_flip_lr_blur.mp4,/content/drive/MyDrive/ucf_experiments/ciclo_experimental_1/data/data_crop/train/Robbery093_x264-89e708fd3b_0_flip_lr_crop.mp4,0
905,/content/drive/MyDrive/ucf_experiments/ciclo_experimental_1/data/data_blur/train/Arrest026_x264-b61559b471_1_flip_lr_blur.mp4,/content/drive/MyDrive/ucf_experiments/ciclo_experimental_1/data/data_crop/train/Arrest026_x264-b61559b471_1_flip_lr_crop.mp4,1
906,/content/drive/MyDrive/ucf_experiments/ciclo_experimental_1/data/data_blur/train/Assault047_x264-e581ccd720_0_flip_lr_blur.mp4,/content/drive/MyDrive/ucf_experiments/ciclo_experimental_1/data/data_crop/train/Assault047_x264-e581ccd720_0_flip_lr_crop.mp4,0
907,/content/drive/MyDrive/ucf_experiments/ciclo_experimental_1/data/data_blur/train/Fighting035_x264-f465d3a105_0_flip_lr_blur.mp4,/content/drive/MyDrive/ucf_experiments/ciclo_experimental_1/data/data_crop/train/Fighting035_x264-f465d3a105_0_flip_lr_crop.mp4,0
908,/content/drive/MyDrive/ucf_experiments/ciclo_experimental_1/data/data_blur/train/Assault036_x264-d046e7aea1_1_flip_lr_blur.mp4,/content/drive/MyDrive/ucf_experiments/ciclo_experimental_1/data/data_crop/train/Assault036_x264-d046e7aea1_1_flip_lr_crop.mp4,1
909,/content/drive/MyDrive/ucf_experiments/ciclo_experimental_1/data/data_blur/train/Abuse023_x264-abbae4591e_1_flip_lr_blur.mp4,/content/drive/MyDrive/ucf_experiments/ciclo_experimental_1/data/data_crop/train/Abuse023_x264-abbae4591e_1_flip_lr_crop.mp4,1
910,/content/drive/MyDrive/ucf_experiments/ciclo_experimental_1/data/data_blur/train/Robbery091_x264-c7777a2690_1_flip_lr_blur.mp4,/content/drive/MyDrive/ucf_experiments/ciclo_experimental_1/data/data_crop/train/Robbery091_x264-c7777a2690_1_flip_lr_crop.mp4,1
911,/content/drive/MyDrive/ucf_experiments/ciclo_experimental_1/data/data_blur/train/Fighting009_x264-9a3a3cd609_0_flip_lr_blur.mp4,/content/drive/MyDrive/ucf_experiments/ciclo_experimental_1/data/data_crop/train/Fighting009_x264-9a3a3cd609_0_flip_lr_crop.mp4,0
912,/content/drive/MyDrive/ucf_experiments/ciclo_experimental_1/data/data_blur/train/Robbery019_x264-1888d2f671_1_flip_lr_blur.mp4,/content/drive/MyDrive/ucf_experiments/ciclo_experimental_1/data/data_crop/train/Robbery019_x264-1888d2f671_1_flip_lr_crop.mp4,1
913,/content/drive/MyDrive/ucf_experiments/ciclo_experimental_1/data/data_blur/train/Arrest033_x264-40ded01282_1_flip_lr_blur.mp4,/content/drive/MyDrive/ucf_experiments/ciclo_experimental_1/data/data_crop/train/Arrest033_x264-40ded01282_1_flip_lr_crop.mp4,1
914,/content/drive/MyDrive/ucf_experiments/ciclo_experimental_1/data/data_blur/train/Robbery019_x264-760022e318_1_flip_lr_blur.mp4,/content/drive/MyDrive/ucf_experiments/ciclo_experimental_1/data/data_crop/train/Robbery019_x264-760022e318_1_flip_lr_crop.mp4,1
915,/content/drive/MyDrive/ucf_experiments/ciclo_experimental_1/data/data_blur/train/Robbery030_x264-fd7c145113_0_flip_lr_blur.mp4,/content/drive/MyDrive/ucf_experiments/ciclo_experimental_1/data/data_crop/train/Robbery030_x264-fd7c145113_0_flip_lr_crop.mp4,0
916,/content/drive/MyDrive/ucf_experiments/ciclo_experimental_1/data/data_blur/train/Assault052_x264-b98d7f0082_0_flip_lr_blur.mp4,/content/drive/MyDrive/ucf_experiments/ciclo_experimental_1/data/data_crop/train/Assault052_x264-b98d7f0082_0_flip_lr_crop.mp4,0
917,/content/drive/MyDrive/ucf_experiments/ciclo_experimental_1/data/data_blur/train/Robbery065_x264-c554c21d06_1_flip_lr_blur.mp4,/content/drive/MyDrive/ucf_experiments/ciclo_experimental_1/data/data_crop/train/Robbery065_x264-c554c21d06_1_flip_lr_crop.mp4,1
918,/content/drive/MyDrive/ucf_experiments/ciclo_experimental_1/data/data_blur/train/Arrest043_x264-c69465e3a3_0_flip_lr_blur.mp4,/content/drive/MyDrive/ucf_experiments/ciclo_experimental_1/data/data_crop/train/Arrest043_x264-c69465e3a3_0_flip_lr_crop.mp4,0
919,/content/drive/MyDrive/ucf_experiments/ciclo_experimental_1/data/data_blur/train/Abuse021_x264-d8fafd633d_0_flip_lr_blur.mp4,/content/drive/MyDrive/ucf_experiments/ciclo_experimental_1/data/data_crop/train/Abuse021_x264-d8fafd633d_0_flip_lr_crop.mp4,0
920,/content/drive/MyDrive/ucf_experiments/ciclo_experimental_1/data/data_blur/train/Assault019_x264-4c4083c26f_0_flip_lr_blur.mp4,/content/drive/MyDrive/ucf_experiments/ciclo_experimental_1/data/data_crop/train/Assault019_x264-4c4083c26f_0_flip_lr_crop.mp4,0
921,/content/drive/MyDrive/ucf_experiments/ciclo_experimental_1/data/data_blur/train/Robbery104_x264-55ea1a70de_1_flip_lr_blur.mp4,/content/drive/MyDrive/ucf_experiments/ciclo_experimental_1/data/data_crop/train/Robbery104_x264-55ea1a70de_1_flip_lr_crop.mp4,1
922,/content/drive/MyDrive/ucf_experiments/ciclo_experimental_1/data/data_blur/train/Robbery098_x264-1dc2d1dfba_0_flip_lr_blur.mp4,/content/drive/MyDrive/ucf_experiments/ciclo_experimental_1/data/data_crop/train/Robbery098_x264-1dc2d1dfba_0_flip_lr_crop.mp4,0
923,/content/drive/MyDrive/ucf_experiments/ciclo_experimental_1/data/data_blur/train/Robbery078_x264-d28d0bdedc_1_flip_lr_blur.mp4,/content/drive/MyDrive/ucf_experiments/ciclo_experimental_1/data/data_crop/train/Robbery078_x264-d28d0bdedc_1_flip_lr_crop.mp4,1
924,/content/drive/MyDrive/ucf_experiments/ciclo_experimental_1/data/data_blur/train/Fighting049_x264-434daf2559_0_flip_lr_blur.mp4,/content/drive/MyDrive/ucf_experiments/ciclo_experimental_1/data/data_crop/train/Fighting049_x264-434daf2559_0_flip_lr_crop.mp4,0
925,/content/drive/MyDrive/ucf_experiments/ciclo_experimental_1/data/data_blur/train/Robbery042_x264-48d94dcab1_0_flip_lr_blur.mp4,/content/drive/MyDrive/ucf_experiments/ciclo_experimental_1/data/data_crop/train/Robbery042_x264-48d94dcab1_0_flip_lr_crop.mp4,0
926,/content/drive/MyDrive/ucf_experiments/ciclo_experimental_1/data/data_blur/train/Robbery105_x264-05423da777_0_flip_lr_blur.mp4,/content/drive/MyDrive/ucf_experiments/ciclo_experimental_1/data/data_crop/train/Robbery105_x264-05423da777_0_flip_lr_crop.mp4,0
927,/content/drive/MyDrive/ucf_experiments/ciclo_experimental_1/data/data_blur/train/Robbery031_x264-08bcd1d074_0_flip_lr_blur.mp4,/content/drive/MyDrive/ucf_experiments/ciclo_experimental_1/data/data_crop/train/Robbery031_x264-08bcd1d074_0_flip_lr_crop.mp4,0
928,/content/drive/MyDrive/ucf_experiments/ciclo_experimental_1/data/data_blur/train/Arrest022_x264-ab34777b75_0_flip_lr_blur.mp4,/content/drive/MyDrive/ucf_experiments/ciclo_experimental_1/data/data_crop/train/Arrest022_x264-ab34777b75_0_flip_lr_crop.mp4,0
929,/content/drive/MyDrive/ucf_experiments/ciclo_experimental_1/data/data_blur/train/Assault026_x264-ce3f88437d_1_flip_lr_blur.mp4,/content/drive/MyDrive/ucf_experiments/ciclo_experimental_1/data/data_crop/train/Assault026_x264-ce3f88437d_1_flip_lr_crop.mp4,1
930,/content/drive/MyDrive/ucf_experiments/ciclo_experimental_1/data/data_blur/train/Arrest003_x264-d26057096a_1_flip_lr_blur.mp4,/content/drive/MyDrive/ucf_experiments/ciclo_experimental_1/data/data_crop/train/Arrest003_x264-d26057096a_1_flip_lr_crop.mp4,1
931,/content/drive/MyDrive/ucf_experiments/ciclo_experimental_1/data/data_blur/train/Abuse024_x264-486cca350c_1_flip_lr_blur.mp4,/content/drive/MyDrive/ucf_experiments/ciclo_experimental_1/data/data_crop/train/Abuse024_x264-486cca350c_1_flip_lr_crop.mp4,1
932,/content/drive/MyDrive/ucf_experiments/ciclo_experimental_1/data/data_blur/train/Robbery009_x264-95df620ad6_1_flip_lr_blur.mp4,/content/drive/MyDrive/ucf_experiments/ciclo_experimental_1/data/data_crop/train/Robbery009_x264-95df620ad6_1_flip_lr_crop.mp4,1
933,/content/drive/MyDrive/ucf_experiments/ciclo_experimental_1/data/data_blur/train/Assault023_x264-02e646ca24_1_flip_lr_blur.mp4,/content/drive/MyDrive/ucf_experiments/ciclo_experimental_1/data/data_crop/train/Assault023_x264-02e646ca24_1_flip_lr_crop.mp4,1
934,/content/drive/MyDrive/ucf_experiments/ciclo_experimental_1/data/data_blur/train/Assault050_x264-88fa8cde93_1_flip_lr_blur.mp4,/content/drive/MyDrive/ucf_experiments/ciclo_experimental_1/data/data_crop/train/Assault050_x264-88fa8cde93_1_flip_lr_crop.mp4,1
935,/content/drive/MyDrive/ucf_experiments/ciclo_experimental_1/data/data_blur/train/Fighting028_x264-4e2695d94c_1_flip_lr_blur.mp4,/content/drive/MyDrive/ucf_experiments/ciclo_experimental_1/data/data_crop/train/Fighting028_x264-4e2695d94c_1_flip_lr_crop.mp4,1
936,/content/drive/MyDrive/ucf_experiments/ciclo_experimental_1/data/data_blur/train/Robbery057_x264-a8b9b6a048_1_flip_lr_blur.mp4,/content/drive/MyDrive/ucf_experiments/ciclo_experimental_1/data/data_crop/train/Robbery057_x264-a8b9b6a048_1_flip_lr_crop.mp4,1
937,/content/drive/MyDrive/ucf_experiments/ciclo_experimental_1/data/data_blur/train/Assault004_x264-e69bde360c_0_flip_lr_blur.mp4,/content/drive/MyDrive/ucf_experiments/ciclo_experimental_1/data/data_crop/train/Assault004_x264-e69bde360c_0_flip_lr_crop.mp4,0
938,/content/drive/MyDrive/ucf_experiments/ciclo_experimental_1/data/data_blur/train/Assault047_x264-9751b3e5f3_0_flip_lr_blur.mp4,/content/drive/MyDrive/ucf_experiments/ciclo_experimental_1/data/data_crop/train/Assault047_x264-9751b3e5f3_0_flip_lr_crop.mp4,0
939,/content/drive/MyDrive/ucf_experiments/ciclo_experimental_1/data/data_blur/train/Robbery017_x264-c35796651c_0_flip_lr_blur.mp4,/content/drive/MyDrive/ucf_experiments/ciclo_experimental_1/data/data_crop/train/Robbery017_x264-c35796651c_0_flip_lr_crop.mp4,0
940,/content/drive/MyDrive/ucf_experiments/ciclo_experimental_1/data/data_blur/train/Fighting048_x264-6535d94c98_1_flip_lr_blur.mp4,/content/drive/MyDrive/ucf_experiments/ciclo_experimental_1/data/data_crop/train/Fighting048_x264-6535d94c98_1_flip_lr_crop.mp4,1
941,/content/drive/MyDrive/ucf_experiments/ciclo_experimental_1/data/data_blur/train/Fighting002_x264-3bd44e7567_1_flip_lr_blur.mp4,/content/drive/MyDrive/ucf_experiments/ciclo_experimental_1/data/data_crop/train/Fighting002_x264-3bd44e7567_1_flip_lr_crop.mp4,1
942,/content/drive/MyDrive/ucf_experiments/ciclo_experimental_1/data/data_blur/train/Fighting026_x264-23557cdcc4_1_flip_lr_blur.mp4,/content/drive/MyDrive/ucf_experiments/ciclo_experimental_1/data/data_crop/train/Fighting026_x264-23557cdcc4_1_flip_lr_crop.mp4,1
943,/content/drive/MyDrive/ucf_experiments/ciclo_experimental_1/data/data_blur/train/Assault042_x264-85450854ad_0_flip_lr_blur.mp4,/content/drive/MyDrive/ucf_experiments/ciclo_experimental_1/data/data_crop/train/Assault042_x264-85450854ad_0_flip_lr_crop.mp4,0
944,/content/drive/MyDrive/ucf_experiments/ciclo_experimental_1/data/data_blur/train/Assault050_x264-3696e43df4_1_flip_lr_blur.mp4,/content/drive/MyDrive/ucf_experiments/ciclo_experimental_1/data/data_crop/train/Assault050_x264-3696e43df4_1_flip_lr_crop.mp4,1
945,/content/drive/MyDrive/ucf_experiments/ciclo_experimental_1/data/data_blur/train/Robbery076_x264-d60f9b0692_1_flip_lr_blur.mp4,/content/drive/MyDrive/ucf_experiments/ciclo_experimental_1/data/data_crop/train/Robbery076_x264-d60f9b0692_1_flip_lr_crop.mp4,1
946,/content/drive/MyDrive/ucf_experiments/ciclo_experimental_1/data/data_blur/train/Robbery091_x264-2bb95ad530_1_flip_lr_blur.mp4,/content/drive/MyDrive/ucf_experiments/ciclo_experimental_1/data/data_crop/train/Robbery091_x264-2bb95ad530_1_flip_lr_crop.mp4,1
947,/content/drive/MyDrive/ucf_experiments/ciclo_experimental_1/data/data_blur/train/Robbery038_x264-b17fe3429a_1_flip_lr_blur.mp4,/content/drive/MyDrive/ucf_experiments/ciclo_experimental_1/data/data_crop/train/Robbery038_x264-b17fe3429a_1_flip_lr_crop.mp4,1
948,/content/drive/MyDrive/ucf_experiments/ciclo_experimental_1/data/data_blur/train/Assault036_x264-ee5b2203a4_1_flip_lr_blur.mp4,/content/drive/MyDrive/ucf_experiments/ciclo_experimental_1/data/data_crop/train/Assault036_x264-ee5b2203a4_1_flip_lr_crop.mp4,1
949,/content/drive/MyDrive/ucf_experiments/ciclo_experimental_1/data/data_blur/train/Robbery067_x264-83c9ac6fca_0_flip_lr_blur.mp4,/content/drive/MyDrive/ucf_experiments/ciclo_experimental_1/data/data_crop/train/Robbery067_x264-83c9ac6fca_0_flip_lr_crop.mp4,0
950,/content/drive/MyDrive/ucf_experiments/ciclo_experimental_1/data/data_blur/train/Fighting007_x264-d2d56349bc_1_flip_lr_blur.mp4,/content/drive/MyDrive/ucf_experiments/ciclo_experimental_1/data/data_crop/train/Fighting007_x264-d2d56349bc_1_flip_lr_crop.mp4,1
951,/content/drive/MyDrive/ucf_experiments/ciclo_experimental_1/data/data_blur/train/Robbery104_x264-3a3e454901_0_flip_lr_blur.mp4,/content/drive/MyDrive/ucf_experiments/ciclo_experimental_1/data/data_crop/train/Robbery104_x264-3a3e454901_0_flip_lr_crop.mp4,0
952,/content/drive/MyDrive/ucf_experiments/ciclo_experimental_1/data/data_blur/train/Fighting011_x264-1daef2643a_0_flip_lr_blur.mp4,/content/drive/MyDrive/ucf_experiments/ciclo_experimental_1/data/data_crop/train/Fighting011_x264-1daef2643a_0_flip_lr_crop.mp4,0
953,/content/drive/MyDrive/ucf_experiments/ciclo_experimental_1/data/data_blur/train/Assault020_x264-3b27027944_0_flip_lr_blur.mp4,/content/drive/MyDrive/ucf_experiments/ciclo_experimental_1/data/data_crop/train/Assault020_x264-3b27027944_0_flip_lr_crop.mp4,0
954,/content/drive/MyDrive/ucf_experiments/ciclo_experimental_1/data/data_blur/train/Robbery031_x264-d4f0f6c6ca_0_flip_lr_blur.mp4,/content/drive/MyDrive/ucf_experiments/ciclo_experimental_1/data/data_crop/train/Robbery031_x264-d4f0f6c6ca_0_flip_lr_crop.mp4,0
955,/content/drive/MyDrive/ucf_experiments/ciclo_experimental_1/data/data_blur/train/Abuse006_x264-93b9a4bf3e_1_flip_lr_blur.mp4,/content/drive/MyDrive/ucf_experiments/ciclo_experimental_1/data/data_crop/train/Abuse006_x264-93b9a4bf3e_1_flip_lr_crop.mp4,1
956,/content/drive/MyDrive/ucf_experiments/ciclo_experimental_1/data/data_blur/train/Assault001_x264-81596a8005_0_flip_lr_blur.mp4,/content/drive/MyDrive/ucf_experiments/ciclo_experimental_1/data/data_crop/train/Assault001_x264-81596a8005_0_flip_lr_crop.mp4,0
957,/content/drive/MyDrive/ucf_experiments/ciclo_experimental_1/data/data_blur/train/Abuse049_x264-6f44b43586_0_flip_lr_blur.mp4,/content/drive/MyDrive/ucf_experiments/ciclo_experimental_1/data/data_crop/train/Abuse049_x264-6f44b43586_0_flip_lr_crop.mp4,0
958,/content/drive/MyDrive/ucf_experiments/ciclo_experimental_1/data/data_blur/train/Assault019_x264-468fd71935_0_flip_lr_blur.mp4,/content/drive/MyDrive/ucf_experiments/ciclo_experimental_1/data/data_crop/train/Assault019_x264-468fd71935_0_flip_lr_crop.mp4,0
959,/content/drive/MyDrive/ucf_experiments/ciclo_experimental_1/data/data_blur/train/Robbery080_x264-de7c85fd31_1_flip_lr_blur.mp4,/content/drive/MyDrive/ucf_experiments/ciclo_experimental_1/data/data_crop/train/Robbery080_x264-de7c85fd31_1_flip_lr_crop.mp4,1
960,/content/drive/MyDrive/ucf_experiments/ciclo_experimental_1/data/data_blur/train/Abuse014_x264-5a47e4cffa_0_flip_lr_blur.mp4,/content/drive/MyDrive/ucf_experiments/ciclo_experimental_1/data/data_crop/train/Abuse014_x264-5a47e4cffa_0_flip_lr_crop.mp4,0
961,/content/drive/MyDrive/ucf_experiments/ciclo_experimental_1/data/data_blur/train/Fighting049_x264-f74f30d0ec_1_flip_lr_blur.mp4,/content/drive/MyDrive/ucf_experiments/ciclo_experimental_1/data/data_crop/train/Fighting049_x264-f74f30d0ec_1_flip_lr_crop.mp4,1
962,/content/drive/MyDrive/ucf_experiments/ciclo_experimental_1/data/data_blur/train/Arrest022_x264-6679cd4693_0_flip_lr_blur.mp4,/content/drive/MyDrive/ucf_experiments/ciclo_experimental_1/data/data_crop/train/Arrest022_x264-6679cd4693_0_flip_lr_crop.mp4,0
963,/content/drive/MyDrive/ucf_experiments/ciclo_experimental_1/data/data_blur/train/Fighting030_x264-87de919c11_1_flip_lr_blur.mp4,/content/drive/MyDrive/ucf_experiments/ciclo_experimental_1/data/data_crop/train/Fighting030_x264-87de919c11_1_flip_lr_crop.mp4,1
964,/content/drive/MyDrive/ucf_experiments/ciclo_experimental_1/data/data_blur/train/Abuse018_x264-2a7e6a0b85_0_flip_lr_blur.mp4,/content/drive/MyDrive/ucf_experiments/ciclo_experimental_1/data/data_crop/train/Abuse018_x264-2a7e6a0b85_0_flip_lr_crop.mp4,0
965,/content/drive/MyDrive/ucf_experiments/ciclo_experimental_1/data/data_blur/train/Robbery078_x264-e43aa8f663_1_flip_lr_blur.mp4,/content/drive/MyDrive/ucf_experiments/ciclo_experimental_1/data/data_crop/train/Robbery078_x264-e43aa8f663_1_flip_lr_crop.mp4,1
966,/content/drive/MyDrive/ucf_experiments/ciclo_experimental_1/data/data_blur/train/Abuse003_x264-a4baa6a1f8_0_flip_lr_blur.mp4,/content/drive/MyDrive/ucf_experiments/ciclo_experimental_1/data/data_crop/train/Abuse003_x264-a4baa6a1f8_0_flip_lr_crop.mp4,0
967,/content/drive/MyDrive/ucf_experiments/ciclo_experimental_1/data/data_blur/train/Assault022_x264-a69bbefffb_1_flip_lr_blur.mp4,/content/drive/MyDrive/ucf_experiments/ciclo_experimental_1/data/data_crop/train/Assault022_x264-a69bbefffb_1_flip_lr_crop.mp4,1
968,/content/drive/MyDrive/ucf_experiments/ciclo_experimental_1/data/data_blur/train/Robbery045_x264-053f92331c_0_flip_lr_blur.mp4,/content/drive/MyDrive/ucf_experiments/ciclo_experimental_1/data/data_crop/train/Robbery045_x264-053f92331c_0_flip_lr_crop.mp4,0
969,/content/drive/MyDrive/ucf_experiments/ciclo_experimental_1/data/data_blur/train/Arrest023_x264-708dbaa97b_1_flip_lr_blur.mp4,/content/drive/MyDrive/ucf_experiments/ciclo_experimental_1/data/data_crop/train/Arrest023_x264-708dbaa97b_1_flip_lr_crop.mp4,1
970,/content/drive/MyDrive/ucf_experiments/ciclo_experimental_1/data/data_blur/train/Assault040_x264-8d9b00bb9f_1_flip_lr_blur.mp4,/content/drive/MyDrive/ucf_experiments/ciclo_experimental_1/data/data_crop/train/Assault040_x264-8d9b00bb9f_1_flip_lr_crop.mp4,1
971,/content/drive/MyDrive/ucf_experiments/ciclo_experimental_1/data/data_blur/train/Robbery088_x264-365fb4c08d_1_flip_lr_blur.mp4,/content/drive/MyDrive/ucf_experiments/ciclo_experimental_1/data/data_crop/train/Robbery088_x264-365fb4c08d_1_flip_lr_crop.mp4,1
972,/content/drive/MyDrive/ucf_experiments/ciclo_experimental_1/data/data_blur/train/Robbery035_x264-4e0b344e5c_0_flip_lr_blur.mp4,/content/drive/MyDrive/ucf_experiments/ciclo_experimental_1/data/data_crop/train/Robbery035_x264-4e0b344e5c_0_flip_lr_crop.mp4,0
973,/content/drive/MyDrive/ucf_experiments/ciclo_experimental_1/data/data_blur/train/Robbery098_x264-3a046ff20c_0_flip_lr_blur.mp4,/content/drive/MyDrive/ucf_experiments/ciclo_experimental_1/data/data_crop/train/Robbery098_x264-3a046ff20c_0_flip_lr_crop.mp4,0
974,/content/drive/MyDrive/ucf_experiments/ciclo_experimental_1/data/data_blur/train/Assault035_x264-b426bc9505_0_flip_lr_blur.mp4,/content/drive/MyDrive/ucf_experiments/ciclo_experimental_1/data/data_crop/train/Assault035_x264-b426bc9505_0_flip_lr_crop.mp4,0
975,/content/drive/MyDrive/ucf_experiments/ciclo_experimental_1/data/data_blur/train/Fighting026_x264-b1b1f07736_0_flip_lr_blur.mp4,/content/drive/MyDrive/ucf_experiments/ciclo_experimental_1/data/data_crop/train/Fighting026_x264-b1b1f07736_0_flip_lr_crop.mp4,0
976,/content/drive/MyDrive/ucf_experiments/ciclo_experimental_1/data/data_blur/train/Fighting016_x264-d55ebf96ce_0_flip_lr_blur.mp4,/content/drive/MyDrive/ucf_experiments/ciclo_experimental_1/data/data_crop/train/Fighting016_x264-d55ebf96ce_0_flip_lr_crop.mp4,0
977,/content/drive/MyDrive/ucf_experiments/ciclo_experimental_1/data/data_blur/train/Robbery036_x264-2aa22b3175_0_flip_lr_blur.mp4,/content/drive/MyDrive/ucf_experiments/ciclo_experimental_1/data/data_crop/train/Robbery036_x264-2aa22b3175_0_flip_lr_crop.mp4,0
978,/content/drive/MyDrive/ucf_experiments/ciclo_experimental_1/data/data_blur/train/Robbery011_x264-5e9747a9b2_1_flip_lr_blur.mp4,/content/drive/MyDrive/ucf_experiments/ciclo_experimental_1/data/data_crop/train/Robbery011_x264-5e9747a9b2_1_flip_lr_crop.mp4,1
979,/content/drive/MyDrive/ucf_experiments/ciclo_experimental_1/data/data_blur/train/Arrest033_x264-e49f533296_0_flip_lr_blur.mp4,/content/drive/MyDrive/ucf_experiments/ciclo_experimental_1/data/data_crop/train/Arrest033_x264-e49f533296_0_flip_lr_crop.mp4,0
980,/content/drive/MyDrive/ucf_experiments/ciclo_experimental_1/data/data_blur/train/Fighting027_x264-5254838548_1_flip_lr_blur.mp4,/content/drive/MyDrive/ucf_experiments/ciclo_experimental_1/data/data_crop/train/Fighting027_x264-5254838548_1_flip_lr_crop.mp4,1
981,/content/drive/MyDrive/ucf_experiments/ciclo_experimental_1/data/data_blur/train/Assault017_x264-4b16c13a12_0_flip_lr_blur.mp4,/content/drive/MyDrive/ucf_experiments/ciclo_experimental_1/data/data_crop/train/Assault017_x264-4b16c13a12_0_flip_lr_crop.mp4,0
982,/content/drive/MyDrive/ucf_experiments/ciclo_experimental_1/data/data_blur/train/Assault015_x264-96b9be463f_1_flip_lr_blur.mp4,/content/drive/MyDrive/ucf_experiments/ciclo_experimental_1/data/data_crop/train/Assault015_x264-96b9be463f_1_flip_lr_crop.mp4,1
983,/content/drive/MyDrive/ucf_experiments/ciclo_experimental_1/data/data_blur/train/Assault015_x264-e6562fe09e_1_flip_lr_blur.mp4,/content/drive/MyDrive/ucf_experiments/ciclo_experimental_1/data/data_crop/train/Assault015_x264-e6562fe09e_1_flip_lr_crop.mp4,1
984,/content/drive/MyDrive/ucf_experiments/ciclo_experimental_1/data/data_blur/train/Abuse003_x264-f65cc2d899_0_flip_lr_blur.mp4,/content/drive/MyDrive/ucf_experiments/ciclo_experimental_1/data/data_crop/train/Abuse003_x264-f65cc2d899_0_flip_lr_crop.mp4,0
985,/content/drive/MyDrive/ucf_experiments/ciclo_experimental_1/data/data_blur/train/Assault007_x264-9942e9cc7d_1_flip_lr_blur.mp4,/content/drive/MyDrive/ucf_experiments/ciclo_experimental_1/data/data_crop/train/Assault007_x264-9942e9cc7d_1_flip_lr_crop.mp4,1
986,/content/drive/MyDrive/ucf_experiments/ciclo_experimental_1/data/data_blur/train/Assault020_x264-8371c3c6f5_0_flip_lr_blur.mp4,/content/drive/MyDrive/ucf_experiments/ciclo_experimental_1/data/data_crop/train/Assault020_x264-8371c3c6f5_0_flip_lr_crop.mp4,0
987,/content/drive/MyDrive/ucf_experiments/ciclo_experimental_1/data/data_blur/train/Assault033_x264-54174bd987_0_flip_lr_blur.mp4,/content/drive/MyDrive/ucf_experiments/ciclo_experimental_1/data/data_crop/train/Assault033_x264-54174bd987_0_flip_lr_crop.mp4,0
988,/content/drive/MyDrive/ucf_experiments/ciclo_experimental_1/data/data_blur/train/Abuse004_x264-c6313c91e2_0_flip_lr_blur.mp4,/content/drive/MyDrive/ucf_experiments/ciclo_experimental_1/data/data_crop/train/Abuse004_x264-c6313c91e2_0_flip_lr_crop.mp4,0
989,/content/drive/MyDrive/ucf_experiments/ciclo_experimental_1/data/data_blur/train/Robbery009_x264-5b244e7245_0_flip_lr_blur.mp4,/content/drive/MyDrive/ucf_experiments/ciclo_experimental_1/data/data_crop/train/Robbery009_x264-5b244e7245_0_flip_lr_crop.mp4,0
990,/content/drive/MyDrive/ucf_experiments/ciclo_experimental_1/data/data_blur/train/Arrest049_x264-d13c3e56a1_1_flip_lr_blur.mp4,/content/drive/MyDrive/ucf_experiments/ciclo_experimental_1/data/data_crop/train/Arrest049_x264-d13c3e56a1_1_flip_lr_crop.mp4,1
991,/content/drive/MyDrive/ucf_experiments/ciclo_experimental_1/data/data_blur/train/Robbery043_x264-4fe6c3ffeb_1_flip_lr_blur.mp4,/content/drive/MyDrive/ucf_experiments/ciclo_experimental_1/data/data_crop/train/Robbery043_x264-4fe6c3ffeb_1_flip_lr_crop.mp4,1
992,/content/drive/MyDrive/ucf_experiments/ciclo_experimental_1/data/data_blur/train/Robbery014_x264-7e19f13dc9_0_flip_lr_blur.mp4,/content/drive/MyDrive/ucf_experiments/ciclo_experimental_1/data/data_crop/train/Robbery014_x264-7e19f13dc9_0_flip_lr_crop.mp4,0
993,/content/drive/MyDrive/ucf_experiments/ciclo_experimental_1/data/data_blur/train/Robbery025_x264-a1bb39ea40_0_flip_lr_blur.mp4,/content/drive/MyDrive/ucf_experiments/ciclo_experimental_1/data/data_crop/train/Robbery025_x264-a1bb39ea40_0_flip_lr_crop.mp4,0
994,/content/drive/MyDrive/ucf_experiments/ciclo_experimental_1/data/data_blur/train/Assault026_x264-73e5cf61a2_1_flip_lr_blur.mp4,/content/drive/MyDrive/ucf_experiments/ciclo_experimental_1/data/data_crop/train/Assault026_x264-73e5cf61a2_1_flip_lr_crop.mp4,1
995,/content/drive/MyDrive/ucf_experiments/ciclo_experimental_1/data/data_blur/train/Abuse050_x264-532380bad5_1_flip_lr_blur.mp4,/content/drive/MyDrive/ucf_experiments/ciclo_experimental_1/data/data_crop/train/Abuse050_x264-532380bad5_1_flip_lr_crop.mp4,1
996,/content/drive/MyDrive/ucf_experiments/ciclo_experimental_1/data/data_blur/train/Robbery060_x264-c5ce2668a0_0_flip_lr_blur.mp4,/content/drive/MyDrive/ucf_experiments/ciclo_experimental_1/data/data_crop/train/Robbery060_x264-c5ce2668a0_0_flip_lr_crop.mp4,0
997,/content/drive/MyDrive/ucf_experiments/ciclo_experimental_1/data/data_blur/train/Arrest031_x264-096a881b6a_0_flip_lr_blur.mp4,/content/drive/MyDrive/ucf_experiments/ciclo_experimental_1/data/data_crop/train/Arrest031_x264-096a881b6a_0_flip_lr_crop.mp4,0
998,/content/drive/MyDrive/ucf_experiments/ciclo_experimental_1/data/data_blur/train/Robbery035_x264-17c56abffd_0_flip_lr_blur.mp4,/content/drive/MyDrive/ucf_experiments/ciclo_experimental_1/data/data_crop/train/Robbery035_x264-17c56abffd_0_flip_lr_crop.mp4,0
999,/content/drive/MyDrive/ucf_experiments/ciclo_experimental_1/data/data_blur/train/Abuse020_x264-a379d80237_1_flip_lr_blur.mp4,/content/drive/MyDrive/ucf_experiments/ciclo_experimental_1/data/data_crop/train/Abuse020_x264-a379d80237_1_flip_lr_crop.mp4,1
1000,/content/drive/MyDrive/ucf_experiments/ciclo_experimental_1/data/data_blur/train/Assault019_x264-2ad879c27f_0_flip_lr_blur.mp4,/content/drive/MyDrive/ucf_experiments/ciclo_experimental_1/data/data_crop/train/Assault019_x264-2ad879c27f_0_flip_lr_crop.mp4,0
1001,/content/drive/MyDrive/ucf_experiments/ciclo_experimental_1/data/data_blur/train/Fighting008_x264-d6981b6c25_0_flip_lr_blur.mp4,/content/drive/MyDrive/ucf_experiments/ciclo_experimental_1/data/data_crop/train/Fighting008_x264-d6981b6c25_0_flip_lr_crop.mp4,0
1002,/content/drive/MyDrive/ucf_experiments/ciclo_experimental_1/data/data_blur/train/Assault036_x264-449d5ca2ab_1_flip_lr_blur.mp4,/content/drive/MyDrive/ucf_experiments/ciclo_experimental_1/data/data_crop/train/Assault036_x264-449d5ca2ab_1_flip_lr_crop.mp4,1
1003,/content/drive/MyDrive/ucf_experiments/ciclo_experimental_1/data/data_blur/train/Arrest042_x264-4199a6f0b1_0_flip_lr_blur.mp4,/content/drive/MyDrive/ucf_experiments/ciclo_experimental_1/data/data_crop/train/Arrest042_x264-4199a6f0b1_0_flip_lr_crop.mp4,0
1004,/content/drive/MyDrive/ucf_experiments/ciclo_experimental_1/data/data_blur/train/Robbery034_x264-a30f5cb096_1_flip_lr_blur.mp4,/content/drive/MyDrive/ucf_experiments/ciclo_experimental_1/data/data_crop/train/Robbery034_x264-a30f5cb096_1_flip_lr_crop.mp4,1
1005,/content/drive/MyDrive/ucf_experiments/ciclo_experimental_1/data/data_blur/train/Fighting030_x264-e7a2aef720_1_flip_lr_blur.mp4,/content/drive/MyDrive/ucf_experiments/ciclo_experimental_1/data/data_crop/train/Fighting030_x264-e7a2aef720_1_flip_lr_crop.mp4,1
1006,/content/drive/MyDrive/ucf_experiments/ciclo_experimental_1/data/data_blur/train/Robbery012_x264-8239a20479_1_flip_lr_blur.mp4,/content/drive/MyDrive/ucf_experiments/ciclo_experimental_1/data/data_crop/train/Robbery012_x264-8239a20479_1_flip_lr_crop.mp4,1
1007,/content/drive/MyDrive/ucf_experiments/ciclo_experimental_1/data/data_blur/train/Assault049_x264-817dedc97e_1_flip_lr_blur.mp4,/content/drive/MyDrive/ucf_experiments/ciclo_experimental_1/data/data_crop/train/Assault049_x264-817dedc97e_1_flip_lr_crop.mp4,1
1008,/content/drive/MyDrive/ucf_experiments/ciclo_experimental_1/data/data_blur/train/Fighting004_x264-ea22d7e03b_1_flip_lr_blur.mp4,/content/drive/MyDrive/ucf_experiments/ciclo_experimental_1/data/data_crop/train/Fighting004_x264-ea22d7e03b_1_flip_lr_crop.mp4,1
1009,/content/drive/MyDrive/ucf_experiments/ciclo_experimental_1/data/data_blur/train/Robbery025_x264-f7850b946a_0_flip_lr_blur.mp4,/content/drive/MyDrive/ucf_experiments/ciclo_experimental_1/data/data_crop/train/Robbery025_x264-f7850b946a_0_flip_lr_crop.mp4,0
1010,/content/drive/MyDrive/ucf_experiments/ciclo_experimental_1/data/data_blur/train/Fighting004_x264-437986cab9_1_flip_lr_blur.mp4,/content/drive/MyDrive/ucf_experiments/ciclo_experimental_1/data/data_crop/train/Fighting004_x264-437986cab9_1_flip_lr_crop.mp4,1
1011,/content/drive/MyDrive/ucf_experiments/ciclo_experimental_1/data/data_blur/train/Robbery042_x264-e4378e996d_0_flip_lr_blur.mp4,/content/drive/MyDrive/ucf_experiments/ciclo_experimental_1/data/data_crop/train/Robbery042_x264-e4378e996d_0_flip_lr_crop.mp4,0
1012,/content/drive/MyDrive/ucf_experiments/ciclo_experimental_1/data/data_blur/train/Assault017_x264-36ce0ac38d_0_flip_lr_blur.mp4,/content/drive/MyDrive/ucf_experiments/ciclo_experimental_1/data/data_crop/train/Assault017_x264-36ce0ac38d_0_flip_lr_crop.mp4,0
1013,/content/drive/MyDrive/ucf_experiments/ciclo_experimental_1/data/data_blur/train/Assault041_x264-0658798721_1_flip_lr_blur.mp4,/content/drive/MyDrive/ucf_experiments/ciclo_experimental_1/data/data_crop/train/Assault041_x264-0658798721_1_flip_lr_crop.mp4,1
1014,/content/drive/MyDrive/ucf_experiments/ciclo_experimental_1/data/data_blur/train/Arrest046_x264-f9cc91921e_0_flip_lr_blur.mp4,/content/drive/MyDrive/ucf_experiments/ciclo_experimental_1/data/data_crop/train/Arrest046_x264-f9cc91921e_0_flip_lr_crop.mp4,0
1015,/content/drive/MyDrive/ucf_experiments/ciclo_experimental_1/data/data_blur/train/Abuse005_x264-a493890e11_1_flip_lr_blur.mp4,/content/drive/MyDrive/ucf_experiments/ciclo_experimental_1/data/data_crop/train/Abuse005_x264-a493890e11_1_flip_lr_crop.mp4,1
1016,/content/drive/MyDrive/ucf_experiments/ciclo_experimental_1/data/data_blur/train/Robbery001_x264-bf5f7950db_0_flip_lr_blur.mp4,/content/drive/MyDrive/ucf_experiments/ciclo_experimental_1/data/data_crop/train/Robbery001_x264-bf5f7950db_0_flip_lr_crop.mp4,0
1017,/content/drive/MyDrive/ucf_experiments/ciclo_experimental_1/data/data_blur/train/Assault007_x264-06b8ad1bae_1_flip_lr_blur.mp4,/content/drive/MyDrive/ucf_experiments/ciclo_experimental_1/data/data_crop/train/Assault007_x264-06b8ad1bae_1_flip_lr_crop.mp4,1
1018,/content/drive/MyDrive/ucf_experiments/ciclo_experimental_1/data/data_blur/train/Arrest011_x264-d9635eb05b_1_flip_lr_blur.mp4,/content/drive/MyDrive/ucf_experiments/ciclo_experimental_1/data/data_crop/train/Arrest011_x264-d9635eb05b_1_flip_lr_crop.mp4,1
1019,/content/drive/MyDrive/ucf_experiments/ciclo_experimental_1/data/data_blur/train/Robbery033_x264-0f33e9eb2f_1_flip_lr_blur.mp4,/content/drive/MyDrive/ucf_experiments/ciclo_experimental_1/data/data_crop/train/Robbery033_x264-0f33e9eb2f_1_flip_lr_crop.mp4,1
1020,/content/drive/MyDrive/ucf_experiments/ciclo_experimental_1/data/data_blur/train/Robbery070_x264-ea08852e9a_1_flip_lr_blur.mp4,/content/drive/MyDrive/ucf_experiments/ciclo_experimental_1/data/data_crop/train/Robbery070_x264-ea08852e9a_1_flip_lr_crop.mp4,1
1021,/content/drive/MyDrive/ucf_experiments/ciclo_experimental_1/data/data_blur/train/Arrest026_x264-0a4b917224_1_flip_lr_blur.mp4,/content/drive/MyDrive/ucf_experiments/ciclo_experimental_1/data/data_crop/train/Arrest026_x264-0a4b917224_1_flip_lr_crop.mp4,1
1022,/content/drive/MyDrive/ucf_experiments/ciclo_experimental_1/data/data_blur/train/Robbery025_x264-7c67f37a86_1_flip_lr_blur.mp4,/content/drive/MyDrive/ucf_experiments/ciclo_experimental_1/data/data_crop/train/Robbery025_x264-7c67f37a86_1_flip_lr_crop.mp4,1
1023,/content/drive/MyDrive/ucf_experiments/ciclo_experimental_1/data/data_blur/train/Arrest031_x264-65c992b590_0_flip_lr_blur.mp4,/content/drive/MyDrive/ucf_experiments/ciclo_experimental_1/data/data_crop/train/Arrest031_x264-65c992b590_0_flip_lr_crop.mp4,0
1024,/content/drive/MyDrive/ucf_experiments/ciclo_experimental_1/data/data_blur/train/Fighting028_x264-647ad2ce53_0_flip_lr_blur.mp4,/content/drive/MyDrive/ucf_experiments/ciclo_experimental_1/data/data_crop/train/Fighting028_x264-647ad2ce53_0_flip_lr_crop.mp4,0
1025,/content/drive/MyDrive/ucf_experiments/ciclo_experimental_1/data/data_blur/train/Abuse016_x264-75c31665e3_1_flip_lr_blur.mp4,/content/drive/MyDrive/ucf_experiments/ciclo_experimental_1/data/data_crop/train/Abuse016_x264-75c31665e3_1_flip_lr_crop.mp4,1
1026,/content/drive/MyDrive/ucf_experiments/ciclo_experimental_1/data/data_blur/train/Arrest042_x264-7a62e1d65f_0_flip_lr_blur.mp4,/content/drive/MyDrive/ucf_experiments/ciclo_experimental_1/data/data_crop/train/Arrest042_x264-7a62e1d65f_0_flip_lr_crop.mp4,0
1027,/content/drive/MyDrive/ucf_experiments/ciclo_experimental_1/data/data_blur/train/Fighting038_x264-abb84db8e5_1_flip_lr_blur.mp4,/content/drive/MyDrive/ucf_experiments/ciclo_experimental_1/data/data_crop/train/Fighting038_x264-abb84db8e5_1_flip_lr_crop.mp4,1
1028,/content/drive/MyDrive/ucf_experiments/ciclo_experimental_1/data/data_blur/train/Fighting009_x264-0624295718_0_flip_lr_blur.mp4,/content/drive/MyDrive/ucf_experiments/ciclo_experimental_1/data/data_crop/train/Fighting009_x264-0624295718_0_flip_lr_crop.mp4,0
1029,/content/drive/MyDrive/ucf_experiments/ciclo_experimental_1/data/data_blur/train/Assault033_x264-d7385e4b91_1_flip_lr_blur.mp4,/content/drive/MyDrive/ucf_experiments/ciclo_experimental_1/data/data_crop/train/Assault033_x264-d7385e4b91_1_flip_lr_crop.mp4,1
1030,/content/drive/MyDrive/ucf_experiments/ciclo_experimental_1/data/data_blur/train/Robbery056_x264-8cdf8f6d22_1_flip_lr_blur.mp4,/content/drive/MyDrive/ucf_experiments/ciclo_experimental_1/data/data_crop/train/Robbery056_x264-8cdf8f6d22_1_flip_lr_crop.mp4,1
1031,/content/drive/MyDrive/ucf_experiments/ciclo_experimental_1/data/data_blur/train/Robbery091_x264-8c464477d5_1_flip_lr_blur.mp4,/content/drive/MyDrive/ucf_experiments/ciclo_experimental_1/data/data_crop/train/Robbery091_x264-8c464477d5_1_flip_lr_crop.mp4,1
1032,/content/drive/MyDrive/ucf_experiments/ciclo_experimental_1/data/data_blur/train/Assault030_x264-40a7f6e02f_1_flip_lr_blur.mp4,/content/drive/MyDrive/ucf_experiments/ciclo_experimental_1/data/data_crop/train/Assault030_x264-40a7f6e02f_1_flip_lr_crop.mp4,1
1033,/content/drive/MyDrive/ucf_experiments/ciclo_experimental_1/data/data_blur/train/Fighting025_x264-23880f7d4d_0_flip_lr_blur.mp4,/content/drive/MyDrive/ucf_experiments/ciclo_experimental_1/data/data_crop/train/Fighting025_x264-23880f7d4d_0_flip_lr_crop.mp4,0
1034,/content/drive/MyDrive/ucf_experiments/ciclo_experimental_1/data/data_blur/train/Abuse006_x264-c27abdb076_1_flip_lr_blur.mp4,/content/drive/MyDrive/ucf_experiments/ciclo_experimental_1/data/data_crop/train/Abuse006_x264-c27abdb076_1_flip_lr_crop.mp4,1
1035,/content/drive/MyDrive/ucf_experiments/ciclo_experimental_1/data/data_blur/train/Arrest017_x264-18ed7b3ac0_0_flip_lr_blur.mp4,/content/drive/MyDrive/ucf_experiments/ciclo_experimental_1/data/data_crop/train/Arrest017_x264-18ed7b3ac0_0_flip_lr_crop.mp4,0
1036,/content/drive/MyDrive/ucf_experiments/ciclo_experimental_1/data/data_blur/train/Assault033_x264-351c1f9b96_1_flip_lr_blur.mp4,/content/drive/MyDrive/ucf_experiments/ciclo_experimental_1/data/data_crop/train/Assault033_x264-351c1f9b96_1_flip_lr_crop.mp4,1
1037,/content/drive/MyDrive/ucf_experiments/ciclo_experimental_1/data/data_blur/train/Robbery105_x264-1bceabb781_0_flip_lr_blur.mp4,/content/drive/MyDrive/ucf_experiments/ciclo_experimental_1/data/data_crop/train/Robbery105_x264-1bceabb781_0_flip_lr_crop.mp4,0
1038,/content/drive/MyDrive/ucf_experiments/ciclo_experimental_1/data/data_blur/train/Fighting049_x264-39d8ac3820_1_flip_lr_blur.mp4,/content/drive/MyDrive/ucf_experiments/ciclo_experimental_1/data/data_crop/train/Fighting049_x264-39d8ac3820_1_flip_lr_crop.mp4,1
1039,/content/drive/MyDrive/ucf_experiments/ciclo_experimental_1/data/data_blur/train/Abuse035_x264-16932bd9db_0_flip_lr_blur.mp4,/content/drive/MyDrive/ucf_experiments/ciclo_experimental_1/data/data_crop/train/Abuse035_x264-16932bd9db_0_flip_lr_crop.mp4,0
1040,/content/drive/MyDrive/ucf_experiments/ciclo_experimental_1/data/data_blur/train/Robbery107_x264-0904e729d2_0_flip_lr_blur.mp4,/content/drive/MyDrive/ucf_experiments/ciclo_experimental_1/data/data_crop/train/Robbery107_x264-0904e729d2_0_flip_lr_crop.mp4,0
1041,/content/drive/MyDrive/ucf_experiments/ciclo_experimental_1/data/data_blur/train/Assault036_x264-6fec886f62_1_flip_lr_blur.mp4,/content/drive/MyDrive/ucf_experiments/ciclo_experimental_1/data/data_crop/train/Assault036_x264-6fec886f62_1_flip_lr_crop.mp4,1
1042,/content/drive/MyDrive/ucf_experiments/ciclo_experimental_1/data/data_blur/train/Robbery085_x264-b65fadbe95_0_flip_lr_blur.mp4,/content/drive/MyDrive/ucf_experiments/ciclo_experimental_1/data/data_crop/train/Robbery085_x264-b65fadbe95_0_flip_lr_crop.mp4,0
1043,/content/drive/MyDrive/ucf_experiments/ciclo_experimental_1/data/data_blur/train/Robbery098_x264-d474d9514e_1_flip_lr_blur.mp4,/content/drive/MyDrive/ucf_experiments/ciclo_experimental_1/data/data_crop/train/Robbery098_x264-d474d9514e_1_flip_lr_crop.mp4,1
1044,/content/drive/MyDrive/ucf_experiments/ciclo_experimental_1/data/data_blur/train/Fighting008_x264-4508880976_1_flip_lr_blur.mp4,/content/drive/MyDrive/ucf_experiments/ciclo_experimental_1/data/data_crop/train/Fighting008_x264-4508880976_1_flip_lr_crop.mp4,1
1045,/content/drive/MyDrive/ucf_experiments/ciclo_experimental_1/data/data_blur/train/Robbery009_x264-f0608eef4f_1_flip_lr_blur.mp4,/content/drive/MyDrive/ucf_experiments/ciclo_experimental_1/data/data_crop/train/Robbery009_x264-f0608eef4f_1_flip_lr_crop.mp4,1
1046,/content/drive/MyDrive/ucf_experiments/ciclo_experimental_1/data/data_blur/train/Robbery053_x264-5e849f4ee2_1_flip_lr_blur.mp4,/content/drive/MyDrive/ucf_experiments/ciclo_experimental_1/data/data_crop/train/Robbery053_x264-5e849f4ee2_1_flip_lr_crop.mp4,1
1047,/content/drive/MyDrive/ucf_experiments/ciclo_experimental_1/data/data_blur/train/Assault014_x264-db2a013b97_0_flip_lr_blur.mp4,/content/drive/MyDrive/ucf_experiments/ciclo_experimental_1/data/data_crop/train/Assault014_x264-db2a013b97_0_flip_lr_crop.mp4,0
1048,/content/drive/MyDrive/ucf_experiments/ciclo_experimental_1/data/data_blur/train/Assault029_x264-3c980bf877_1_flip_lr_blur.mp4,/content/drive/MyDrive/ucf_experiments/ciclo_experimental_1/data/data_crop/train/Assault029_x264-3c980bf877_1_flip_lr_crop.mp4,1
1049,/content/drive/MyDrive/ucf_experiments/ciclo_experimental_1/data/data_blur/train/Robbery056_x264-827b640551_1_flip_lr_blur.mp4,/content/drive/MyDrive/ucf_experiments/ciclo_experimental_1/data/data_crop/train/Robbery056_x264-827b640551_1_flip_lr_crop.mp4,1
1050,/content/drive/MyDrive/ucf_experiments/ciclo_experimental_1/data/data_blur/train/Abuse020_x264-1026a51e62_1_flip_lr_blur.mp4,/content/drive/MyDrive/ucf_experiments/ciclo_experimental_1/data/data_crop/train/Abuse020_x264-1026a51e62_1_flip_lr_crop.mp4,1
1051,/content/drive/MyDrive/ucf_experiments/ciclo_experimental_1/data/data_blur/train/Arrest002_x264-0bde44f40b_0_flip_lr_blur.mp4,/content/drive/MyDrive/ucf_experiments/ciclo_experimental_1/data/data_crop/train/Arrest002_x264-0bde44f40b_0_flip_lr_crop.mp4,0
1052,/content/drive/MyDrive/ucf_experiments/ciclo_experimental_1/data/data_blur/train/Assault004_x264-42a43b0f62_1_flip_lr_blur.mp4,/content/drive/MyDrive/ucf_experiments/ciclo_experimental_1/data/data_crop/train/Assault004_x264-42a43b0f62_1_flip_lr_crop.mp4,1
1053,/content/drive/MyDrive/ucf_experiments/ciclo_experimental_1/data/data_blur/train/Abuse033_x264-41bb78760f_1_flip_lr_blur.mp4,/content/drive/MyDrive/ucf_experiments/ciclo_experimental_1/data/data_crop/train/Abuse033_x264-41bb78760f_1_flip_lr_crop.mp4,1
1054,/content/drive/MyDrive/ucf_experiments/ciclo_experimental_1/data/data_blur/train/Assault037_x264-9bee5f721f_0_flip_lr_blur.mp4,/content/drive/MyDrive/ucf_experiments/ciclo_experimental_1/data/data_crop/train/Assault037_x264-9bee5f721f_0_flip_lr_crop.mp4,0
1055,/content/drive/MyDrive/ucf_experiments/ciclo_experimental_1/data/data_blur/train/Arrest008_x264-8584816465_0_flip_lr_blur.mp4,/content/drive/MyDrive/ucf_experiments/ciclo_experimental_1/data/data_crop/train/Arrest008_x264-8584816465_0_flip_lr_crop.mp4,0
1056,/content/drive/MyDrive/ucf_experiments/ciclo_experimental_1/data/data_blur/train/Fighting024_x264-686932a208_1_flip_lr_blur.mp4,/content/drive/MyDrive/ucf_experiments/ciclo_experimental_1/data/data_crop/train/Fighting024_x264-686932a208_1_flip_lr_crop.mp4,1
1057,/content/drive/MyDrive/ucf_experiments/ciclo_experimental_1/data/data_blur/train/Robbery060_x264-d2537abf42_1_flip_lr_blur.mp4,/content/drive/MyDrive/ucf_experiments/ciclo_experimental_1/data/data_crop/train/Robbery060_x264-d2537abf42_1_flip_lr_crop.mp4,1
1058,/content/drive/MyDrive/ucf_experiments/ciclo_experimental_1/data/data_blur/train/Assault008_x264-b7467e4501_1_flip_lr_blur.mp4,/content/drive/MyDrive/ucf_experiments/ciclo_experimental_1/data/data_crop/train/Assault008_x264-b7467e4501_1_flip_lr_crop.mp4,1
1059,/content/drive/MyDrive/ucf_experiments/ciclo_experimental_1/data/data_blur/train/Robbery020_x264-e79d6a822f_0_flip_lr_blur.mp4,/content/drive/MyDrive/ucf_experiments/ciclo_experimental_1/data/data_crop/train/Robbery020_x264-e79d6a822f_0_flip_lr_crop.mp4,0
1060,/content/drive/MyDrive/ucf_experiments/ciclo_experimental_1/data/data_blur/train/Arrest026_x264-8f1e0b3f4e_1_flip_lr_blur.mp4,/content/drive/MyDrive/ucf_experiments/ciclo_experimental_1/data/data_crop/train/Arrest026_x264-8f1e0b3f4e_1_flip_lr_crop.mp4,1
1061,/content/drive/MyDrive/ucf_experiments/ciclo_experimental_1/data/data_blur/train/Arrest025_x264-50b84cd523_0_flip_lr_blur.mp4,/content/drive/MyDrive/ucf_experiments/ciclo_experimental_1/data/data_crop/train/Arrest025_x264-50b84cd523_0_flip_lr_crop.mp4,0
1062,/content/drive/MyDrive/ucf_experiments/ciclo_experimental_1/data/data_blur/train/Assault007_x264-625d54c4c0_1_flip_lr_blur.mp4,/content/drive/MyDrive/ucf_experiments/ciclo_experimental_1/data/data_crop/train/Assault007_x264-625d54c4c0_1_flip_lr_crop.mp4,1
1063,/content/drive/MyDrive/ucf_experiments/ciclo_experimental_1/data/data_blur/train/Abuse046_x264-4a4082648d_1_flip_lr_blur.mp4,/content/drive/MyDrive/ucf_experiments/ciclo_experimental_1/data/data_crop/train/Abuse046_x264-4a4082648d_1_flip_lr_crop.mp4,1
1064,/content/drive/MyDrive/ucf_experiments/ciclo_experimental_1/data/data_blur/train/Robbery008_x264-75be261f81_1_flip_lr_blur.mp4,/content/drive/MyDrive/ucf_experiments/ciclo_experimental_1/data/data_crop/train/Robbery008_x264-75be261f81_1_flip_lr_crop.mp4,1
1065,/content/drive/MyDrive/ucf_experiments/ciclo_experimental_1/data/data_blur/train/Fighting007_x264-19be836580_0_flip_lr_blur.mp4,/content/drive/MyDrive/ucf_experiments/ciclo_experimental_1/data/data_crop/train/Fighting007_x264-19be836580_0_flip_lr_crop.mp4,0
1066,/content/drive/MyDrive/ucf_experiments/ciclo_experimental_1/data/data_blur/train/Arrest023_x264-1912116ad6_1_flip_lr_blur.mp4,/content/drive/MyDrive/ucf_experiments/ciclo_experimental_1/data/data_crop/train/Arrest023_x264-1912116ad6_1_flip_lr_crop.mp4,1
1067,/content/drive/MyDrive/ucf_experiments/ciclo_experimental_1/data/data_blur/train/Assault037_x264-6319908b5b_1_flip_lr_blur.mp4,/content/drive/MyDrive/ucf_experiments/ciclo_experimental_1/data/data_crop/train/Assault037_x264-6319908b5b_1_flip_lr_crop.mp4,1
1068,/content/drive/MyDrive/ucf_experiments/ciclo_experimental_1/data/data_blur/train/Fighting016_x264-f1a902132f_1_flip_lr_blur.mp4,/content/drive/MyDrive/ucf_experiments/ciclo_experimental_1/data/data_crop/train/Fighting016_x264-f1a902132f_1_flip_lr_crop.mp4,1
1069,/content/drive/MyDrive/ucf_experiments/ciclo_experimental_1/data/data_blur/train/Robbery051_x264-482601e7c0_1_flip_lr_blur.mp4,/content/drive/MyDrive/ucf_experiments/ciclo_experimental_1/data/data_crop/train/Robbery051_x264-482601e7c0_1_flip_lr_crop.mp4,1
1070,/content/drive/MyDrive/ucf_experiments/ciclo_experimental_1/data/data_blur/train/Robbery060_x264-f438661860_1_flip_lr_blur.mp4,/content/drive/MyDrive/ucf_experiments/ciclo_experimental_1/data/data_crop/train/Robbery060_x264-f438661860_1_flip_lr_crop.mp4,1
1071,/content/drive/MyDrive/ucf_experiments/ciclo_experimental_1/data/data_blur/train/Robbery070_x264-a3d2650a33_1_flip_lr_blur.mp4,/content/drive/MyDrive/ucf_experiments/ciclo_experimental_1/data/data_crop/train/Robbery070_x264-a3d2650a33_1_flip_lr_crop.mp4,1
1072,/content/drive/MyDrive/ucf_experiments/ciclo_experimental_1/data/data_blur/train/Abuse050_x264-9612b48f00_1_flip_lr_blur.mp4,/content/drive/MyDrive/ucf_experiments/ciclo_experimental_1/data/data_crop/train/Abuse050_x264-9612b48f00_1_flip_lr_crop.mp4,1
1073,/content/drive/MyDrive/ucf_experiments/ciclo_experimental_1/data/data_blur/train/Abuse009_x264-e6bc1a49f9_1_flip_lr_blur.mp4,/content/drive/MyDrive/ucf_experiments/ciclo_experimental_1/data/data_crop/train/Abuse009_x264-e6bc1a49f9_1_flip_lr_crop.mp4,1
1074,/content/drive/MyDrive/ucf_experiments/ciclo_experimental_1/data/data_blur/train/Assault002_x264-cbb89e6865_0_flip_lr_blur.mp4,/content/drive/MyDrive/ucf_experiments/ciclo_experimental_1/data/data_crop/train/Assault002_x264-cbb89e6865_0_flip_lr_crop.mp4,0
1075,/content/drive/MyDrive/ucf_experiments/ciclo_experimental_1/data/data_blur/train/Arrest028_x264-6b99203acd_0_flip_lr_blur.mp4,/content/drive/MyDrive/ucf_experiments/ciclo_experimental_1/data/data_crop/train/Arrest028_x264-6b99203acd_0_flip_lr_crop.mp4,0
1076,/content/drive/MyDrive/ucf_experiments/ciclo_experimental_1/data/data_blur/train/Fighting011_x264-98100e9b01_1_flip_lr_blur.mp4,/content/drive/MyDrive/ucf_experiments/ciclo_experimental_1/data/data_crop/train/Fighting011_x264-98100e9b01_1_flip_lr_crop.mp4,1
1077,/content/drive/MyDrive/ucf_experiments/ciclo_experimental_1/data/data_blur/train/Arrest046_x264-786f70c142_0_flip_lr_blur.mp4,/content/drive/MyDrive/ucf_experiments/ciclo_experimental_1/data/data_crop/train/Arrest046_x264-786f70c142_0_flip_lr_crop.mp4,0
1078,/content/drive/MyDrive/ucf_experiments/ciclo_experimental_1/data/data_blur/train/Fighting025_x264-4e24444503_0_flip_lr_blur.mp4,/content/drive/MyDrive/ucf_experiments/ciclo_experimental_1/data/data_crop/train/Fighting025_x264-4e24444503_0_flip_lr_crop.mp4,0
1079,/content/drive/MyDrive/ucf_experiments/ciclo_experimental_1/data/data_blur/train/Fighting021_x264-1c8d001fff_0_flip_lr_blur.mp4,/content/drive/MyDrive/ucf_experiments/ciclo_experimental_1/data/data_crop/train/Fighting021_x264-1c8d001fff_0_flip_lr_crop.mp4,0
1080,/content/drive/MyDrive/ucf_experiments/ciclo_experimental_1/data/data_blur/train/Assault018_x264-16de3c55fc_1_flip_lr_blur.mp4,/content/drive/MyDrive/ucf_experiments/ciclo_experimental_1/data/data_crop/train/Assault018_x264-16de3c55fc_1_flip_lr_crop.mp4,1
1081,/content/drive/MyDrive/ucf_experiments/ciclo_experimental_1/data/data_blur/train/Assault033_x264-e1efd60040_1_flip_lr_blur.mp4,/content/drive/MyDrive/ucf_experiments/ciclo_experimental_1/data/data_crop/train/Assault033_x264-e1efd60040_1_flip_lr_crop.mp4,1
1082,/content/drive/MyDrive/ucf_experiments/ciclo_experimental_1/data/data_blur/train/Fighting004_x264-64855c4a59_1_flip_lr_blur.mp4,/content/drive/MyDrive/ucf_experiments/ciclo_experimental_1/data/data_crop/train/Fighting004_x264-64855c4a59_1_flip_lr_crop.mp4,1
1083,/content/drive/MyDrive/ucf_experiments/ciclo_experimental_1/data/data_blur/train/Arrest042_x264-8c556e3fec_0_flip_lr_blur.mp4,/content/drive/MyDrive/ucf_experiments/ciclo_experimental_1/data/data_crop/train/Arrest042_x264-8c556e3fec_0_flip_lr_crop.mp4,0
1084,/content/drive/MyDrive/ucf_experiments/ciclo_experimental_1/data/data_blur/train/Fighting035_x264-2509b8f295_1_flip_lr_blur.mp4,/content/drive/MyDrive/ucf_experiments/ciclo_experimental_1/data/data_crop/train/Fighting035_x264-2509b8f295_1_flip_lr_crop.mp4,1
1085,/content/drive/MyDrive/ucf_experiments/ciclo_experimental_1/data/data_blur/train/Robbery006_x264-5c344747c9_1_flip_lr_blur.mp4,/content/drive/MyDrive/ucf_experiments/ciclo_experimental_1/data/data_crop/train/Robbery006_x264-5c344747c9_1_flip_lr_crop.mp4,1
1086,/content/drive/MyDrive/ucf_experiments/ciclo_experimental_1/data/data_blur/train/Abuse023_x264-21d038a471_1_flip_lr_blur.mp4,/content/drive/MyDrive/ucf_experiments/ciclo_experimental_1/data/data_crop/train/Abuse023_x264-21d038a471_1_flip_lr_crop.mp4,1
1087,/content/drive/MyDrive/ucf_experiments/ciclo_experimental_1/data/data_blur/train/Assault018_x264-555058c437_1_flip_lr_blur.mp4,/content/drive/MyDrive/ucf_experiments/ciclo_experimental_1/data/data_crop/train/Assault018_x264-555058c437_1_flip_lr_crop.mp4,1
1088,/content/drive/MyDrive/ucf_experiments/ciclo_experimental_1/data/data_blur/train/Robbery041_x264-98e9d579e8_1_flip_lr_blur.mp4,/content/drive/MyDrive/ucf_experiments/ciclo_experimental_1/data/data_crop/train/Robbery041_x264-98e9d579e8_1_flip_lr_crop.mp4,1
1089,/content/drive/MyDrive/ucf_experiments/ciclo_experimental_1/data/data_blur/train/Assault050_x264-941725d322_1_flip_lr_blur.mp4,/content/drive/MyDrive/ucf_experiments/ciclo_experimental_1/data/data_crop/train/Assault050_x264-941725d322_1_flip_lr_crop.mp4,1
1090,/content/drive/MyDrive/ucf_experiments/ciclo_experimental_1/data/data_blur/train/Robbery072_x264-3f70d7361f_0_flip_lr_blur.mp4,/content/drive/MyDrive/ucf_experiments/ciclo_experimental_1/data/data_crop/train/Robbery072_x264-3f70d7361f_0_flip_lr_crop.mp4,0
1091,/content/drive/MyDrive/ucf_experiments/ciclo_experimental_1/data/data_blur/train/Fighting036_x264-d2e1af9546_1_flip_lr_blur.mp4,/content/drive/MyDrive/ucf_experiments/ciclo_experimental_1/data/data_crop/train/Fighting036_x264-d2e1af9546_1_flip_lr_crop.mp4,1
1092,/content/drive/MyDrive/ucf_experiments/ciclo_experimental_1/data/data_blur/train/Fighting009_x264-7461c2c02d_0_flip_lr_blur.mp4,/content/drive/MyDrive/ucf_experiments/ciclo_experimental_1/data/data_crop/train/Fighting009_x264-7461c2c02d_0_flip_lr_crop.mp4,0
1093,/content/drive/MyDrive/ucf_experiments/ciclo_experimental_1/data/data_blur/train/Arrest012_x264-2d35f2d829_1_flip_lr_blur.mp4,/content/drive/MyDrive/ucf_experiments/ciclo_experimental_1/data/data_crop/train/Arrest012_x264-2d35f2d829_1_flip_lr_crop.mp4,1
1094,/content/drive/MyDrive/ucf_experiments/ciclo_experimental_1/data/data_blur/train/Assault018_x264-7d196abfb1_1_flip_lr_blur.mp4,/content/drive/MyDrive/ucf_experiments/ciclo_experimental_1/data/data_crop/train/Assault018_x264-7d196abfb1_1_flip_lr_crop.mp4,1
1095,/content/drive/MyDrive/ucf_experiments/ciclo_experimental_1/data/data_blur/train/Abuse023_x264-74a41ea03c_1_flip_lr_blur.mp4,/content/drive/MyDrive/ucf_experiments/ciclo_experimental_1/data/data_crop/train/Abuse023_x264-74a41ea03c_1_flip_lr_crop.mp4,1
1096,/content/drive/MyDrive/ucf_experiments/ciclo_experimental_1/data/data_blur/train/Robbery060_x264-de053698ca_1_flip_lr_blur.mp4,/content/drive/MyDrive/ucf_experiments/ciclo_experimental_1/data/data_crop/train/Robbery060_x264-de053698ca_1_flip_lr_crop.mp4,1
1097,/content/drive/MyDrive/ucf_experiments/ciclo_experimental_1/data/data_blur/train/Abuse035_x264-25aa175caa_0_flip_lr_blur.mp4,/content/drive/MyDrive/ucf_experiments/ciclo_experimental_1/data/data_crop/train/Abuse035_x264-25aa175caa_0_flip_lr_crop.mp4,0
1098,/content/drive/MyDrive/ucf_experiments/ciclo_experimental_1/data/data_blur/train/Arrest038_x264-2d1634476f_1_flip_lr_blur.mp4,/content/drive/MyDrive/ucf_experiments/ciclo_experimental_1/data/data_crop/train/Arrest038_x264-2d1634476f_1_flip_lr_crop.mp4,1
1099,/content/drive/MyDrive/ucf_experiments/ciclo_experimental_1/data/data_blur/train/Assault022_x264-e623ad467c_0_flip_lr_blur.mp4,/content/drive/MyDrive/ucf_experiments/ciclo_experimental_1/data/data_crop/train/Assault022_x264-e623ad467c_0_flip_lr_crop.mp4,0
1100,/content/drive/MyDrive/ucf_experiments/ciclo_experimental_1/data/data_blur/train/Arrest046_x264-1e432ccfca_0_flip_lr_blur.mp4,/content/drive/MyDrive/ucf_experiments/ciclo_experimental_1/data/data_crop/train/Arrest046_x264-1e432ccfca_0_flip_lr_crop.mp4,0
1101,/content/drive/MyDrive/ucf_experiments/ciclo_experimental_1/data/data_blur/train/Assault007_x264-87ccf5a1da_1_flip_lr_blur.mp4,/content/drive/MyDrive/ucf_experiments/ciclo_experimental_1/data/data_crop/train/Assault007_x264-87ccf5a1da_1_flip_lr_crop.mp4,1
1102,/content/drive/MyDrive/ucf_experiments/ciclo_experimental_1/data/data_blur/train/Fighting009_x264-d59130842a_1_flip_lr_blur.mp4,/content/drive/MyDrive/ucf_experiments/ciclo_experimental_1/data/data_crop/train/Fighting009_x264-d59130842a_1_flip_lr_crop.mp4,1
1103,/content/drive/MyDrive/ucf_experiments/ciclo_experimental_1/data/data_blur/train/Robbery011_x264-0933d359de_0_flip_lr_blur.mp4,/content/drive/MyDrive/ucf_experiments/ciclo_experimental_1/data/data_crop/train/Robbery011_x264-0933d359de_0_flip_lr_crop.mp4,0
1104,/content/drive/MyDrive/ucf_experiments/ciclo_experimental_1/data/data_blur/train/Fighting035_x264-0f622092ef_0_flip_lr_blur.mp4,/content/drive/MyDrive/ucf_experiments/ciclo_experimental_1/data/data_crop/train/Fighting035_x264-0f622092ef_0_flip_lr_crop.mp4,0
1105,/content/drive/MyDrive/ucf_experiments/ciclo_experimental_1/data/data_blur/train/Fighting020_x264-5891b63e7d_0_flip_lr_blur.mp4,/content/drive/MyDrive/ucf_experiments/ciclo_experimental_1/data/data_crop/train/Fighting020_x264-5891b63e7d_0_flip_lr_crop.mp4,0
1106,/content/drive/MyDrive/ucf_experiments/ciclo_experimental_1/data/data_blur/train/Robbery003_x264-6f979af506_0_flip_lr_blur.mp4,/content/drive/MyDrive/ucf_experiments/ciclo_experimental_1/data/data_crop/train/Robbery003_x264-6f979af506_0_flip_lr_crop.mp4,0
1107,/content/drive/MyDrive/ucf_experiments/ciclo_experimental_1/data/data_blur/train/Fighting006_x264-33a619ddea_1_flip_lr_blur.mp4,/content/drive/MyDrive/ucf_experiments/ciclo_experimental_1/data/data_crop/train/Fighting006_x264-33a619ddea_1_flip_lr_crop.mp4,1
1108,/content/drive/MyDrive/ucf_experiments/ciclo_experimental_1/data/data_blur/train/Robbery036_x264-cb4af26f1f_0_flip_lr_blur.mp4,/content/drive/MyDrive/ucf_experiments/ciclo_experimental_1/data/data_crop/train/Robbery036_x264-cb4af26f1f_0_flip_lr_crop.mp4,0
1109,/content/drive/MyDrive/ucf_experiments/ciclo_experimental_1/data/data_blur/train/Robbery081_x264-105d99f718_0_flip_lr_blur.mp4,/content/drive/MyDrive/ucf_experiments/ciclo_experimental_1/data/data_crop/train/Robbery081_x264-105d99f718_0_flip_lr_crop.mp4,0
1110,/content/drive/MyDrive/ucf_experiments/ciclo_experimental_1/data/data_blur/train/Fighting013_x264-7a51854de8_1_flip_lr_blur.mp4,/content/drive/MyDrive/ucf_experiments/ciclo_experimental_1/data/data_crop/train/Fighting013_x264-7a51854de8_1_flip_lr_crop.mp4,1
1111,/content/drive/MyDrive/ucf_experiments/ciclo_experimental_1/data/data_blur/train/Robbery029_x264-28579b4065_1_flip_lr_blur.mp4,/content/drive/MyDrive/ucf_experiments/ciclo_experimental_1/data/data_crop/train/Robbery029_x264-28579b4065_1_flip_lr_crop.mp4,1
1112,/content/drive/MyDrive/ucf_experiments/ciclo_experimental_1/data/data_blur/train/Robbery009_x264-f69f5f1413_1_flip_lr_blur.mp4,/content/drive/MyDrive/ucf_experiments/ciclo_experimental_1/data/data_crop/train/Robbery009_x264-f69f5f1413_1_flip_lr_crop.mp4,1
1113,/content/drive/MyDrive/ucf_experiments/ciclo_experimental_1/data/data_blur/train/Fighting040_x264-027d0be3ee_0_flip_lr_blur.mp4,/content/drive/MyDrive/ucf_experiments/ciclo_experimental_1/data/data_crop/train/Fighting040_x264-027d0be3ee_0_flip_lr_crop.mp4,0
1114,/content/drive/MyDrive/ucf_experiments/ciclo_experimental_1/data/data_blur/train/Robbery067_x264-ef6a36307a_0_flip_lr_blur.mp4,/content/drive/MyDrive/ucf_experiments/ciclo_experimental_1/data/data_crop/train/Robbery067_x264-ef6a36307a_0_flip_lr_crop.mp4,0
1115,/content/drive/MyDrive/ucf_experiments/ciclo_experimental_1/data/data_blur/train/Robbery054_x264-8660d833bf_0_flip_lr_blur.mp4,/content/drive/MyDrive/ucf_experiments/ciclo_experimental_1/data/data_crop/train/Robbery054_x264-8660d833bf_0_flip_lr_crop.mp4,0
1116,/content/drive/MyDrive/ucf_experiments/ciclo_experimental_1/data/data_blur/train/Robbery031_x264-5aca29133d_1_flip_lr_blur.mp4,/content/drive/MyDrive/ucf_experiments/ciclo_experimental_1/data/data_crop/train/Robbery031_x264-5aca29133d_1_flip_lr_crop.mp4,1
1117,/content/drive/MyDrive/ucf_experiments/ciclo_experimental_1/data/data_blur/train/Robbery064_x264-fa3cc560e3_1_flip_lr_blur.mp4,/content/drive/MyDrive/ucf_experiments/ciclo_experimental_1/data/data_crop/train/Robbery064_x264-fa3cc560e3_1_flip_lr_crop.mp4,1
1118,/content/drive/MyDrive/ucf_experiments/ciclo_experimental_1/data/data_blur/train/Abuse024_x264-abb6b39081_1_flip_lr_blur.mp4,/content/drive/MyDrive/ucf_experiments/ciclo_experimental_1/data/data_crop/train/Abuse024_x264-abb6b39081_1_flip_lr_crop.mp4,1
1119,/content/drive/MyDrive/ucf_experiments/ciclo_experimental_1/data/data_blur/train/Assault009_x264-6246c008fe_1_flip_lr_blur.mp4,/content/drive/MyDrive/ucf_experiments/ciclo_experimental_1/data/data_crop/train/Assault009_x264-6246c008fe_1_flip_lr_crop.mp4,1
1120,/content/drive/MyDrive/ucf_experiments/ciclo_experimental_1/data/data_blur/train/Assault008_x264-e0d94ec59c_1_flip_lr_blur.mp4,/content/drive/MyDrive/ucf_experiments/ciclo_experimental_1/data/data_crop/train/Assault008_x264-e0d94ec59c_1_flip_lr_crop.mp4,1
1121,/content/drive/MyDrive/ucf_experiments/ciclo_experimental_1/data/data_blur/train/Arrest011_x264-5482d97eb3_1_flip_lr_blur.mp4,/content/drive/MyDrive/ucf_experiments/ciclo_experimental_1/data/data_crop/train/Arrest011_x264-5482d97eb3_1_flip_lr_crop.mp4,1
1122,/content/drive/MyDrive/ucf_experiments/ciclo_experimental_1/data/data_blur/train/Robbery026_x264-90361ecca2_1_flip_lr_blur.mp4,/content/drive/MyDrive/ucf_experiments/ciclo_experimental_1/data/data_crop/train/Robbery026_x264-90361ecca2_1_flip_lr_crop.mp4,1
1123,/content/drive/MyDrive/ucf_experiments/ciclo_experimental_1/data/data_blur/train/Robbery023_x264-4baa957b84_1_flip_lr_blur.mp4,/content/drive/MyDrive/ucf_experiments/ciclo_experimental_1/data/data_crop/train/Robbery023_x264-4baa957b84_1_flip_lr_crop.mp4,1
1124,/content/drive/MyDrive/ucf_experiments/ciclo_experimental_1/data/data_blur/train/Assault046_x264-aadeebf6e3_0_flip_lr_blur.mp4,/content/drive/MyDrive/ucf_experiments/ciclo_experimental_1/data/data_crop/train/Assault046_x264-aadeebf6e3_0_flip_lr_crop.mp4,0
1125,/content/drive/MyDrive/ucf_experiments/ciclo_experimental_1/data/data_blur/train/Fighting021_x264-8f90ed5041_0_flip_lr_blur.mp4,/content/drive/MyDrive/ucf_experiments/ciclo_experimental_1/data/data_crop/train/Fighting021_x264-8f90ed5041_0_flip_lr_crop.mp4,0
1126,/content/drive/MyDrive/ucf_experiments/ciclo_experimental_1/data/data_blur/train/Abuse022_x264-04c8652fa0_1_flip_lr_blur.mp4,/content/drive/MyDrive/ucf_experiments/ciclo_experimental_1/data/data_crop/train/Abuse022_x264-04c8652fa0_1_flip_lr_crop.mp4,1
1127,/content/drive/MyDrive/ucf_experiments/ciclo_experimental_1/data/data_blur/train/Assault033_x264-656704c92f_1_flip_lr_blur.mp4,/content/drive/MyDrive/ucf_experiments/ciclo_experimental_1/data/data_crop/train/Assault033_x264-656704c92f_1_flip_lr_crop.mp4,1
1128,/content/drive/MyDrive/ucf_experiments/ciclo_experimental_1/data/data_blur/train/Arrest008_x264-41bc527364_0_flip_lr_blur.mp4,/content/drive/MyDrive/ucf_experiments/ciclo_experimental_1/data/data_crop/train/Arrest008_x264-41bc527364_0_flip_lr_crop.mp4,0
1129,/content/drive/MyDrive/ucf_experiments/ciclo_experimental_1/data/data_blur/train/Robbery081_x264-1da1858450_1_flip_lr_blur.mp4,/content/drive/MyDrive/ucf_experiments/ciclo_experimental_1/data/data_crop/train/Robbery081_x264-1da1858450_1_flip_lr_crop.mp4,1
1130,/content/drive/MyDrive/ucf_experiments/ciclo_experimental_1/data/data_blur/train/Assault001_x264-7a71e0bff4_1_flip_lr_blur.mp4,/content/drive/MyDrive/ucf_experiments/ciclo_experimental_1/data/data_crop/train/Assault001_x264-7a71e0bff4_1_flip_lr_crop.mp4,1
1131,/content/drive/MyDrive/ucf_experiments/ciclo_experimental_1/data/data_blur/train/Arrest022_x264-bf5c386e7c_0_flip_lr_blur.mp4,/content/drive/MyDrive/ucf_experiments/ciclo_experimental_1/data/data_crop/train/Arrest022_x264-bf5c386e7c_0_flip_lr_crop.mp4,0
1132,/content/drive/MyDrive/ucf_experiments/ciclo_experimental_1/data/data_blur/train/Assault001_x264-36202ded98_1_flip_lr_blur.mp4,/content/drive/MyDrive/ucf_experiments/ciclo_experimental_1/data/data_crop/train/Assault001_x264-36202ded98_1_flip_lr_crop.mp4,1
1133,/content/drive/MyDrive/ucf_experiments/ciclo_experimental_1/data/data_blur/train/Robbery009_x264-4b7c999c3e_1_flip_lr_blur.mp4,/content/drive/MyDrive/ucf_experiments/ciclo_experimental_1/data/data_crop/train/Robbery009_x264-4b7c999c3e_1_flip_lr_crop.mp4,1
1134,/content/drive/MyDrive/ucf_experiments/ciclo_experimental_1/data/data_blur/train/Robbery039_x264-4f84a02994_1_flip_lr_blur.mp4,/content/drive/MyDrive/ucf_experiments/ciclo_experimental_1/data/data_crop/train/Robbery039_x264-4f84a02994_1_flip_lr_crop.mp4,1
1135,/content/drive/MyDrive/ucf_experiments/ciclo_experimental_1/data/data_blur/train/Assault018_x264-2236e7cd55_0_flip_lr_blur.mp4,/content/drive/MyDrive/ucf_experiments/ciclo_experimental_1/data/data_crop/train/Assault018_x264-2236e7cd55_0_flip_lr_crop.mp4,0
1136,/content/drive/MyDrive/ucf_experiments/ciclo_experimental_1/data/data_blur/train/Fighting026_x264-0758efa470_1_flip_lr_blur.mp4,/content/drive/MyDrive/ucf_experiments/ciclo_experimental_1/data/data_crop/train/Fighting026_x264-0758efa470_1_flip_lr_crop.mp4,1
1137,/content/drive/MyDrive/ucf_experiments/ciclo_experimental_1/data/data_blur/train/Fighting016_x264-b14d5d6152_1_flip_lr_blur.mp4,/content/drive/MyDrive/ucf_experiments/ciclo_experimental_1/data/data_crop/train/Fighting016_x264-b14d5d6152_1_flip_lr_crop.mp4,1
1138,/content/drive/MyDrive/ucf_experiments/ciclo_experimental_1/data/data_blur/train/Robbery036_x264-a258b51e77_0_flip_lr_blur.mp4,/content/drive/MyDrive/ucf_experiments/ciclo_experimental_1/data/data_crop/train/Robbery036_x264-a258b51e77_0_flip_lr_crop.mp4,0
1139,/content/drive/MyDrive/ucf_experiments/ciclo_experimental_1/data/data_blur/train/Fighting010_x264-3f92384118_0_flip_lr_blur.mp4,/content/drive/MyDrive/ucf_experiments/ciclo_experimental_1/data/data_crop/train/Fighting010_x264-3f92384118_0_flip_lr_crop.mp4,0
1140,/content/drive/MyDrive/ucf_experiments/ciclo_experimental_1/data/data_blur/train/Fighting014_x264-2d0dd028c2_0_flip_lr_blur.mp4,/content/drive/MyDrive/ucf_experiments/ciclo_experimental_1/data/data_crop/train/Fighting014_x264-2d0dd028c2_0_flip_lr_crop.mp4,0
1141,/content/drive/MyDrive/ucf_experiments/ciclo_experimental_1/data/data_blur/train/Arrest012_x264-ed2e31c61f_0_flip_lr_blur.mp4,/content/drive/MyDrive/ucf_experiments/ciclo_experimental_1/data/data_crop/train/Arrest012_x264-ed2e31c61f_0_flip_lr_crop.mp4,0
1142,/content/drive/MyDrive/ucf_experiments/ciclo_experimental_1/data/data_blur/train/Robbery038_x264-43ad25f8a2_1_flip_lr_blur.mp4,/content/drive/MyDrive/ucf_experiments/ciclo_experimental_1/data/data_crop/train/Robbery038_x264-43ad25f8a2_1_flip_lr_crop.mp4,1
1143,/content/drive/MyDrive/ucf_experiments/ciclo_experimental_1/data/data_blur/train/Abuse024_x264-e62346d9c8_0_flip_lr_blur.mp4,/content/drive/MyDrive/ucf_experiments/ciclo_experimental_1/data/data_crop/train/Abuse024_x264-e62346d9c8_0_flip_lr_crop.mp4,0
1144,/content/drive/MyDrive/ucf_experiments/ciclo_experimental_1/data/data_blur/train/Arrest038_x264-c5212e39fa_0_flip_lr_blur.mp4,/content/drive/MyDrive/ucf_experiments/ciclo_experimental_1/data/data_crop/train/Arrest038_x264-c5212e39fa_0_flip_lr_crop.mp4,0
1145,/content/drive/MyDrive/ucf_experiments/ciclo_experimental_1/data/data_blur/train/Robbery060_x264-9aa606f2fc_0_flip_lr_blur.mp4,/content/drive/MyDrive/ucf_experiments/ciclo_experimental_1/data/data_crop/train/Robbery060_x264-9aa606f2fc_0_flip_lr_crop.mp4,0
1146,/content/drive/MyDrive/ucf_experiments/ciclo_experimental_1/data/data_blur/train/Fighting049_x264-eeda9e6b98_1_flip_lr_blur.mp4,/content/drive/MyDrive/ucf_experiments/ciclo_experimental_1/data/data_crop/train/Fighting049_x264-eeda9e6b98_1_flip_lr_crop.mp4,1
1147,/content/drive/MyDrive/ucf_experiments/ciclo_experimental_1/data/data_blur/train/Arrest022_x264-eb67215710_0_flip_lr_blur.mp4,/content/drive/MyDrive/ucf_experiments/ciclo_experimental_1/data/data_crop/train/Arrest022_x264-eb67215710_0_flip_lr_crop.mp4,0
1148,/content/drive/MyDrive/ucf_experiments/ciclo_experimental_1/data/data_blur/train/Fighting048_x264-3c4315a1f3_0_flip_lr_blur.mp4,/content/drive/MyDrive/ucf_experiments/ciclo_experimental_1/data/data_crop/train/Fighting048_x264-3c4315a1f3_0_flip_lr_crop.mp4,0
1149,/content/drive/MyDrive/ucf_experiments/ciclo_experimental_1/data/data_blur/train/Fighting002_x264-ae60d67dc3_0_flip_lr_blur.mp4,/content/drive/MyDrive/ucf_experiments/ciclo_experimental_1/data/data_crop/train/Fighting002_x264-ae60d67dc3_0_flip_lr_crop.mp4,0
1150,/content/drive/MyDrive/ucf_experiments/ciclo_experimental_1/data/data_blur/train/Robbery097_x264-512e68a059_0_flip_lr_blur.mp4,/content/drive/MyDrive/ucf_experiments/ciclo_experimental_1/data/data_crop/train/Robbery097_x264-512e68a059_0_flip_lr_crop.mp4,0
1151,/content/drive/MyDrive/ucf_experiments/ciclo_experimental_1/data/data_blur/train/Assault018_x264-93726f0ef2_1_flip_lr_blur.mp4,/content/drive/MyDrive/ucf_experiments/ciclo_experimental_1/data/data_crop/train/Assault018_x264-93726f0ef2_1_flip_lr_crop.mp4,1
1152,/content/drive/MyDrive/ucf_experiments/ciclo_experimental_1/data/data_blur/train/Fighting044_x264-4c117aa665_0_flip_lr_blur.mp4,/content/drive/MyDrive/ucf_experiments/ciclo_experimental_1/data/data_crop/train/Fighting044_x264-4c117aa665_0_flip_lr_crop.mp4,0
1153,/content/drive/MyDrive/ucf_experiments/ciclo_experimental_1/data/data_blur/train/Robbery019_x264-6ef3a0050a_1_flip_lr_blur.mp4,/content/drive/MyDrive/ucf_experiments/ciclo_experimental_1/data/data_crop/train/Robbery019_x264-6ef3a0050a_1_flip_lr_crop.mp4,1
1154,/content/drive/MyDrive/ucf_experiments/ciclo_experimental_1/data/data_blur/train/Arrest034_x264-2649e08024_0_flip_lr_blur.mp4,/content/drive/MyDrive/ucf_experiments/ciclo_experimental_1/data/data_crop/train/Arrest034_x264-2649e08024_0_flip_lr_crop.mp4,0
1155,/content/drive/MyDrive/ucf_experiments/ciclo_experimental_1/data/data_blur/train/Abuse035_x264-a1243e2b92_1_flip_lr_blur.mp4,/content/drive/MyDrive/ucf_experiments/ciclo_experimental_1/data/data_crop/train/Abuse035_x264-a1243e2b92_1_flip_lr_crop.mp4,1
1156,/content/drive/MyDrive/ucf_experiments/ciclo_experimental_1/data/data_blur/train/Assault032_x264-a70d3cbf68_1_flip_lr_blur.mp4,/content/drive/MyDrive/ucf_experiments/ciclo_experimental_1/data/data_crop/train/Assault032_x264-a70d3cbf68_1_flip_lr_crop.mp4,1
1157,/content/drive/MyDrive/ucf_experiments/ciclo_experimental_1/data/data_blur/train/Robbery097_x264-9eb21dfeb7_0_flip_lr_blur.mp4,/content/drive/MyDrive/ucf_experiments/ciclo_experimental_1/data/data_crop/train/Robbery097_x264-9eb21dfeb7_0_flip_lr_crop.mp4,0
1158,/content/drive/MyDrive/ucf_experiments/ciclo_experimental_1/data/data_blur/train/Robbery058_x264-e30dc9da12_1_flip_lr_blur.mp4,/content/drive/MyDrive/ucf_experiments/ciclo_experimental_1/data/data_crop/train/Robbery058_x264-e30dc9da12_1_flip_lr_crop.mp4,1
1159,/content/drive/MyDrive/ucf_experiments/ciclo_experimental_1/data/data_blur/train/Fighting040_x264-b8c5401244_1_flip_lr_blur.mp4,/content/drive/MyDrive/ucf_experiments/ciclo_experimental_1/data/data_crop/train/Fighting040_x264-b8c5401244_1_flip_lr_crop.mp4,1
1160,/content/drive/MyDrive/ucf_experiments/ciclo_experimental_1/data/data_blur/train/Fighting011_x264-8d04667005_0_flip_lr_blur.mp4,/content/drive/MyDrive/ucf_experiments/ciclo_experimental_1/data/data_crop/train/Fighting011_x264-8d04667005_0_flip_lr_crop.mp4,0
1161,/content/drive/MyDrive/ucf_experiments/ciclo_experimental_1/data/data_blur/train/Abuse007_x264-004d9fba11_1_flip_lr_blur.mp4,/content/drive/MyDrive/ucf_experiments/ciclo_experimental_1/data/data_crop/train/Abuse007_x264-004d9fba11_1_flip_lr_crop.mp4,1
1162,/content/drive/MyDrive/ucf_experiments/ciclo_experimental_1/data/data_blur/train/Abuse006_x264-e0925f5d41_1_flip_lr_blur.mp4,/content/drive/MyDrive/ucf_experiments/ciclo_experimental_1/data/data_crop/train/Abuse006_x264-e0925f5d41_1_flip_lr_crop.mp4,1
1163,/content/drive/MyDrive/ucf_experiments/ciclo_experimental_1/data/data_blur/train/Robbery101_x264-ff520e4482_0_flip_lr_blur.mp4,/content/drive/MyDrive/ucf_experiments/ciclo_experimental_1/data/data_crop/train/Robbery101_x264-ff520e4482_0_flip_lr_crop.mp4,0
1164,/content/drive/MyDrive/ucf_experiments/ciclo_experimental_1/data/data_blur/train/Robbery072_x264-b5f64dc74e_0_flip_lr_blur.mp4,/content/drive/MyDrive/ucf_experiments/ciclo_experimental_1/data/data_crop/train/Robbery072_x264-b5f64dc74e_0_flip_lr_crop.mp4,0
1165,/content/drive/MyDrive/ucf_experiments/ciclo_experimental_1/data/data_blur/train/Arrest042_x264-3d1e50c124_0_flip_lr_blur.mp4,/content/drive/MyDrive/ucf_experiments/ciclo_experimental_1/data/data_crop/train/Arrest042_x264-3d1e50c124_0_flip_lr_crop.mp4,0
1166,/content/drive/MyDrive/ucf_experiments/ciclo_experimental_1/data/data_blur/train/Robbery008_x264-8a5eca1e90_1_flip_lr_blur.mp4,/content/drive/MyDrive/ucf_experiments/ciclo_experimental_1/data/data_crop/train/Robbery008_x264-8a5eca1e90_1_flip_lr_crop.mp4,1
1167,/content/drive/MyDrive/ucf_experiments/ciclo_experimental_1/data/data_blur/train/Abuse006_x264-e5d0de74d2_1_flip_lr_blur.mp4,/content/drive/MyDrive/ucf_experiments/ciclo_experimental_1/data/data_crop/train/Abuse006_x264-e5d0de74d2_1_flip_lr_crop.mp4,1
1168,/content/drive/MyDrive/ucf_experiments/ciclo_experimental_1/data/data_blur/train/Robbery021_x264-625b3c9609_0_flip_lr_blur.mp4,/content/drive/MyDrive/ucf_experiments/ciclo_experimental_1/data/data_crop/train/Robbery021_x264-625b3c9609_0_flip_lr_crop.mp4,0
1169,/content/drive/MyDrive/ucf_experiments/ciclo_experimental_1/data/data_blur/train/Robbery011_x264-3e33217f45_1_flip_lr_blur.mp4,/content/drive/MyDrive/ucf_experiments/ciclo_experimental_1/data/data_crop/train/Robbery011_x264-3e33217f45_1_flip_lr_crop.mp4,1
1170,/content/drive/MyDrive/ucf_experiments/ciclo_experimental_1/data/data_blur/train/Arrest036_x264-4ff288203f_0_flip_lr_blur.mp4,/content/drive/MyDrive/ucf_experiments/ciclo_experimental_1/data/data_crop/train/Arrest036_x264-4ff288203f_0_flip_lr_crop.mp4,0
1171,/content/drive/MyDrive/ucf_experiments/ciclo_experimental_1/data/data_blur/train/Assault022_x264-8ec08e47a4_0_flip_lr_blur.mp4,/content/drive/MyDrive/ucf_experiments/ciclo_experimental_1/data/data_crop/train/Assault022_x264-8ec08e47a4_0_flip_lr_crop.mp4,0
1172,/content/drive/MyDrive/ucf_experiments/ciclo_experimental_1/data/data_blur/train/Robbery086_x264-333ec2d32b_0_flip_lr_blur.mp4,/content/drive/MyDrive/ucf_experiments/ciclo_experimental_1/data/data_crop/train/Robbery086_x264-333ec2d32b_0_flip_lr_crop.mp4,0
1173,/content/drive/MyDrive/ucf_experiments/ciclo_experimental_1/data/data_blur/train/Fighting040_x264-b179c12bdc_0_flip_lr_blur.mp4,/content/drive/MyDrive/ucf_experiments/ciclo_experimental_1/data/data_crop/train/Fighting040_x264-b179c12bdc_0_flip_lr_crop.mp4,0
1174,/content/drive/MyDrive/ucf_experiments/ciclo_experimental_1/data/data_blur/train/Fighting010_x264-9c2b2565bc_0_flip_lr_blur.mp4,/content/drive/MyDrive/ucf_experiments/ciclo_experimental_1/data/data_crop/train/Fighting010_x264-9c2b2565bc_0_flip_lr_crop.mp4,0
1175,/content/drive/MyDrive/ucf_experiments/ciclo_experimental_1/data/data_blur/train/Fighting049_x264-7618828f0d_0_flip_lr_blur.mp4,/content/drive/MyDrive/ucf_experiments/ciclo_experimental_1/data/data_crop/train/Fighting049_x264-7618828f0d_0_flip_lr_crop.mp4,0
1176,/content/drive/MyDrive/ucf_experiments/ciclo_experimental_1/data/data_blur/train/Abuse025_x264-3ff1cf7c61_0_flip_lr_blur.mp4,/content/drive/MyDrive/ucf_experiments/ciclo_experimental_1/data/data_crop/train/Abuse025_x264-3ff1cf7c61_0_flip_lr_crop.mp4,0
1177,/content/drive/MyDrive/ucf_experiments/ciclo_experimental_1/data/data_blur/train/Robbery036_x264-db747d607a_0_flip_lr_blur.mp4,/content/drive/MyDrive/ucf_experiments/ciclo_experimental_1/data/data_crop/train/Robbery036_x264-db747d607a_0_flip_lr_crop.mp4,0
1178,/content/drive/MyDrive/ucf_experiments/ciclo_experimental_1/data/data_blur/train/Arrest011_x264-76147883fa_1_flip_lr_blur.mp4,/content/drive/MyDrive/ucf_experiments/ciclo_experimental_1/data/data_crop/train/Arrest011_x264-76147883fa_1_flip_lr_crop.mp4,1
1179,/content/drive/MyDrive/ucf_experiments/ciclo_experimental_1/data/data_blur/train/Arrest003_x264-89227d48bf_1_flip_lr_blur.mp4,/content/drive/MyDrive/ucf_experiments/ciclo_experimental_1/data/data_crop/train/Arrest003_x264-89227d48bf_1_flip_lr_crop.mp4,1
1180,/content/drive/MyDrive/ucf_experiments/ciclo_experimental_1/data/data_blur/train/Arrest003_x264-50687da1b8_1_flip_lr_blur.mp4,/content/drive/MyDrive/ucf_experiments/ciclo_experimental_1/data/data_crop/train/Arrest003_x264-50687da1b8_1_flip_lr_crop.mp4,1
1181,/content/drive/MyDrive/ucf_experiments/ciclo_experimental_1/data/data_blur/train/Assault019_x264-b5345e7d01_1_flip_lr_blur.mp4,/content/drive/MyDrive/ucf_experiments/ciclo_experimental_1/data/data_crop/train/Assault019_x264-b5345e7d01_1_flip_lr_crop.mp4,1
1182,/content/drive/MyDrive/ucf_experiments/ciclo_experimental_1/data/data_blur/train/Robbery030_x264-b84cd59bfc_0_flip_lr_blur.mp4,/content/drive/MyDrive/ucf_experiments/ciclo_experimental_1/data/data_crop/train/Robbery030_x264-b84cd59bfc_0_flip_lr_crop.mp4,0
1183,/content/drive/MyDrive/ucf_experiments/ciclo_experimental_1/data/data_blur/train/Fighting024_x264-f10c894e53_1_flip_lr_blur.mp4,/content/drive/MyDrive/ucf_experiments/ciclo_experimental_1/data/data_crop/train/Fighting024_x264-f10c894e53_1_flip_lr_crop.mp4,1
1184,/content/drive/MyDrive/ucf_experiments/ciclo_experimental_1/data/data_blur/train/Fighting004_x264-c028842b10_1_flip_lr_blur.mp4,/content/drive/MyDrive/ucf_experiments/ciclo_experimental_1/data/data_crop/train/Fighting004_x264-c028842b10_1_flip_lr_crop.mp4,1
1185,/content/drive/MyDrive/ucf_experiments/ciclo_experimental_1/data/data_blur/train/Abuse048_x264-8f76b776a4_1_flip_lr_blur.mp4,/content/drive/MyDrive/ucf_experiments/ciclo_experimental_1/data/data_crop/train/Abuse048_x264-8f76b776a4_1_flip_lr_crop.mp4,1
1186,/content/drive/MyDrive/ucf_experiments/ciclo_experimental_1/data/data_blur/train/Fighting051_x264-c1ce25730e_1_flip_lr_blur.mp4,/content/drive/MyDrive/ucf_experiments/ciclo_experimental_1/data/data_crop/train/Fighting051_x264-c1ce25730e_1_flip_lr_crop.mp4,1
1187,/content/drive/MyDrive/ucf_experiments/ciclo_experimental_1/data/data_blur/train/Robbery047_x264-4b812efef4_1_flip_lr_blur.mp4,/content/drive/MyDrive/ucf_experiments/ciclo_experimental_1/data/data_crop/train/Robbery047_x264-4b812efef4_1_flip_lr_crop.mp4,1
1188,/content/drive/MyDrive/ucf_experiments/ciclo_experimental_1/data/data_blur/train/Arrest035_x264-c21e234e8a_0_flip_lr_blur.mp4,/content/drive/MyDrive/ucf_experiments/ciclo_experimental_1/data/data_crop/train/Arrest035_x264-c21e234e8a_0_flip_lr_crop.mp4,0
1189,/content/drive/MyDrive/ucf_experiments/ciclo_experimental_1/data/data_blur/train/Robbery047_x264-19f2e807b4_1_flip_lr_blur.mp4,/content/drive/MyDrive/ucf_experiments/ciclo_experimental_1/data/data_crop/train/Robbery047_x264-19f2e807b4_1_flip_lr_crop.mp4,1
1190,/content/drive/MyDrive/ucf_experiments/ciclo_experimental_1/data/data_blur/train/Arrest037_x264-35159557dc_1_flip_lr_blur.mp4,/content/drive/MyDrive/ucf_experiments/ciclo_experimental_1/data/data_crop/train/Arrest037_x264-35159557dc_1_flip_lr_crop.mp4,1
1191,/content/drive/MyDrive/ucf_experiments/ciclo_experimental_1/data/data_blur/train/Robbery019_x264-a5f00ea887_1_flip_lr_blur.mp4,/content/drive/MyDrive/ucf_experiments/ciclo_experimental_1/data/data_crop/train/Robbery019_x264-a5f00ea887_1_flip_lr_crop.mp4,1
1192,/content/drive/MyDrive/ucf_experiments/ciclo_experimental_1/data/data_blur/train/Fighting036_x264-dc263766e4_1_flip_lr_blur.mp4,/content/drive/MyDrive/ucf_experiments/ciclo_experimental_1/data/data_crop/train/Fighting036_x264-dc263766e4_1_flip_lr_crop.mp4,1
1193,/content/drive/MyDrive/ucf_experiments/ciclo_experimental_1/data/data_blur/train/Assault028_x264-f4ec4c1a85_0_flip_lr_blur.mp4,/content/drive/MyDrive/ucf_experiments/ciclo_experimental_1/data/data_crop/train/Assault028_x264-f4ec4c1a85_0_flip_lr_crop.mp4,0
1194,/content/drive/MyDrive/ucf_experiments/ciclo_experimental_1/data/data_blur/train/Assault002_x264-442b014425_0_flip_lr_blur.mp4,/content/drive/MyDrive/ucf_experiments/ciclo_experimental_1/data/data_crop/train/Assault002_x264-442b014425_0_flip_lr_crop.mp4,0
1195,/content/drive/MyDrive/ucf_experiments/ciclo_experimental_1/data/data_blur/train/Robbery100_x264-6c58eb94dc_0_flip_lr_blur.mp4,/content/drive/MyDrive/ucf_experiments/ciclo_experimental_1/data/data_crop/train/Robbery100_x264-6c58eb94dc_0_flip_lr_crop.mp4,0
1196,/content/drive/MyDrive/ucf_experiments/ciclo_experimental_1/data/data_blur/train/Assault050_x264-ce2cf8d7d7_1_flip_lr_blur.mp4,/content/drive/MyDrive/ucf_experiments/ciclo_experimental_1/data/data_crop/train/Assault050_x264-ce2cf8d7d7_1_flip_lr_crop.mp4,1
1197,/content/drive/MyDrive/ucf_experiments/ciclo_experimental_1/data/data_blur/train/Arrest026_x264-fc9eb19e16_1_flip_lr_blur.mp4,/content/drive/MyDrive/ucf_experiments/ciclo_experimental_1/data/data_crop/train/Arrest026_x264-fc9eb19e16_1_flip_lr_crop.mp4,1
1198,/content/drive/MyDrive/ucf_experiments/ciclo_experimental_1/data/data_blur/train/Robbery070_x264-a21a97ce0b_0_flip_lr_blur.mp4,/content/drive/MyDrive/ucf_experiments/ciclo_experimental_1/data/data_crop/train/Robbery070_x264-a21a97ce0b_0_flip_lr_crop.mp4,0
1199,/content/drive/MyDrive/ucf_experiments/ciclo_experimental_1/data/data_blur/train/Arrest026_x264-0019086adc_1_flip_lr_blur.mp4,/content/drive/MyDrive/ucf_experiments/ciclo_experimental_1/data/data_crop/train/Arrest026_x264-0019086adc_1_flip_lr_crop.mp4,1
1200,/content/drive/MyDrive/ucf_experiments/ciclo_experimental_1/data/data_blur/train/Fighting043_x264-0b6a9199ab_0_flip_lr_blur.mp4,/content/drive/MyDrive/ucf_experiments/ciclo_experimental_1/data/data_crop/train/Fighting043_x264-0b6a9199ab_0_flip_lr_crop.mp4,0
1201,/content/drive/MyDrive/ucf_experiments/ciclo_experimental_1/data/data_blur/train/Abuse006_x264-47d1e010e7_0_flip_lr_blur.mp4,/content/drive/MyDrive/ucf_experiments/ciclo_experimental_1/data/data_crop/train/Abuse006_x264-47d1e010e7_0_flip_lr_crop.mp4,0
1202,/content/drive/MyDrive/ucf_experiments/ciclo_experimental_1/data/data_blur/train/Abuse043_x264-e513eec127_1_flip_lr_blur.mp4,/content/drive/MyDrive/ucf_experiments/ciclo_experimental_1/data/data_crop/train/Abuse043_x264-e513eec127_1_flip_lr_crop.mp4,1
1203,/content/drive/MyDrive/ucf_experiments/ciclo_experimental_1/data/data_blur/train/Assault005_x264-deb14506f8_0_flip_lr_blur.mp4,/content/drive/MyDrive/ucf_experiments/ciclo_experimental_1/data/data_crop/train/Assault005_x264-deb14506f8_0_flip_lr_crop.mp4,0
1204,/content/drive/MyDrive/ucf_experiments/ciclo_experimental_1/data/data_blur/train/Robbery071_x264-36193c8a7b_0_flip_lr_blur.mp4,/content/drive/MyDrive/ucf_experiments/ciclo_experimental_1/data/data_crop/train/Robbery071_x264-36193c8a7b_0_flip_lr_crop.mp4,0
1205,/content/drive/MyDrive/ucf_experiments/ciclo_experimental_1/data/data_blur/train/Robbery025_x264-109f7ab7dc_1_flip_lr_blur.mp4,/content/drive/MyDrive/ucf_experiments/ciclo_experimental_1/data/data_crop/train/Robbery025_x264-109f7ab7dc_1_flip_lr_crop.mp4,1
1206,/content/drive/MyDrive/ucf_experiments/ciclo_experimental_1/data/data_blur/train/Fighting024_x264-436fae7c03_1_flip_lr_blur.mp4,/content/drive/MyDrive/ucf_experiments/ciclo_experimental_1/data/data_crop/train/Fighting024_x264-436fae7c03_1_flip_lr_crop.mp4,1
1207,/content/drive/MyDrive/ucf_experiments/ciclo_experimental_1/data/data_blur/train/Assault015_x264-3881dc4c66_1_flip_lr_blur.mp4,/content/drive/MyDrive/ucf_experiments/ciclo_experimental_1/data/data_crop/train/Assault015_x264-3881dc4c66_1_flip_lr_crop.mp4,1
1208,/content/drive/MyDrive/ucf_experiments/ciclo_experimental_1/data/data_blur/train/Fighting009_x264-16b845bbd0_0_flip_lr_blur.mp4,/content/drive/MyDrive/ucf_experiments/ciclo_experimental_1/data/data_crop/train/Fighting009_x264-16b845bbd0_0_flip_lr_crop.mp4,0
1209,/content/drive/MyDrive/ucf_experiments/ciclo_experimental_1/data/data_blur/train/Fighting026_x264-f98acdff97_0_flip_lr_blur.mp4,/content/drive/MyDrive/ucf_experiments/ciclo_experimental_1/data/data_crop/train/Fighting026_x264-f98acdff97_0_flip_lr_crop.mp4,0
1210,/content/drive/MyDrive/ucf_experiments/ciclo_experimental_1/data/data_blur/train/Fighting002_x264-5a033ecceb_1_flip_lr_blur.mp4,/content/drive/MyDrive/ucf_experiments/ciclo_experimental_1/data/data_crop/train/Fighting002_x264-5a033ecceb_1_flip_lr_crop.mp4,1
1211,/content/drive/MyDrive/ucf_experiments/ciclo_experimental_1/data/data_blur/train/Fighting024_x264-b8ec0336dc_0_flip_lr_blur.mp4,/content/drive/MyDrive/ucf_experiments/ciclo_experimental_1/data/data_crop/train/Fighting024_x264-b8ec0336dc_0_flip_lr_crop.mp4,0
1212,/content/drive/MyDrive/ucf_experiments/ciclo_experimental_1/data/data_blur/train/Robbery078_x264-626101a9eb_0_flip_lr_blur.mp4,/content/drive/MyDrive/ucf_experiments/ciclo_experimental_1/data/data_crop/train/Robbery078_x264-626101a9eb_0_flip_lr_crop.mp4,0
1213,/content/drive/MyDrive/ucf_experiments/ciclo_experimental_1/data/data_blur/train/Fighting006_x264-2336d8cbb8_1_flip_lr_blur.mp4,/content/drive/MyDrive/ucf_experiments/ciclo_experimental_1/data/data_crop/train/Fighting006_x264-2336d8cbb8_1_flip_lr_crop.mp4,1
1214,/content/drive/MyDrive/ucf_experiments/ciclo_experimental_1/data/data_blur/train/Fighting002_x264-7714b8f0d3_0_flip_lr_blur.mp4,/content/drive/MyDrive/ucf_experiments/ciclo_experimental_1/data/data_crop/train/Fighting002_x264-7714b8f0d3_0_flip_lr_crop.mp4,0
1215,/content/drive/MyDrive/ucf_experiments/ciclo_experimental_1/data/data_blur/train/Arrest025_x264-6202a1fec4_1_flip_lr_blur.mp4,/content/drive/MyDrive/ucf_experiments/ciclo_experimental_1/data/data_crop/train/Arrest025_x264-6202a1fec4_1_flip_lr_crop.mp4,1
1216,/content/drive/MyDrive/ucf_experiments/ciclo_experimental_1/data/data_blur/train/Robbery103_x264-7585786c23_0_flip_lr_blur.mp4,/content/drive/MyDrive/ucf_experiments/ciclo_experimental_1/data/data_crop/train/Robbery103_x264-7585786c23_0_flip_lr_crop.mp4,0
1217,/content/drive/MyDrive/ucf_experiments/ciclo_experimental_1/data/data_blur/train/Abuse023_x264-4951b3245c_1_flip_lr_blur.mp4,/content/drive/MyDrive/ucf_experiments/ciclo_experimental_1/data/data_crop/train/Abuse023_x264-4951b3245c_1_flip_lr_crop.mp4,1
1218,/content/drive/MyDrive/ucf_experiments/ciclo_experimental_1/data/data_blur/train/Robbery023_x264-137a8f0e0b_1_flip_lr_blur.mp4,/content/drive/MyDrive/ucf_experiments/ciclo_experimental_1/data/data_crop/train/Robbery023_x264-137a8f0e0b_1_flip_lr_crop.mp4,1
1219,/content/drive/MyDrive/ucf_experiments/ciclo_experimental_1/data/data_blur/train/Robbery020_x264-881771daa3_0_flip_lr_blur.mp4,/content/drive/MyDrive/ucf_experiments/ciclo_experimental_1/data/data_crop/train/Robbery020_x264-881771daa3_0_flip_lr_crop.mp4,0
1220,/content/drive/MyDrive/ucf_experiments/ciclo_experimental_1/data/data_blur/train/Robbery053_x264-8721d4a6ec_0_flip_lr_blur.mp4,/content/drive/MyDrive/ucf_experiments/ciclo_experimental_1/data/data_crop/train/Robbery053_x264-8721d4a6ec_0_flip_lr_crop.mp4,0
1221,/content/drive/MyDrive/ucf_experiments/ciclo_experimental_1/data/data_blur/train/Assault033_x264-8d6c375ef0_1_flip_lr_blur.mp4,/content/drive/MyDrive/ucf_experiments/ciclo_experimental_1/data/data_crop/train/Assault033_x264-8d6c375ef0_1_flip_lr_crop.mp4,1
1222,/content/drive/MyDrive/ucf_experiments/ciclo_experimental_1/data/data_blur/train/Assault015_x264-2d44c15f92_1_flip_lr_blur.mp4,/content/drive/MyDrive/ucf_experiments/ciclo_experimental_1/data/data_crop/train/Assault015_x264-2d44c15f92_1_flip_lr_crop.mp4,1
1223,/content/drive/MyDrive/ucf_experiments/ciclo_experimental_1/data/data_blur/train/Fighting036_x264-883b69ed7c_1_flip_lr_blur.mp4,/content/drive/MyDrive/ucf_experiments/ciclo_experimental_1/data/data_crop/train/Fighting036_x264-883b69ed7c_1_flip_lr_crop.mp4,1
1224,/content/drive/MyDrive/ucf_experiments/ciclo_experimental_1/data/data_blur/train/Abuse023_x264-1b78ed1e25_1_flip_lr_blur.mp4,/content/drive/MyDrive/ucf_experiments/ciclo_experimental_1/data/data_crop/train/Abuse023_x264-1b78ed1e25_1_flip_lr_crop.mp4,1
1225,/content/drive/MyDrive/ucf_experiments/ciclo_experimental_1/data/data_blur/train/Arrest032_x264-97b7f8c881_1_flip_lr_blur.mp4,/content/drive/MyDrive/ucf_experiments/ciclo_experimental_1/data/data_crop/train/Arrest032_x264-97b7f8c881_1_flip_lr_crop.mp4,1
1226,/content/drive/MyDrive/ucf_experiments/ciclo_experimental_1/data/data_blur/train/Assault036_x264-b3982cb775_1_flip_lr_blur.mp4,/content/drive/MyDrive/ucf_experiments/ciclo_experimental_1/data/data_crop/train/Assault036_x264-b3982cb775_1_flip_lr_crop.mp4,1
1227,/content/drive/MyDrive/ucf_experiments/ciclo_experimental_1/data/data_blur/train/Arrest011_x264-c9c10fea60_0_flip_lr_blur.mp4,/content/drive/MyDrive/ucf_experiments/ciclo_experimental_1/data/data_crop/train/Arrest011_x264-c9c10fea60_0_flip_lr_crop.mp4,0
1228,/content/drive/MyDrive/ucf_experiments/ciclo_experimental_1/data/data_blur/train/Robbery047_x264-fdf178c5ad_1_flip_lr_blur.mp4,/content/drive/MyDrive/ucf_experiments/ciclo_experimental_1/data/data_crop/train/Robbery047_x264-fdf178c5ad_1_flip_lr_crop.mp4,1
1229,/content/drive/MyDrive/ucf_experiments/ciclo_experimental_1/data/data_blur/train/Fighting014_x264-0640fada5b_0_flip_lr_blur.mp4,/content/drive/MyDrive/ucf_experiments/ciclo_experimental_1/data/data_crop/train/Fighting014_x264-0640fada5b_0_flip_lr_crop.mp4,0
1230,/content/drive/MyDrive/ucf_experiments/ciclo_experimental_1/data/data_blur/train/Abuse042_x264-3745bdb504_0_flip_lr_blur.mp4,/content/drive/MyDrive/ucf_experiments/ciclo_experimental_1/data/data_crop/train/Abuse042_x264-3745bdb504_0_flip_lr_crop.mp4,0
1231,/content/drive/MyDrive/ucf_experiments/ciclo_experimental_1/data/data_blur/train/Robbery043_x264-e39cfde463_1_flip_lr_blur.mp4,/content/drive/MyDrive/ucf_experiments/ciclo_experimental_1/data/data_crop/train/Robbery043_x264-e39cfde463_1_flip_lr_crop.mp4,1
1232,/content/drive/MyDrive/ucf_experiments/ciclo_experimental_1/data/data_blur/train/Assault014_x264-135a54f1a8_0_flip_lr_blur.mp4,/content/drive/MyDrive/ucf_experiments/ciclo_experimental_1/data/data_crop/train/Assault014_x264-135a54f1a8_0_flip_lr_crop.mp4,0
1233,/content/drive/MyDrive/ucf_experiments/ciclo_experimental_1/data/data_blur/train/Assault014_x264-c3d9d1254b_0_flip_lr_blur.mp4,/content/drive/MyDrive/ucf_experiments/ciclo_experimental_1/data/data_crop/train/Assault014_x264-c3d9d1254b_0_flip_lr_crop.mp4,0
1234,/content/drive/MyDrive/ucf_experiments/ciclo_experimental_1/data/data_blur/train/Fighting040_x264-0dadc159b6_0_flip_lr_blur.mp4,/content/drive/MyDrive/ucf_experiments/ciclo_experimental_1/data/data_crop/train/Fighting040_x264-0dadc159b6_0_flip_lr_crop.mp4,0
1235,/content/drive/MyDrive/ucf_experiments/ciclo_experimental_1/data/data_blur/train/Assault047_x264-802c21a2ae_0_flip_lr_blur.mp4,/content/drive/MyDrive/ucf_experiments/ciclo_experimental_1/data/data_crop/train/Assault047_x264-802c21a2ae_0_flip_lr_crop.mp4,0
1236,/content/drive/MyDrive/ucf_experiments/ciclo_experimental_1/data/data_blur/train/Assault025_x264-66f3366b2a_0_flip_lr_blur.mp4,/content/drive/MyDrive/ucf_experiments/ciclo_experimental_1/data/data_crop/train/Assault025_x264-66f3366b2a_0_flip_lr_crop.mp4,0
1237,/content/drive/MyDrive/ucf_experiments/ciclo_experimental_1/data/data_blur/train/Abuse027_x264-01772f4938_0_flip_lr_blur.mp4,/content/drive/MyDrive/ucf_experiments/ciclo_experimental_1/data/data_crop/train/Abuse027_x264-01772f4938_0_flip_lr_crop.mp4,0
1238,/content/drive/MyDrive/ucf_experiments/ciclo_experimental_1/data/data_blur/train/Robbery022_x264-6cf9176d9d_0_flip_lr_blur.mp4,/content/drive/MyDrive/ucf_experiments/ciclo_experimental_1/data/data_crop/train/Robbery022_x264-6cf9176d9d_0_flip_lr_crop.mp4,0
1239,/content/drive/MyDrive/ucf_experiments/ciclo_experimental_1/data/data_blur/train/Arrest022_x264-9269bf3432_0_flip_lr_blur.mp4,/content/drive/MyDrive/ucf_experiments/ciclo_experimental_1/data/data_crop/train/Arrest022_x264-9269bf3432_0_flip_lr_crop.mp4,0
1240,/content/drive/MyDrive/ucf_experiments/ciclo_experimental_1/data/data_blur/train/Assault016_x264-b54595f0cb_0_flip_lr_blur.mp4,/content/drive/MyDrive/ucf_experiments/ciclo_experimental_1/data/data_crop/train/Assault016_x264-b54595f0cb_0_flip_lr_crop.mp4,0
1241,/content/drive/MyDrive/ucf_experiments/ciclo_experimental_1/data/data_blur/train/Abuse019_x264-aa14ac5a07_0_flip_lr_blur.mp4,/content/drive/MyDrive/ucf_experiments/ciclo_experimental_1/data/data_crop/train/Abuse019_x264-aa14ac5a07_0_flip_lr_crop.mp4,0
1242,/content/drive/MyDrive/ucf_experiments/ciclo_experimental_1/data/data_blur/train/Robbery062_x264-ae8d4df074_1_flip_lr_blur.mp4,/content/drive/MyDrive/ucf_experiments/ciclo_experimental_1/data/data_crop/train/Robbery062_x264-ae8d4df074_1_flip_lr_crop.mp4,1
1243,/content/drive/MyDrive/ucf_experiments/ciclo_experimental_1/data/data_blur/train/Robbery072_x264-834c782579_0_flip_lr_blur.mp4,/content/drive/MyDrive/ucf_experiments/ciclo_experimental_1/data/data_crop/train/Robbery072_x264-834c782579_0_flip_lr_crop.mp4,0
1244,/content/drive/MyDrive/ucf_experiments/ciclo_experimental_1/data/data_blur/train/Arrest026_x264-2fadbce1f6_1_flip_lr_blur.mp4,/content/drive/MyDrive/ucf_experiments/ciclo_experimental_1/data/data_crop/train/Arrest026_x264-2fadbce1f6_1_flip_lr_crop.mp4,1
1245,/content/drive/MyDrive/ucf_experiments/ciclo_experimental_1/data/data_blur/train/Fighting028_x264-56ceace745_1_flip_lr_blur.mp4,/content/drive/MyDrive/ucf_experiments/ciclo_experimental_1/data/data_crop/train/Fighting028_x264-56ceace745_1_flip_lr_crop.mp4,1
1246,/content/drive/MyDrive/ucf_experiments/ciclo_experimental_1/data/data_blur/train/Abuse035_x264-44e6d2efc5_1_flip_lr_blur.mp4,/content/drive/MyDrive/ucf_experiments/ciclo_experimental_1/data/data_crop/train/Abuse035_x264-44e6d2efc5_1_flip_lr_crop.mp4,1
1247,/content/drive/MyDrive/ucf_experiments/ciclo_experimental_1/data/data_blur/train/Abuse048_x264-0f706364c5_1_flip_lr_blur.mp4,/content/drive/MyDrive/ucf_experiments/ciclo_experimental_1/data/data_crop/train/Abuse048_x264-0f706364c5_1_flip_lr_crop.mp4,1
1248,/content/drive/MyDrive/ucf_experiments/ciclo_experimental_1/data/data_blur/train/Abuse008_x264-02791a8679_0_flip_lr_blur.mp4,/content/drive/MyDrive/ucf_experiments/ciclo_experimental_1/data/data_crop/train/Abuse008_x264-02791a8679_0_flip_lr_crop.mp4,0
1249,/content/drive/MyDrive/ucf_experiments/ciclo_experimental_1/data/data_blur/train/Robbery042_x264-9bd889553e_0_flip_lr_blur.mp4,/content/drive/MyDrive/ucf_experiments/ciclo_experimental_1/data/data_crop/train/Robbery042_x264-9bd889553e_0_flip_lr_crop.mp4,0
1250,/content/drive/MyDrive/ucf_experiments/ciclo_experimental_1/data/data_blur/train/Robbery070_x264-0dea5afea9_1_flip_lr_blur.mp4,/content/drive/MyDrive/ucf_experiments/ciclo_experimental_1/data/data_crop/train/Robbery070_x264-0dea5afea9_1_flip_lr_crop.mp4,1
1251,/content/drive/MyDrive/ucf_experiments/ciclo_experimental_1/data/data_blur/train/Abuse006_x264-f8495d1c24_1_flip_lr_blur.mp4,/content/drive/MyDrive/ucf_experiments/ciclo_experimental_1/data/data_crop/train/Abuse006_x264-f8495d1c24_1_flip_lr_crop.mp4,1
1252,/content/drive/MyDrive/ucf_experiments/ciclo_experimental_1/data/data_blur/train/Abuse046_x264-96b37008e7_1_flip_lr_blur.mp4,/content/drive/MyDrive/ucf_experiments/ciclo_experimental_1/data/data_crop/train/Abuse046_x264-96b37008e7_1_flip_lr_crop.mp4,1
1253,/content/drive/MyDrive/ucf_experiments/ciclo_experimental_1/data/data_blur/train/Assault018_x264-716d735610_0_flip_lr_blur.mp4,/content/drive/MyDrive/ucf_experiments/ciclo_experimental_1/data/data_crop/train/Assault018_x264-716d735610_0_flip_lr_crop.mp4,0
1254,/content/drive/MyDrive/ucf_experiments/ciclo_experimental_1/data/data_blur/train/Robbery028_x264-147743684d_1_flip_lr_blur.mp4,/content/drive/MyDrive/ucf_experiments/ciclo_experimental_1/data/data_crop/train/Robbery028_x264-147743684d_1_flip_lr_crop.mp4,1
1255,/content/drive/MyDrive/ucf_experiments/ciclo_experimental_1/data/data_blur/train/Fighting027_x264-1399f8dc4f_0_flip_lr_blur.mp4,/content/drive/MyDrive/ucf_experiments/ciclo_experimental_1/data/data_crop/train/Fighting027_x264-1399f8dc4f_0_flip_lr_crop.mp4,0
1256,/content/drive/MyDrive/ucf_experiments/ciclo_experimental_1/data/data_blur/train/Assault045_x264-739777ec74_0_flip_lr_blur.mp4,/content/drive/MyDrive/ucf_experiments/ciclo_experimental_1/data/data_crop/train/Assault045_x264-739777ec74_0_flip_lr_crop.mp4,0
1257,/content/drive/MyDrive/ucf_experiments/ciclo_experimental_1/data/data_blur/train/Robbery015_x264-a454ff5eb3_0_flip_lr_blur.mp4,/content/drive/MyDrive/ucf_experiments/ciclo_experimental_1/data/data_crop/train/Robbery015_x264-a454ff5eb3_0_flip_lr_crop.mp4,0
1258,/content/drive/MyDrive/ucf_experiments/ciclo_experimental_1/data/data_blur/train/Robbery026_x264-718c4532e7_0_flip_lr_blur.mp4,/content/drive/MyDrive/ucf_experiments/ciclo_experimental_1/data/data_crop/train/Robbery026_x264-718c4532e7_0_flip_lr_crop.mp4,0
1259,/content/drive/MyDrive/ucf_experiments/ciclo_experimental_1/data/data_blur/train/Assault007_x264-bc42502b0a_1_flip_lr_blur.mp4,/content/drive/MyDrive/ucf_experiments/ciclo_experimental_1/data/data_crop/train/Assault007_x264-bc42502b0a_1_flip_lr_crop.mp4,1
1260,/content/drive/MyDrive/ucf_experiments/ciclo_experimental_1/data/data_blur/train/Assault017_x264-70371528ad_0_flip_lr_blur.mp4,/content/drive/MyDrive/ucf_experiments/ciclo_experimental_1/data/data_crop/train/Assault017_x264-70371528ad_0_flip_lr_crop.mp4,0
1261,/content/drive/MyDrive/ucf_experiments/ciclo_experimental_1/data/data_blur/train/Fighting010_x264-535ebe5e11_1_flip_lr_blur.mp4,/content/drive/MyDrive/ucf_experiments/ciclo_experimental_1/data/data_crop/train/Fighting010_x264-535ebe5e11_1_flip_lr_crop.mp4,1
1262,/content/drive/MyDrive/ucf_experiments/ciclo_experimental_1/data/data_blur/train/Assault027_x264-048a8af8c5_1_flip_lr_blur.mp4,/content/drive/MyDrive/ucf_experiments/ciclo_experimental_1/data/data_crop/train/Assault027_x264-048a8af8c5_1_flip_lr_crop.mp4,1
1263,/content/drive/MyDrive/ucf_experiments/ciclo_experimental_1/data/data_blur/train/Abuse034_x264-95a14c7199_0_flip_lr_blur.mp4,/content/drive/MyDrive/ucf_experiments/ciclo_experimental_1/data/data_crop/train/Abuse034_x264-95a14c7199_0_flip_lr_crop.mp4,0
1264,/content/drive/MyDrive/ucf_experiments/ciclo_experimental_1/data/data_blur/train/Abuse031_x264-bacf18ec7c_1_flip_lr_blur.mp4,/content/drive/MyDrive/ucf_experiments/ciclo_experimental_1/data/data_crop/train/Abuse031_x264-bacf18ec7c_1_flip_lr_crop.mp4,1
1265,/content/drive/MyDrive/ucf_experiments/ciclo_experimental_1/data/data_blur/train/Fighting044_x264-8da0c7fa40_1_flip_lr_blur.mp4,/content/drive/MyDrive/ucf_experiments/ciclo_experimental_1/data/data_crop/train/Fighting044_x264-8da0c7fa40_1_flip_lr_crop.mp4,1
1266,/content/drive/MyDrive/ucf_experiments/ciclo_experimental_1/data/data_blur/train/Assault040_x264-5910c8894d_0_flip_lr_blur.mp4,/content/drive/MyDrive/ucf_experiments/ciclo_experimental_1/data/data_crop/train/Assault040_x264-5910c8894d_0_flip_lr_crop.mp4,0
1267,/content/drive/MyDrive/ucf_experiments/ciclo_experimental_1/data/data_blur/train/Arrest027_x264-fcc7b46812_0_flip_lr_blur.mp4,/content/drive/MyDrive/ucf_experiments/ciclo_experimental_1/data/data_crop/train/Arrest027_x264-fcc7b46812_0_flip_lr_crop.mp4,0
1268,/content/drive/MyDrive/ucf_experiments/ciclo_experimental_1/data/data_blur/train/Robbery019_x264-024e85a954_1_flip_lr_blur.mp4,/content/drive/MyDrive/ucf_experiments/ciclo_experimental_1/data/data_crop/train/Robbery019_x264-024e85a954_1_flip_lr_crop.mp4,1
1269,/content/drive/MyDrive/ucf_experiments/ciclo_experimental_1/data/data_blur/train/Fighting010_x264-f2d072ae16_0_flip_lr_blur.mp4,/content/drive/MyDrive/ucf_experiments/ciclo_experimental_1/data/data_crop/train/Fighting010_x264-f2d072ae16_0_flip_lr_crop.mp4,0
1270,/content/drive/MyDrive/ucf_experiments/ciclo_experimental_1/data/data_blur/train/Assault028_x264-f5e3780f46_1_flip_lr_blur.mp4,/content/drive/MyDrive/ucf_experiments/ciclo_experimental_1/data/data_crop/train/Assault028_x264-f5e3780f46_1_flip_lr_crop.mp4,1
1271,/content/drive/MyDrive/ucf_experiments/ciclo_experimental_1/data/data_blur/train/Assault033_x264-b31161edde_1_flip_lr_blur.mp4,/content/drive/MyDrive/ucf_experiments/ciclo_experimental_1/data/data_crop/train/Assault033_x264-b31161edde_1_flip_lr_crop.mp4,1
1272,/content/drive/MyDrive/ucf_experiments/ciclo_experimental_1/data/data_blur/train/Robbery097_x264-e9cbdd78f5_0_flip_lr_blur.mp4,/content/drive/MyDrive/ucf_experiments/ciclo_experimental_1/data/data_crop/train/Robbery097_x264-e9cbdd78f5_0_flip_lr_crop.mp4,0
1273,/content/drive/MyDrive/ucf_experiments/ciclo_experimental_1/data/data_blur/train/Robbery031_x264-819824d62b_0_flip_lr_blur.mp4,/content/drive/MyDrive/ucf_experiments/ciclo_experimental_1/data/data_crop/train/Robbery031_x264-819824d62b_0_flip_lr_crop.mp4,0
1274,/content/drive/MyDrive/ucf_experiments/ciclo_experimental_1/data/data_blur/train/Assault039_x264-09464cd3cc_0_flip_lr_blur.mp4,/content/drive/MyDrive/ucf_experiments/ciclo_experimental_1/data/data_crop/train/Assault039_x264-09464cd3cc_0_flip_lr_crop.mp4,0
1275,/content/drive/MyDrive/ucf_experiments/ciclo_experimental_1/data/data_blur/train/Abuse018_x264-90b7c0e268_0_flip_lr_blur.mp4,/content/drive/MyDrive/ucf_experiments/ciclo_experimental_1/data/data_crop/train/Abuse018_x264-90b7c0e268_0_flip_lr_crop.mp4,0
1276,/content/drive/MyDrive/ucf_experiments/ciclo_experimental_1/data/data_blur/train/Assault019_x264-7241bcab89_0_flip_lr_blur.mp4,/content/drive/MyDrive/ucf_experiments/ciclo_experimental_1/data/data_crop/train/Assault019_x264-7241bcab89_0_flip_lr_crop.mp4,0
1277,/content/drive/MyDrive/ucf_experiments/ciclo_experimental_1/data/data_blur/train/Assault004_x264-db22e0599f_1_flip_lr_blur.mp4,/content/drive/MyDrive/ucf_experiments/ciclo_experimental_1/data/data_crop/train/Assault004_x264-db22e0599f_1_flip_lr_crop.mp4,1
1278,/content/drive/MyDrive/ucf_experiments/ciclo_experimental_1/data/data_blur/train/Abuse049_x264-8d33183f71_0_flip_lr_blur.mp4,/content/drive/MyDrive/ucf_experiments/ciclo_experimental_1/data/data_crop/train/Abuse049_x264-8d33183f71_0_flip_lr_crop.mp4,0
1279,/content/drive/MyDrive/ucf_experiments/ciclo_experimental_1/data/data_blur/train/Robbery072_x264-1140937ed9_0_flip_lr_blur.mp4,/content/drive/MyDrive/ucf_experiments/ciclo_experimental_1/data/data_crop/train/Robbery072_x264-1140937ed9_0_flip_lr_crop.mp4,0
1280,/content/drive/MyDrive/ucf_experiments/ciclo_experimental_1/data/data_blur/train/Assault022_x264-a7df48d3e0_0_flip_lr_blur.mp4,/content/drive/MyDrive/ucf_experiments/ciclo_experimental_1/data/data_crop/train/Assault022_x264-a7df48d3e0_0_flip_lr_crop.mp4,0
1281,/content/drive/MyDrive/ucf_experiments/ciclo_experimental_1/data/data_blur/train/Robbery100_x264-3ba2633a40_1_flip_lr_blur.mp4,/content/drive/MyDrive/ucf_experiments/ciclo_experimental_1/data/data_crop/train/Robbery100_x264-3ba2633a40_1_flip_lr_crop.mp4,1
1282,/content/drive/MyDrive/ucf_experiments/ciclo_experimental_1/data/data_blur/train/Arrest011_x264-592f09b26e_1_flip_lr_blur.mp4,/content/drive/MyDrive/ucf_experiments/ciclo_experimental_1/data/data_crop/train/Arrest011_x264-592f09b26e_1_flip_lr_crop.mp4,1
1283,/content/drive/MyDrive/ucf_experiments/ciclo_experimental_1/data/data_blur/train/Assault042_x264-7c2c97100d_1_flip_lr_blur.mp4,/content/drive/MyDrive/ucf_experiments/ciclo_experimental_1/data/data_crop/train/Assault042_x264-7c2c97100d_1_flip_lr_crop.mp4,1
1284,/content/drive/MyDrive/ucf_experiments/ciclo_experimental_1/data/data_blur/train/Robbery060_x264-fe5813f652_1_flip_lr_blur.mp4,/content/drive/MyDrive/ucf_experiments/ciclo_experimental_1/data/data_crop/train/Robbery060_x264-fe5813f652_1_flip_lr_crop.mp4,1
1285,/content/drive/MyDrive/ucf_experiments/ciclo_experimental_1/data/data_blur/train/Fighting009_x264-d6269ada2b_0_flip_lr_blur.mp4,/content/drive/MyDrive/ucf_experiments/ciclo_experimental_1/data/data_crop/train/Fighting009_x264-d6269ada2b_0_flip_lr_crop.mp4,0
1286,/content/drive/MyDrive/ucf_experiments/ciclo_experimental_1/data/data_blur/train/Robbery099_x264-db5a7314fa_0_flip_lr_blur.mp4,/content/drive/MyDrive/ucf_experiments/ciclo_experimental_1/data/data_crop/train/Robbery099_x264-db5a7314fa_0_flip_lr_crop.mp4,0
1287,/content/drive/MyDrive/ucf_experiments/ciclo_experimental_1/data/data_blur/train/Abuse019_x264-0bbe2830d2_0_flip_lr_blur.mp4,/content/drive/MyDrive/ucf_experiments/ciclo_experimental_1/data/data_crop/train/Abuse019_x264-0bbe2830d2_0_flip_lr_crop.mp4,0
1288,/content/drive/MyDrive/ucf_experiments/ciclo_experimental_1/data/data_blur/train/Abuse017_x264-083994c7f7_1_flip_lr_blur.mp4,/content/drive/MyDrive/ucf_experiments/ciclo_experimental_1/data/data_crop/train/Abuse017_x264-083994c7f7_1_flip_lr_crop.mp4,1
1289,/content/drive/MyDrive/ucf_experiments/ciclo_experimental_1/data/data_blur/train/Robbery104_x264-d1ec658871_0_flip_lr_blur.mp4,/content/drive/MyDrive/ucf_experiments/ciclo_experimental_1/data/data_crop/train/Robbery104_x264-d1ec658871_0_flip_lr_crop.mp4,0
1290,/content/drive/MyDrive/ucf_experiments/ciclo_experimental_1/data/data_blur/train/Robbery064_x264-4fd6a643f1_1_flip_lr_blur.mp4,/content/drive/MyDrive/ucf_experiments/ciclo_experimental_1/data/data_crop/train/Robbery064_x264-4fd6a643f1_1_flip_lr_crop.mp4,1
1291,/content/drive/MyDrive/ucf_experiments/ciclo_experimental_1/data/data_blur/train/Fighting034_x264-50a91cf4d2_0_flip_lr_blur.mp4,/content/drive/MyDrive/ucf_experiments/ciclo_experimental_1/data/data_crop/train/Fighting034_x264-50a91cf4d2_0_flip_lr_crop.mp4,0
1292,/content/drive/MyDrive/ucf_experiments/ciclo_experimental_1/data/data_blur/train/Fighting004_x264-9f730a0164_1_flip_lr_blur.mp4,/content/drive/MyDrive/ucf_experiments/ciclo_experimental_1/data/data_crop/train/Fighting004_x264-9f730a0164_1_flip_lr_crop.mp4,1
1293,/content/drive/MyDrive/ucf_experiments/ciclo_experimental_1/data/data_blur/train/Robbery054_x264-7c432805e2_0_flip_lr_blur.mp4,/content/drive/MyDrive/ucf_experiments/ciclo_experimental_1/data/data_crop/train/Robbery054_x264-7c432805e2_0_flip_lr_crop.mp4,0
1294,/content/drive/MyDrive/ucf_experiments/ciclo_experimental_1/data/data_blur/train/Assault037_x264-178b6bee03_0_flip_lr_blur.mp4,/content/drive/MyDrive/ucf_experiments/ciclo_experimental_1/data/data_crop/train/Assault037_x264-178b6bee03_0_flip_lr_crop.mp4,0
1295,/content/drive/MyDrive/ucf_experiments/ciclo_experimental_1/data/data_blur/train/Robbery058_x264-378984a6c1_1_flip_lr_blur.mp4,/content/drive/MyDrive/ucf_experiments/ciclo_experimental_1/data/data_crop/train/Robbery058_x264-378984a6c1_1_flip_lr_crop.mp4,1
1296,/content/drive/MyDrive/ucf_experiments/ciclo_experimental_1/data/data_blur/train/Arrest002_x264-6961a4de64_0_flip_lr_blur.mp4,/content/drive/MyDrive/ucf_experiments/ciclo_experimental_1/data/data_crop/train/Arrest002_x264-6961a4de64_0_flip_lr_crop.mp4,0
1297,/content/drive/MyDrive/ucf_experiments/ciclo_experimental_1/data/data_blur/train/Fighting004_x264-6b4b5120f5_1_flip_lr_blur.mp4,/content/drive/MyDrive/ucf_experiments/ciclo_experimental_1/data/data_crop/train/Fighting004_x264-6b4b5120f5_1_flip_lr_crop.mp4,1
1298,/content/drive/MyDrive/ucf_experiments/ciclo_experimental_1/data/data_blur/train/Robbery053_x264-9145c63fa0_1_flip_lr_blur.mp4,/content/drive/MyDrive/ucf_experiments/ciclo_experimental_1/data/data_crop/train/Robbery053_x264-9145c63fa0_1_flip_lr_crop.mp4,1
1299,/content/drive/MyDrive/ucf_experiments/ciclo_experimental_1/data/data_blur/train/Robbery070_x264-1fb6d63173_1_flip_lr_blur.mp4,/content/drive/MyDrive/ucf_experiments/ciclo_experimental_1/data/data_crop/train/Robbery070_x264-1fb6d63173_1_flip_lr_crop.mp4,1
1300,/content/drive/MyDrive/ucf_experiments/ciclo_experimental_1/data/data_blur/train/Assault009_x264-d6dc1a5a84_0_flip_lr_blur.mp4,/content/drive/MyDrive/ucf_experiments/ciclo_experimental_1/data/data_crop/train/Assault009_x264-d6dc1a5a84_0_flip_lr_crop.mp4,0
1301,/content/drive/MyDrive/ucf_experiments/ciclo_experimental_1/data/data_blur/train/Robbery075_x264-d7d658a721_1_flip_lr_blur.mp4,/content/drive/MyDrive/ucf_experiments/ciclo_experimental_1/data/data_crop/train/Robbery075_x264-d7d658a721_1_flip_lr_crop.mp4,1
1302,/content/drive/MyDrive/ucf_experiments/ciclo_experimental_1/data/data_blur/train/Assault028_x264-74e0d1e3bb_1_flip_lr_blur.mp4,/content/drive/MyDrive/ucf_experiments/ciclo_experimental_1/data/data_crop/train/Assault028_x264-74e0d1e3bb_1_flip_lr_crop.mp4,1
1303,/content/drive/MyDrive/ucf_experiments/ciclo_experimental_1/data/data_blur/train/Assault031_x264-76e064f4e1_1_flip_lr_blur.mp4,/content/drive/MyDrive/ucf_experiments/ciclo_experimental_1/data/data_crop/train/Assault031_x264-76e064f4e1_1_flip_lr_crop.mp4,1
1304,/content/drive/MyDrive/ucf_experiments/ciclo_experimental_1/data/data_blur/train/Arrest029_x264-9f943db28d_1_flip_lr_blur.mp4,/content/drive/MyDrive/ucf_experiments/ciclo_experimental_1/data/data_crop/train/Arrest029_x264-9f943db28d_1_flip_lr_crop.mp4,1
1305,/content/drive/MyDrive/ucf_experiments/ciclo_experimental_1/data/data_blur/train/Robbery100_x264-7f85681fba_1_flip_lr_blur.mp4,/content/drive/MyDrive/ucf_experiments/ciclo_experimental_1/data/data_crop/train/Robbery100_x264-7f85681fba_1_flip_lr_crop.mp4,1
1306,/content/drive/MyDrive/ucf_experiments/ciclo_experimental_1/data/data_blur/train/Abuse026_x264-9f653d8911_0_flip_lr_blur.mp4,/content/drive/MyDrive/ucf_experiments/ciclo_experimental_1/data/data_crop/train/Abuse026_x264-9f653d8911_0_flip_lr_crop.mp4,0
1307,/content/drive/MyDrive/ucf_experiments/ciclo_experimental_1/data/data_blur/train/Arrest003_x264-0a1bf90ed6_0_flip_lr_blur.mp4,/content/drive/MyDrive/ucf_experiments/ciclo_experimental_1/data/data_crop/train/Arrest003_x264-0a1bf90ed6_0_flip_lr_crop.mp4,0
1308,/content/drive/MyDrive/ucf_experiments/ciclo_experimental_1/data/data_blur/train/Assault019_x264-67486ee081_0_flip_lr_blur.mp4,/content/drive/MyDrive/ucf_experiments/ciclo_experimental_1/data/data_crop/train/Assault019_x264-67486ee081_0_flip_lr_crop.mp4,0
1309,/content/drive/MyDrive/ucf_experiments/ciclo_experimental_1/data/data_blur/train/Abuse023_x264-9ab55df073_1_flip_lr_blur.mp4,/content/drive/MyDrive/ucf_experiments/ciclo_experimental_1/data/data_crop/train/Abuse023_x264-9ab55df073_1_flip_lr_crop.mp4,1
1310,/content/drive/MyDrive/ucf_experiments/ciclo_experimental_1/data/data_blur/train/Assault026_x264-e763675dba_1_flip_lr_blur.mp4,/content/drive/MyDrive/ucf_experiments/ciclo_experimental_1/data/data_crop/train/Assault026_x264-e763675dba_1_flip_lr_crop.mp4,1
1311,/content/drive/MyDrive/ucf_experiments/ciclo_experimental_1/data/data_blur/train/Robbery034_x264-4bfe778119_0_flip_lr_blur.mp4,/content/drive/MyDrive/ucf_experiments/ciclo_experimental_1/data/data_crop/train/Robbery034_x264-4bfe778119_0_flip_lr_crop.mp4,0
1312,/content/drive/MyDrive/ucf_experiments/ciclo_experimental_1/data/data_blur/train/Abuse043_x264-e39d37f02d_1_flip_lr_blur.mp4,/content/drive/MyDrive/ucf_experiments/ciclo_experimental_1/data/data_crop/train/Abuse043_x264-e39d37f02d_1_flip_lr_crop.mp4,1
1313,/content/drive/MyDrive/ucf_experiments/ciclo_experimental_1/data/data_blur/train/Fighting004_x264-c785dbb63a_1_flip_lr_blur.mp4,/content/drive/MyDrive/ucf_experiments/ciclo_experimental_1/data/data_crop/train/Fighting004_x264-c785dbb63a_1_flip_lr_crop.mp4,1
1314,/content/drive/MyDrive/ucf_experiments/ciclo_experimental_1/data/data_blur/train/Robbery003_x264-fa97d7605e_1_flip_lr_blur.mp4,/content/drive/MyDrive/ucf_experiments/ciclo_experimental_1/data/data_crop/train/Robbery003_x264-fa97d7605e_1_flip_lr_crop.mp4,1
1315,/content/drive/MyDrive/ucf_experiments/ciclo_experimental_1/data/data_blur/train/Robbery091_x264-7db20d1827_1_flip_lr_blur.mp4,/content/drive/MyDrive/ucf_experiments/ciclo_experimental_1/data/data_crop/train/Robbery091_x264-7db20d1827_1_flip_lr_crop.mp4,1
1316,/content/drive/MyDrive/ucf_experiments/ciclo_experimental_1/data/data_blur/train/Fighting030_x264-420a49fc62_0_flip_lr_blur.mp4,/content/drive/MyDrive/ucf_experiments/ciclo_experimental_1/data/data_crop/train/Fighting030_x264-420a49fc62_0_flip_lr_crop.mp4,0
1317,/content/drive/MyDrive/ucf_experiments/ciclo_experimental_1/data/data_blur/train/Abuse024_x264-d8dd79c969_0_flip_lr_blur.mp4,/content/drive/MyDrive/ucf_experiments/ciclo_experimental_1/data/data_crop/train/Abuse024_x264-d8dd79c969_0_flip_lr_crop.mp4,0
1318,/content/drive/MyDrive/ucf_experiments/ciclo_experimental_1/data/data_blur/train/Robbery051_x264-2da7067aac_1_flip_lr_blur.mp4,/content/drive/MyDrive/ucf_experiments/ciclo_experimental_1/data/data_crop/train/Robbery051_x264-2da7067aac_1_flip_lr_crop.mp4,1
1319,/content/drive/MyDrive/ucf_experiments/ciclo_experimental_1/data/data_blur/train/Arrest005_x264-e6be6e5ea0_1_flip_lr_blur.mp4,/content/drive/MyDrive/ucf_experiments/ciclo_experimental_1/data/data_crop/train/Arrest005_x264-e6be6e5ea0_1_flip_lr_crop.mp4,1
1320,/content/drive/MyDrive/ucf_experiments/ciclo_experimental_1/data/data_blur/train/Fighting009_x264-45e5efeec7_0_flip_lr_blur.mp4,/content/drive/MyDrive/ucf_experiments/ciclo_experimental_1/data/data_crop/train/Fighting009_x264-45e5efeec7_0_flip_lr_crop.mp4,0
1321,/content/drive/MyDrive/ucf_experiments/ciclo_experimental_1/data/data_blur/train/Robbery026_x264-1f9f85c197_1_flip_lr_blur.mp4,/content/drive/MyDrive/ucf_experiments/ciclo_experimental_1/data/data_crop/train/Robbery026_x264-1f9f85c197_1_flip_lr_crop.mp4,1
1322,/content/drive/MyDrive/ucf_experiments/ciclo_experimental_1/data/data_blur/train/Fighting013_x264-6d067ac7f5_1_flip_lr_blur.mp4,/content/drive/MyDrive/ucf_experiments/ciclo_experimental_1/data/data_crop/train/Fighting013_x264-6d067ac7f5_1_flip_lr_crop.mp4,1
1323,/content/drive/MyDrive/ucf_experiments/ciclo_experimental_1/data/data_blur/train/Fighting016_x264-84185cfaf1_1_flip_lr_blur.mp4,/content/drive/MyDrive/ucf_experiments/ciclo_experimental_1/data/data_crop/train/Fighting016_x264-84185cfaf1_1_flip_lr_crop.mp4,1
1324,/content/drive/MyDrive/ucf_experiments/ciclo_experimental_1/data/data_blur/train/Abuse008_x264-778657e7e6_0_flip_lr_blur.mp4,/content/drive/MyDrive/ucf_experiments/ciclo_experimental_1/data/data_crop/train/Abuse008_x264-778657e7e6_0_flip_lr_crop.mp4,0
1325,/content/drive/MyDrive/ucf_experiments/ciclo_experimental_1/data/data_blur/train/Abuse009_x264-34fb5390df_1_flip_lr_blur.mp4,/content/drive/MyDrive/ucf_experiments/ciclo_experimental_1/data/data_crop/train/Abuse009_x264-34fb5390df_1_flip_lr_crop.mp4,1
1326,/content/drive/MyDrive/ucf_experiments/ciclo_experimental_1/data/data_blur/train/Robbery023_x264-8a788f2fcd_1_flip_lr_blur.mp4,/content/drive/MyDrive/ucf_experiments/ciclo_experimental_1/data/data_crop/train/Robbery023_x264-8a788f2fcd_1_flip_lr_crop.mp4,1
1327,/content/drive/MyDrive/ucf_experiments/ciclo_experimental_1/data/data_blur/train/Robbery057_x264-0c1341f87b_0_flip_lr_blur.mp4,/content/drive/MyDrive/ucf_experiments/ciclo_experimental_1/data/data_crop/train/Robbery057_x264-0c1341f87b_0_flip_lr_crop.mp4,0
1328,/content/drive/MyDrive/ucf_experiments/ciclo_experimental_1/data/data_blur/train/Fighting009_x264-c2a137c793_0_flip_lr_blur.mp4,/content/drive/MyDrive/ucf_experiments/ciclo_experimental_1/data/data_crop/train/Fighting009_x264-c2a137c793_0_flip_lr_crop.mp4,0
1329,/content/drive/MyDrive/ucf_experiments/ciclo_experimental_1/data/data_blur/train/Assault003_x264-614ce061f2_1_flip_lr_blur.mp4,/content/drive/MyDrive/ucf_experiments/ciclo_experimental_1/data/data_crop/train/Assault003_x264-614ce061f2_1_flip_lr_crop.mp4,1
1330,/content/drive/MyDrive/ucf_experiments/ciclo_experimental_1/data/data_blur/train/Arrest021_x264-4246665e2f_1_flip_lr_blur.mp4,/content/drive/MyDrive/ucf_experiments/ciclo_experimental_1/data/data_crop/train/Arrest021_x264-4246665e2f_1_flip_lr_crop.mp4,1
1331,/content/drive/MyDrive/ucf_experiments/ciclo_experimental_1/data/data_blur/train/Arrest029_x264-72f1b8a512_1_flip_lr_blur.mp4,/content/drive/MyDrive/ucf_experiments/ciclo_experimental_1/data/data_crop/train/Arrest029_x264-72f1b8a512_1_flip_lr_crop.mp4,1
1332,/content/drive/MyDrive/ucf_experiments/ciclo_experimental_1/data/data_blur/train/Fighting039_x264-45ebf2d69b_0_flip_lr_blur.mp4,/content/drive/MyDrive/ucf_experiments/ciclo_experimental_1/data/data_crop/train/Fighting039_x264-45ebf2d69b_0_flip_lr_crop.mp4,0
1333,/content/drive/MyDrive/ucf_experiments/ciclo_experimental_1/data/data_blur/train/Abuse006_x264-38c19eb4b3_1_flip_lr_blur.mp4,/content/drive/MyDrive/ucf_experiments/ciclo_experimental_1/data/data_crop/train/Abuse006_x264-38c19eb4b3_1_flip_lr_crop.mp4,1
1334,/content/drive/MyDrive/ucf_experiments/ciclo_experimental_1/data/data_blur/train/Fighting044_x264-32b27e3adb_1_flip_lr_blur.mp4,/content/drive/MyDrive/ucf_experiments/ciclo_experimental_1/data/data_crop/train/Fighting044_x264-32b27e3adb_1_flip_lr_crop.mp4,1
1335,/content/drive/MyDrive/ucf_experiments/ciclo_experimental_1/data/data_blur/train/Robbery035_x264-f4037af0f0_0_flip_lr_blur.mp4,/content/drive/MyDrive/ucf_experiments/ciclo_experimental_1/data/data_crop/train/Robbery035_x264-f4037af0f0_0_flip_lr_crop.mp4,0
1336,/content/drive/MyDrive/ucf_experiments/ciclo_experimental_1/data/data_blur/train/Robbery082_x264-809580f529_0_flip_lr_blur.mp4,/content/drive/MyDrive/ucf_experiments/ciclo_experimental_1/data/data_crop/train/Robbery082_x264-809580f529_0_flip_lr_crop.mp4,0
1337,/content/drive/MyDrive/ucf_experiments/ciclo_experimental_1/data/data_blur/train/Arrest002_x264-c69b7bbcde_1_flip_lr_blur.mp4,/content/drive/MyDrive/ucf_experiments/ciclo_experimental_1/data/data_crop/train/Arrest002_x264-c69b7bbcde_1_flip_lr_crop.mp4,1
1338,/content/drive/MyDrive/ucf_experiments/ciclo_experimental_1/data/data_blur/train/Assault029_x264-8032a9e50d_1_flip_lr_blur.mp4,/content/drive/MyDrive/ucf_experiments/ciclo_experimental_1/data/data_crop/train/Assault029_x264-8032a9e50d_1_flip_lr_crop.mp4,1
1339,/content/drive/MyDrive/ucf_experiments/ciclo_experimental_1/data/data_blur/train/Robbery066_x264-b0897aec07_0_flip_lr_blur.mp4,/content/drive/MyDrive/ucf_experiments/ciclo_experimental_1/data/data_crop/train/Robbery066_x264-b0897aec07_0_flip_lr_crop.mp4,0
1340,/content/drive/MyDrive/ucf_experiments/ciclo_experimental_1/data/data_blur/train/Arrest023_x264-19a9b1809f_0_flip_lr_blur.mp4,/content/drive/MyDrive/ucf_experiments/ciclo_experimental_1/data/data_crop/train/Arrest023_x264-19a9b1809f_0_flip_lr_crop.mp4,0
1341,/content/drive/MyDrive/ucf_experiments/ciclo_experimental_1/data/data_blur/train/Abuse012_x264-3ccc748a7e_0_flip_lr_blur.mp4,/content/drive/MyDrive/ucf_experiments/ciclo_experimental_1/data/data_crop/train/Abuse012_x264-3ccc748a7e_0_flip_lr_crop.mp4,0
1342,/content/drive/MyDrive/ucf_experiments/ciclo_experimental_1/data/data_blur/train/Fighting004_x264-0defc431e4_1_flip_lr_blur.mp4,/content/drive/MyDrive/ucf_experiments/ciclo_experimental_1/data/data_crop/train/Fighting004_x264-0defc431e4_1_flip_lr_crop.mp4,1
1343,/content/drive/MyDrive/ucf_experiments/ciclo_experimental_1/data/data_blur/train/Arrest025_x264-00d8311c52_1_flip_lr_blur.mp4,/content/drive/MyDrive/ucf_experiments/ciclo_experimental_1/data/data_crop/train/Arrest025_x264-00d8311c52_1_flip_lr_crop.mp4,1
1344,/content/drive/MyDrive/ucf_experiments/ciclo_experimental_1/data/data_blur/train/Arrest033_x264-956cab5fa4_1_flip_lr_blur.mp4,/content/drive/MyDrive/ucf_experiments/ciclo_experimental_1/data/data_crop/train/Arrest033_x264-956cab5fa4_1_flip_lr_crop.mp4,1
1345,/content/drive/MyDrive/ucf_experiments/ciclo_experimental_1/data/data_blur/train/Assault033_x264-5de6920bac_1_flip_lr_blur.mp4,/content/drive/MyDrive/ucf_experiments/ciclo_experimental_1/data/data_crop/train/Assault033_x264-5de6920bac_1_flip_lr_crop.mp4,1
1346,/content/drive/MyDrive/ucf_experiments/ciclo_experimental_1/data/data_blur/train/Abuse005_x264-91dcb75c00_1_flip_lr_blur.mp4,/content/drive/MyDrive/ucf_experiments/ciclo_experimental_1/data/data_crop/train/Abuse005_x264-91dcb75c00_1_flip_lr_crop.mp4,1
1347,/content/drive/MyDrive/ucf_experiments/ciclo_experimental_1/data/data_blur/train/Assault001_x264-acb5cfcfdd_0_flip_lr_blur.mp4,/content/drive/MyDrive/ucf_experiments/ciclo_experimental_1/data/data_crop/train/Assault001_x264-acb5cfcfdd_0_flip_lr_crop.mp4,0
1348,/content/drive/MyDrive/ucf_experiments/ciclo_experimental_1/data/data_blur/train/Robbery065_x264-da69b6717f_1_flip_lr_blur.mp4,/content/drive/MyDrive/ucf_experiments/ciclo_experimental_1/data/data_crop/train/Robbery065_x264-da69b6717f_1_flip_lr_crop.mp4,1
1349,/content/drive/MyDrive/ucf_experiments/ciclo_experimental_1/data/data_blur/train/Arrest022_x264-4cce498255_0_flip_lr_blur.mp4,/content/drive/MyDrive/ucf_experiments/ciclo_experimental_1/data/data_crop/train/Arrest022_x264-4cce498255_0_flip_lr_crop.mp4,0
1350,/content/drive/MyDrive/ucf_experiments/ciclo_experimental_1/data/data_blur/train/Assault028_x264-bbc7534a81_0_flip_lr_blur.mp4,/content/drive/MyDrive/ucf_experiments/ciclo_experimental_1/data/data_crop/train/Assault028_x264-bbc7534a81_0_flip_lr_crop.mp4,0
1351,/content/drive/MyDrive/ucf_experiments/ciclo_experimental_1/data/data_blur/train/Abuse018_x264-007bea96b0_0_flip_lr_blur.mp4,/content/drive/MyDrive/ucf_experiments/ciclo_experimental_1/data/data_crop/train/Abuse018_x264-007bea96b0_0_flip_lr_crop.mp4,0
1352,/content/drive/MyDrive/ucf_experiments/ciclo_experimental_1/data/data_blur/train/Fighting016_x264-0f5acf43a1_1_flip_lr_blur.mp4,/content/drive/MyDrive/ucf_experiments/ciclo_experimental_1/data/data_crop/train/Fighting016_x264-0f5acf43a1_1_flip_lr_crop.mp4,1
1353,/content/drive/MyDrive/ucf_experiments/ciclo_experimental_1/data/data_blur/train/Assault027_x264-970b4e7229_1_flip_lr_blur.mp4,/content/drive/MyDrive/ucf_experiments/ciclo_experimental_1/data/data_crop/train/Assault027_x264-970b4e7229_1_flip_lr_crop.mp4,1
1354,/content/drive/MyDrive/ucf_experiments/ciclo_experimental_1/data/data_blur/train/Fighting043_x264-0937b3bf6b_0_flip_lr_blur.mp4,/content/drive/MyDrive/ucf_experiments/ciclo_experimental_1/data/data_crop/train/Fighting043_x264-0937b3bf6b_0_flip_lr_crop.mp4,0
1355,/content/drive/MyDrive/ucf_experiments/ciclo_experimental_1/data/data_blur/train/Arrest005_x264-627fdfed45_1_flip_lr_blur.mp4,/content/drive/MyDrive/ucf_experiments/ciclo_experimental_1/data/data_crop/train/Arrest005_x264-627fdfed45_1_flip_lr_crop.mp4,1
1356,/content/drive/MyDrive/ucf_experiments/ciclo_experimental_1/data/data_blur/train/Fighting049_x264-11837986ab_0_flip_lr_blur.mp4,/content/drive/MyDrive/ucf_experiments/ciclo_experimental_1/data/data_crop/train/Fighting049_x264-11837986ab_0_flip_lr_crop.mp4,0
1357,/content/drive/MyDrive/ucf_experiments/ciclo_experimental_1/data/data_blur/train/Robbery003_x264-14f75b55d7_0_flip_lr_blur.mp4,/content/drive/MyDrive/ucf_experiments/ciclo_experimental_1/data/data_crop/train/Robbery003_x264-14f75b55d7_0_flip_lr_crop.mp4,0
1358,/content/drive/MyDrive/ucf_experiments/ciclo_experimental_1/data/data_blur/train/Fighting034_x264-16e8980a4a_0_flip_lr_blur.mp4,/content/drive/MyDrive/ucf_experiments/ciclo_experimental_1/data/data_crop/train/Fighting034_x264-16e8980a4a_0_flip_lr_crop.mp4,0
1359,/content/drive/MyDrive/ucf_experiments/ciclo_experimental_1/data/data_blur/train/Robbery038_x264-f9a016ad85_1_flip_lr_blur.mp4,/content/drive/MyDrive/ucf_experiments/ciclo_experimental_1/data/data_crop/train/Robbery038_x264-f9a016ad85_1_flip_lr_crop.mp4,1
1360,/content/drive/MyDrive/ucf_experiments/ciclo_experimental_1/data/data_blur/train/Assault037_x264-ad3cdc5b4f_0_flip_lr_blur.mp4,/content/drive/MyDrive/ucf_experiments/ciclo_experimental_1/data/data_crop/train/Assault037_x264-ad3cdc5b4f_0_flip_lr_crop.mp4,0
1361,/content/drive/MyDrive/ucf_experiments/ciclo_experimental_1/data/data_blur/train/Robbery008_x264-a4872865b8_0_flip_lr_blur.mp4,/content/drive/MyDrive/ucf_experiments/ciclo_experimental_1/data/data_crop/train/Robbery008_x264-a4872865b8_0_flip_lr_crop.mp4,0
1362,/content/drive/MyDrive/ucf_experiments/ciclo_experimental_1/data/data_blur/train/Arrest008_x264-1df759f4b4_0_flip_lr_blur.mp4,/content/drive/MyDrive/ucf_experiments/ciclo_experimental_1/data/data_crop/train/Arrest008_x264-1df759f4b4_0_flip_lr_crop.mp4,0
1363,/content/drive/MyDrive/ucf_experiments/ciclo_experimental_1/data/data_blur/train/Robbery029_x264-0f043380d7_1_flip_lr_blur.mp4,/content/drive/MyDrive/ucf_experiments/ciclo_experimental_1/data/data_crop/train/Robbery029_x264-0f043380d7_1_flip_lr_crop.mp4,1
1364,/content/drive/MyDrive/ucf_experiments/ciclo_experimental_1/data/data_blur/train/Abuse009_x264-b5fddf5d23_0_flip_lr_blur.mp4,/content/drive/MyDrive/ucf_experiments/ciclo_experimental_1/data/data_crop/train/Abuse009_x264-b5fddf5d23_0_flip_lr_crop.mp4,0
1365,/content/drive/MyDrive/ucf_experiments/ciclo_experimental_1/data/data_blur/train/Assault003_x264-aa40150a1f_1_flip_lr_blur.mp4,/content/drive/MyDrive/ucf_experiments/ciclo_experimental_1/data/data_crop/train/Assault003_x264-aa40150a1f_1_flip_lr_crop.mp4,1
1366,/content/drive/MyDrive/ucf_experiments/ciclo_experimental_1/data/data_blur/train/Robbery041_x264-a34a6712cd_0_flip_lr_blur.mp4,/content/drive/MyDrive/ucf_experiments/ciclo_experimental_1/data/data_crop/train/Robbery041_x264-a34a6712cd_0_flip_lr_crop.mp4,0
1367,/content/drive/MyDrive/ucf_experiments/ciclo_experimental_1/data/data_blur/train/Assault015_x264-e265b3be1e_1_flip_lr_blur.mp4,/content/drive/MyDrive/ucf_experiments/ciclo_experimental_1/data/data_crop/train/Assault015_x264-e265b3be1e_1_flip_lr_crop.mp4,1
1368,/content/drive/MyDrive/ucf_experiments/ciclo_experimental_1/data/data_blur/train/Fighting034_x264-22d708d62e_1_flip_lr_blur.mp4,/content/drive/MyDrive/ucf_experiments/ciclo_experimental_1/data/data_crop/train/Fighting034_x264-22d708d62e_1_flip_lr_crop.mp4,1
1369,/content/drive/MyDrive/ucf_experiments/ciclo_experimental_1/data/data_blur/train/Arrest032_x264-344df1c88e_0_flip_lr_blur.mp4,/content/drive/MyDrive/ucf_experiments/ciclo_experimental_1/data/data_crop/train/Arrest032_x264-344df1c88e_0_flip_lr_crop.mp4,0
1370,/content/drive/MyDrive/ucf_experiments/ciclo_experimental_1/data/data_blur/train/Robbery072_x264-81fd2d4cce_0_flip_lr_blur.mp4,/content/drive/MyDrive/ucf_experiments/ciclo_experimental_1/data/data_crop/train/Robbery072_x264-81fd2d4cce_0_flip_lr_crop.mp4,0
1371,/content/drive/MyDrive/ucf_experiments/ciclo_experimental_1/data/data_blur/train/Fighting028_x264-8780369bf8_1_flip_lr_blur.mp4,/content/drive/MyDrive/ucf_experiments/ciclo_experimental_1/data/data_crop/train/Fighting028_x264-8780369bf8_1_flip_lr_crop.mp4,1
1372,/content/drive/MyDrive/ucf_experiments/ciclo_experimental_1/data/data_blur/train/Robbery034_x264-df77278f5b_1_flip_lr_blur.mp4,/content/drive/MyDrive/ucf_experiments/ciclo_experimental_1/data/data_crop/train/Robbery034_x264-df77278f5b_1_flip_lr_crop.mp4,1
1373,/content/drive/MyDrive/ucf_experiments/ciclo_experimental_1/data/data_blur/train/Abuse005_x264-ff6b6be69e_0_flip_lr_blur.mp4,/content/drive/MyDrive/ucf_experiments/ciclo_experimental_1/data/data_crop/train/Abuse005_x264-ff6b6be69e_0_flip_lr_crop.mp4,0
1374,/content/drive/MyDrive/ucf_experiments/ciclo_experimental_1/data/data_blur/train/Fighting028_x264-103af8d0af_1_flip_lr_blur.mp4,/content/drive/MyDrive/ucf_experiments/ciclo_experimental_1/data/data_crop/train/Fighting028_x264-103af8d0af_1_flip_lr_crop.mp4,1
1375,/content/drive/MyDrive/ucf_experiments/ciclo_experimental_1/data/data_blur/train/Abuse037_x264-444fdadd12_0_flip_lr_blur.mp4,/content/drive/MyDrive/ucf_experiments/ciclo_experimental_1/data/data_crop/train/Abuse037_x264-444fdadd12_0_flip_lr_crop.mp4,0
1376,/content/drive/MyDrive/ucf_experiments/ciclo_experimental_1/data/data_blur/train/Arrest002_x264-959fe8fe59_1_flip_lr_blur.mp4,/content/drive/MyDrive/ucf_experiments/ciclo_experimental_1/data/data_crop/train/Arrest002_x264-959fe8fe59_1_flip_lr_crop.mp4,1
1377,/content/drive/MyDrive/ucf_experiments/ciclo_experimental_1/data/data_blur/train/Robbery013_x264-ce6a9801ad_1_flip_lr_blur.mp4,/content/drive/MyDrive/ucf_experiments/ciclo_experimental_1/data/data_crop/train/Robbery013_x264-ce6a9801ad_1_flip_lr_crop.mp4,1
1378,/content/drive/MyDrive/ucf_experiments/ciclo_experimental_1/data/data_blur/train/Arrest029_x264-69bc6f7baa_1_flip_lr_blur.mp4,/content/drive/MyDrive/ucf_experiments/ciclo_experimental_1/data/data_crop/train/Arrest029_x264-69bc6f7baa_1_flip_lr_crop.mp4,1
1379,/content/drive/MyDrive/ucf_experiments/ciclo_experimental_1/data/data_blur/train/Fighting008_x264-64bd8127e6_0_flip_lr_blur.mp4,/content/drive/MyDrive/ucf_experiments/ciclo_experimental_1/data/data_crop/train/Fighting008_x264-64bd8127e6_0_flip_lr_crop.mp4,0
1380,/content/drive/MyDrive/ucf_experiments/ciclo_experimental_1/data/data_blur/train/Assault045_x264-cf3e3c00ed_0_flip_lr_blur.mp4,/content/drive/MyDrive/ucf_experiments/ciclo_experimental_1/data/data_crop/train/Assault045_x264-cf3e3c00ed_0_flip_lr_crop.mp4,0
1381,/content/drive/MyDrive/ucf_experiments/ciclo_experimental_1/data/data_blur/train/Robbery043_x264-afe4fa4cf3_0_flip_lr_blur.mp4,/content/drive/MyDrive/ucf_experiments/ciclo_experimental_1/data/data_crop/train/Robbery043_x264-afe4fa4cf3_0_flip_lr_crop.mp4,0
1382,/content/drive/MyDrive/ucf_experiments/ciclo_experimental_1/data/data_blur/train/Abuse048_x264-fa4a880da7_1_flip_lr_blur.mp4,/content/drive/MyDrive/ucf_experiments/ciclo_experimental_1/data/data_crop/train/Abuse048_x264-fa4a880da7_1_flip_lr_crop.mp4,1
1383,/content/drive/MyDrive/ucf_experiments/ciclo_experimental_1/data/data_blur/train/Robbery018_x264-9a1bd1309a_1_flip_lr_blur.mp4,/content/drive/MyDrive/ucf_experiments/ciclo_experimental_1/data/data_crop/train/Robbery018_x264-9a1bd1309a_1_flip_lr_crop.mp4,1
1384,/content/drive/MyDrive/ucf_experiments/ciclo_experimental_1/data/data_blur/train/Arrest050_x264-d05bf2cada_0_flip_lr_blur.mp4,/content/drive/MyDrive/ucf_experiments/ciclo_experimental_1/data/data_crop/train/Arrest050_x264-d05bf2cada_0_flip_lr_crop.mp4,0
1385,/content/drive/MyDrive/ucf_experiments/ciclo_experimental_1/data/data_blur/train/Arrest006_x264-88c2efaf47_1_flip_lr_blur.mp4,/content/drive/MyDrive/ucf_experiments/ciclo_experimental_1/data/data_crop/train/Arrest006_x264-88c2efaf47_1_flip_lr_crop.mp4,1
1386,/content/drive/MyDrive/ucf_experiments/ciclo_experimental_1/data/data_blur/train/Robbery051_x264-afadea77fa_1_flip_lr_blur.mp4,/content/drive/MyDrive/ucf_experiments/ciclo_experimental_1/data/data_crop/train/Robbery051_x264-afadea77fa_1_flip_lr_crop.mp4,1
1387,/content/drive/MyDrive/ucf_experiments/ciclo_experimental_1/data/data_blur/train/Robbery100_x264-c34cc5b9b3_1_flip_lr_blur.mp4,/content/drive/MyDrive/ucf_experiments/ciclo_experimental_1/data/data_crop/train/Robbery100_x264-c34cc5b9b3_1_flip_lr_crop.mp4,1
1388,/content/drive/MyDrive/ucf_experiments/ciclo_experimental_1/data/data_blur/train/Abuse050_x264-fc1ba0c82e_1_flip_lr_blur.mp4,/content/drive/MyDrive/ucf_experiments/ciclo_experimental_1/data/data_crop/train/Abuse050_x264-fc1ba0c82e_1_flip_lr_crop.mp4,1
1389,/content/drive/MyDrive/ucf_experiments/ciclo_experimental_1/data/data_blur/train/Assault036_x264-3738fc966c_1_flip_lr_blur.mp4,/content/drive/MyDrive/ucf_experiments/ciclo_experimental_1/data/data_crop/train/Assault036_x264-3738fc966c_1_flip_lr_crop.mp4,1
1390,/content/drive/MyDrive/ucf_experiments/ciclo_experimental_1/data/data_blur/train/Abuse043_x264-15b69f4a88_1_flip_lr_blur.mp4,/content/drive/MyDrive/ucf_experiments/ciclo_experimental_1/data/data_crop/train/Abuse043_x264-15b69f4a88_1_flip_lr_crop.mp4,1
1391,/content/drive/MyDrive/ucf_experiments/ciclo_experimental_1/data/data_blur/train/Robbery100_x264-7c7c59d36f_0_flip_lr_blur.mp4,/content/drive/MyDrive/ucf_experiments/ciclo_experimental_1/data/data_crop/train/Robbery100_x264-7c7c59d36f_0_flip_lr_crop.mp4,0
1392,/content/drive/MyDrive/ucf_experiments/ciclo_experimental_1/data/data_blur/train/Fighting002_x264-20aa996825_0_flip_lr_blur.mp4,/content/drive/MyDrive/ucf_experiments/ciclo_experimental_1/data/data_crop/train/Fighting002_x264-20aa996825_0_flip_lr_crop.mp4,0
1393,/content/drive/MyDrive/ucf_experiments/ciclo_experimental_1/data/data_blur/train/Abuse011_x264-4f98b98544_1_flip_lr_blur.mp4,/content/drive/MyDrive/ucf_experiments/ciclo_experimental_1/data/data_crop/train/Abuse011_x264-4f98b98544_1_flip_lr_crop.mp4,1
1394,/content/drive/MyDrive/ucf_experiments/ciclo_experimental_1/data/data_blur/train/Abuse033_x264-54a72759ce_1_flip_lr_blur.mp4,/content/drive/MyDrive/ucf_experiments/ciclo_experimental_1/data/data_crop/train/Abuse033_x264-54a72759ce_1_flip_lr_crop.mp4,1
1395,/content/drive/MyDrive/ucf_experiments/ciclo_experimental_1/data/data_blur/train/Arrest038_x264-9849d55792_0_flip_lr_blur.mp4,/content/drive/MyDrive/ucf_experiments/ciclo_experimental_1/data/data_crop/train/Arrest038_x264-9849d55792_0_flip_lr_crop.mp4,0
1396,/content/drive/MyDrive/ucf_experiments/ciclo_experimental_1/data/data_blur/train/Abuse009_x264-fc0ccb4ab0_1_flip_lr_blur.mp4,/content/drive/MyDrive/ucf_experiments/ciclo_experimental_1/data/data_crop/train/Abuse009_x264-fc0ccb4ab0_1_flip_lr_crop.mp4,1
1397,/content/drive/MyDrive/ucf_experiments/ciclo_experimental_1/data/data_blur/train/Robbery035_x264-c98692a488_0_flip_lr_blur.mp4,/content/drive/MyDrive/ucf_experiments/ciclo_experimental_1/data/data_crop/train/Robbery035_x264-c98692a488_0_flip_lr_crop.mp4,0
1398,/content/drive/MyDrive/ucf_experiments/ciclo_experimental_1/data/data_blur/train/Fighting026_x264-285e37a81a_1_flip_lr_blur.mp4,/content/drive/MyDrive/ucf_experiments/ciclo_experimental_1/data/data_crop/train/Fighting026_x264-285e37a81a_1_flip_lr_crop.mp4,1
1399,/content/drive/MyDrive/ucf_experiments/ciclo_experimental_1/data/data_blur/train/Arrest034_x264-eb0029bd3b_0_flip_lr_blur.mp4,/content/drive/MyDrive/ucf_experiments/ciclo_experimental_1/data/data_crop/train/Arrest034_x264-eb0029bd3b_0_flip_lr_crop.mp4,0
1400,/content/drive/MyDrive/ucf_experiments/ciclo_experimental_1/data/data_blur/train/Fighting006_x264-107f8eafa7_0_flip_lr_blur.mp4,/content/drive/MyDrive/ucf_experiments/ciclo_experimental_1/data/data_crop/train/Fighting006_x264-107f8eafa7_0_flip_lr_crop.mp4,0
1401,/content/drive/MyDrive/ucf_experiments/ciclo_experimental_1/data/data_blur/train/Assault004_x264-b599619fad_1_flip_lr_blur.mp4,/content/drive/MyDrive/ucf_experiments/ciclo_experimental_1/data/data_crop/train/Assault004_x264-b599619fad_1_flip_lr_crop.mp4,1
1402,/content/drive/MyDrive/ucf_experiments/ciclo_experimental_1/data/data_blur/train/Fighting040_x264-646de39a06_1_flip_lr_blur.mp4,/content/drive/MyDrive/ucf_experiments/ciclo_experimental_1/data/data_crop/train/Fighting040_x264-646de39a06_1_flip_lr_crop.mp4,1
1403,/content/drive/MyDrive/ucf_experiments/ciclo_experimental_1/data/data_blur/train/Robbery082_x264-2140931775_0_flip_lr_blur.mp4,/content/drive/MyDrive/ucf_experiments/ciclo_experimental_1/data/data_crop/train/Robbery082_x264-2140931775_0_flip_lr_crop.mp4,0
1404,/content/drive/MyDrive/ucf_experiments/ciclo_experimental_1/data/data_blur/train/Arrest033_x264-61dd99f1c9_1_flip_lr_blur.mp4,/content/drive/MyDrive/ucf_experiments/ciclo_experimental_1/data/data_crop/train/Arrest033_x264-61dd99f1c9_1_flip_lr_crop.mp4,1
1405,/content/drive/MyDrive/ucf_experiments/ciclo_experimental_1/data/data_blur/train/Abuse007_x264-d9ae74b113_0_flip_lr_blur.mp4,/content/drive/MyDrive/ucf_experiments/ciclo_experimental_1/data/data_crop/train/Abuse007_x264-d9ae74b113_0_flip_lr_crop.mp4,0
1406,/content/drive/MyDrive/ucf_experiments/ciclo_experimental_1/data/data_blur/train/Robbery046_x264-c991bb468b_1_flip_lr_blur.mp4,/content/drive/MyDrive/ucf_experiments/ciclo_experimental_1/data/data_crop/train/Robbery046_x264-c991bb468b_1_flip_lr_crop.mp4,1
1407,/content/drive/MyDrive/ucf_experiments/ciclo_experimental_1/data/data_blur/train/Fighting006_x264-7709554ffd_0_flip_lr_blur.mp4,/content/drive/MyDrive/ucf_experiments/ciclo_experimental_1/data/data_crop/train/Fighting006_x264-7709554ffd_0_flip_lr_crop.mp4,0
1408,/content/drive/MyDrive/ucf_experiments/ciclo_experimental_1/data/data_blur/train/Robbery034_x264-521c8342ad_0_flip_lr_blur.mp4,/content/drive/MyDrive/ucf_experiments/ciclo_experimental_1/data/data_crop/train/Robbery034_x264-521c8342ad_0_flip_lr_crop.mp4,0
1409,/content/drive/MyDrive/ucf_experiments/ciclo_experimental_1/data/data_blur/train/Arrest026_x264-be5f65177c_1_flip_lr_blur.mp4,/content/drive/MyDrive/ucf_experiments/ciclo_experimental_1/data/data_crop/train/Arrest026_x264-be5f65177c_1_flip_lr_crop.mp4,1
1410,/content/drive/MyDrive/ucf_experiments/ciclo_experimental_1/data/data_blur/train/Abuse006_x264-d29a5bbe5e_0_flip_lr_blur.mp4,/content/drive/MyDrive/ucf_experiments/ciclo_experimental_1/data/data_crop/train/Abuse006_x264-d29a5bbe5e_0_flip_lr_crop.mp4,0
1411,/content/drive/MyDrive/ucf_experiments/ciclo_experimental_1/data/data_blur/train/Arrest029_x264-4965491dd2_1_flip_lr_blur.mp4,/content/drive/MyDrive/ucf_experiments/ciclo_experimental_1/data/data_crop/train/Arrest029_x264-4965491dd2_1_flip_lr_crop.mp4,1
1412,/content/drive/MyDrive/ucf_experiments/ciclo_experimental_1/data/data_blur/train/Arrest016_x264-0794a486d7_1_flip_lr_blur.mp4,/content/drive/MyDrive/ucf_experiments/ciclo_experimental_1/data/data_crop/train/Arrest016_x264-0794a486d7_1_flip_lr_crop.mp4,1
1413,/content/drive/MyDrive/ucf_experiments/ciclo_experimental_1/data/data_blur/train/Robbery002_x264-44fffc4c5e_1_flip_lr_blur.mp4,/content/drive/MyDrive/ucf_experiments/ciclo_experimental_1/data/data_crop/train/Robbery002_x264-44fffc4c5e_1_flip_lr_crop.mp4,1
1414,/content/drive/MyDrive/ucf_experiments/ciclo_experimental_1/data/data_blur/train/Abuse004_x264-2e2950ce4e_1_flip_lr_blur.mp4,/content/drive/MyDrive/ucf_experiments/ciclo_experimental_1/data/data_crop/train/Abuse004_x264-2e2950ce4e_1_flip_lr_crop.mp4,1
1415,/content/drive/MyDrive/ucf_experiments/ciclo_experimental_1/data/data_blur/train/Robbery064_x264-65de5112c7_0_flip_lr_blur.mp4,/content/drive/MyDrive/ucf_experiments/ciclo_experimental_1/data/data_crop/train/Robbery064_x264-65de5112c7_0_flip_lr_crop.mp4,0
1416,/content/drive/MyDrive/ucf_experiments/ciclo_experimental_1/data/data_blur/train/Abuse050_x264-3dd11a9fb1_1_flip_lr_blur.mp4,/content/drive/MyDrive/ucf_experiments/ciclo_experimental_1/data/data_crop/train/Abuse050_x264-3dd11a9fb1_1_flip_lr_crop.mp4,1
1417,/content/drive/MyDrive/ucf_experiments/ciclo_experimental_1/data/data_blur/train/Fighting010_x264-5e36b0ef95_0_flip_lr_blur.mp4,/content/drive/MyDrive/ucf_experiments/ciclo_experimental_1/data/data_crop/train/Fighting010_x264-5e36b0ef95_0_flip_lr_crop.mp4,0
1418,/content/drive/MyDrive/ucf_experiments/ciclo_experimental_1/data/data_blur/train/Assault015_x264-6957b6afbb_1_flip_lr_blur.mp4,/content/drive/MyDrive/ucf_experiments/ciclo_experimental_1/data/data_crop/train/Assault015_x264-6957b6afbb_1_flip_lr_crop.mp4,1
1419,/content/drive/MyDrive/ucf_experiments/ciclo_experimental_1/data/data_blur/train/Assault016_x264-aee3c06c72_1_flip_lr_blur.mp4,/content/drive/MyDrive/ucf_experiments/ciclo_experimental_1/data/data_crop/train/Assault016_x264-aee3c06c72_1_flip_lr_crop.mp4,1
1420,/content/drive/MyDrive/ucf_experiments/ciclo_experimental_1/data/data_blur/train/Robbery040_x264-5801f9dceb_0_flip_lr_blur.mp4,/content/drive/MyDrive/ucf_experiments/ciclo_experimental_1/data/data_crop/train/Robbery040_x264-5801f9dceb_0_flip_lr_crop.mp4,0
1421,/content/drive/MyDrive/ucf_experiments/ciclo_experimental_1/data/data_blur/train/Robbery020_x264-6700c6048b_1_flip_lr_blur.mp4,/content/drive/MyDrive/ucf_experiments/ciclo_experimental_1/data/data_crop/train/Robbery020_x264-6700c6048b_1_flip_lr_crop.mp4,1
1422,/content/drive/MyDrive/ucf_experiments/ciclo_experimental_1/data/data_blur/train/Robbery011_x264-759a28b23a_0_flip_lr_blur.mp4,/content/drive/MyDrive/ucf_experiments/ciclo_experimental_1/data/data_crop/train/Robbery011_x264-759a28b23a_0_flip_lr_crop.mp4,0
1423,/content/drive/MyDrive/ucf_experiments/ciclo_experimental_1/data/data_blur/train/Fighting030_x264-f424a4f804_0_flip_lr_blur.mp4,/content/drive/MyDrive/ucf_experiments/ciclo_experimental_1/data/data_crop/train/Fighting030_x264-f424a4f804_0_flip_lr_crop.mp4,0
1424,/content/drive/MyDrive/ucf_experiments/ciclo_experimental_1/data/data_blur/train/Fighting007_x264-f531d58703_0_flip_lr_blur.mp4,/content/drive/MyDrive/ucf_experiments/ciclo_experimental_1/data/data_crop/train/Fighting007_x264-f531d58703_0_flip_lr_crop.mp4,0
1425,/content/drive/MyDrive/ucf_experiments/ciclo_experimental_1/data/data_blur/train/Abuse006_x264-43eff2ef21_1_flip_lr_blur.mp4,/content/drive/MyDrive/ucf_experiments/ciclo_experimental_1/data/data_crop/train/Abuse006_x264-43eff2ef21_1_flip_lr_crop.mp4,1
1426,/content/drive/MyDrive/ucf_experiments/ciclo_experimental_1/data/data_blur/train/Fighting039_x264-d3f8dcd0a7_0_flip_lr_blur.mp4,/content/drive/MyDrive/ucf_experiments/ciclo_experimental_1/data/data_crop/train/Fighting039_x264-d3f8dcd0a7_0_flip_lr_crop.mp4,0
1427,/content/drive/MyDrive/ucf_experiments/ciclo_experimental_1/data/data_blur/train/Robbery086_x264-17eb1f152e_1_flip_lr_blur.mp4,/content/drive/MyDrive/ucf_experiments/ciclo_experimental_1/data/data_crop/train/Robbery086_x264-17eb1f152e_1_flip_lr_crop.mp4,1
1428,/content/drive/MyDrive/ucf_experiments/ciclo_experimental_1/data/data_blur/train/Assault035_x264-3af9c95b3e_1_flip_lr_blur.mp4,/content/drive/MyDrive/ucf_experiments/ciclo_experimental_1/data/data_crop/train/Assault035_x264-3af9c95b3e_1_flip_lr_crop.mp4,1
1429,/content/drive/MyDrive/ucf_experiments/ciclo_experimental_1/data/data_blur/train/Robbery076_x264-6e28401896_0_flip_lr_blur.mp4,/content/drive/MyDrive/ucf_experiments/ciclo_experimental_1/data/data_crop/train/Robbery076_x264-6e28401896_0_flip_lr_crop.mp4,0
1430,/content/drive/MyDrive/ucf_experiments/ciclo_experimental_1/data/data_blur/train/Robbery059_x264-2a579783cc_0_flip_lr_blur.mp4,/content/drive/MyDrive/ucf_experiments/ciclo_experimental_1/data/data_crop/train/Robbery059_x264-2a579783cc_0_flip_lr_crop.mp4,0
1431,/content/drive/MyDrive/ucf_experiments/ciclo_experimental_1/data/data_blur/train/Robbery045_x264-0eb1e8a185_0_flip_lr_blur.mp4,/content/drive/MyDrive/ucf_experiments/ciclo_experimental_1/data/data_crop/train/Robbery045_x264-0eb1e8a185_0_flip_lr_crop.mp4,0
1432,/content/drive/MyDrive/ucf_experiments/ciclo_experimental_1/data/data_blur/train/Fighting039_x264-bb29e925cc_0_flip_lr_blur.mp4,/content/drive/MyDrive/ucf_experiments/ciclo_experimental_1/data/data_crop/train/Fighting039_x264-bb29e925cc_0_flip_lr_crop.mp4,0
1433,/content/drive/MyDrive/ucf_experiments/ciclo_experimental_1/data/data_blur/train/Assault013_x264-900534fde5_1_flip_lr_blur.mp4,/content/drive/MyDrive/ucf_experiments/ciclo_experimental_1/data/data_crop/train/Assault013_x264-900534fde5_1_flip_lr_crop.mp4,1
1434,/content/drive/MyDrive/ucf_experiments/ciclo_experimental_1/data/data_blur/train/Abuse026_x264-d8718141d2_1_flip_lr_blur.mp4,/content/drive/MyDrive/ucf_experiments/ciclo_experimental_1/data/data_crop/train/Abuse026_x264-d8718141d2_1_flip_lr_crop.mp4,1
1435,/content/drive/MyDrive/ucf_experiments/ciclo_experimental_1/data/data_blur/train/Fighting039_x264-7eb9baff6f_0_flip_lr_blur.mp4,/content/drive/MyDrive/ucf_experiments/ciclo_experimental_1/data/data_crop/train/Fighting039_x264-7eb9baff6f_0_flip_lr_crop.mp4,0
1436,/content/drive/MyDrive/ucf_experiments/ciclo_experimental_1/data/data_blur/train/Abuse029_x264-5a01932b3f_0_flip_lr_blur.mp4,/content/drive/MyDrive/ucf_experiments/ciclo_experimental_1/data/data_crop/train/Abuse029_x264-5a01932b3f_0_flip_lr_crop.mp4,0
1437,/content/drive/MyDrive/ucf_experiments/ciclo_experimental_1/data/data_blur/train/Fighting025_x264-d9bd64a227_0_flip_lr_blur.mp4,/content/drive/MyDrive/ucf_experiments/ciclo_experimental_1/data/data_crop/train/Fighting025_x264-d9bd64a227_0_flip_lr_crop.mp4,0
1438,/content/drive/MyDrive/ucf_experiments/ciclo_experimental_1/data/data_blur/train/Assault048_x264-5dd9f7b302_0_flip_lr_blur.mp4,/content/drive/MyDrive/ucf_experiments/ciclo_experimental_1/data/data_crop/train/Assault048_x264-5dd9f7b302_0_flip_lr_crop.mp4,0
1439,/content/drive/MyDrive/ucf_experiments/ciclo_experimental_1/data/data_blur/train/Robbery086_x264-b97905aa4f_1_flip_lr_blur.mp4,/content/drive/MyDrive/ucf_experiments/ciclo_experimental_1/data/data_crop/train/Robbery086_x264-b97905aa4f_1_flip_lr_crop.mp4,1
1440,/content/drive/MyDrive/ucf_experiments/ciclo_experimental_1/data/data_blur/train/Abuse018_x264-7d7144a1df_0_flip_lr_blur.mp4,/content/drive/MyDrive/ucf_experiments/ciclo_experimental_1/data/data_crop/train/Abuse018_x264-7d7144a1df_0_flip_lr_crop.mp4,0
1441,/content/drive/MyDrive/ucf_experiments/ciclo_experimental_1/data/data_blur/train/Fighting020_x264-d7d23a99e9_1_flip_lr_blur.mp4,/content/drive/MyDrive/ucf_experiments/ciclo_experimental_1/data/data_crop/train/Fighting020_x264-d7d23a99e9_1_flip_lr_crop.mp4,1
1442,/content/drive/MyDrive/ucf_experiments/ciclo_experimental_1/data/data_blur/train/Abuse023_x264-984cd116c2_1_flip_lr_blur.mp4,/content/drive/MyDrive/ucf_experiments/ciclo_experimental_1/data/data_crop/train/Abuse023_x264-984cd116c2_1_flip_lr_crop.mp4,1
1443,/content/drive/MyDrive/ucf_experiments/ciclo_experimental_1/data/data_blur/train/Assault012_x264-f08591fd50_1_flip_lr_blur.mp4,/content/drive/MyDrive/ucf_experiments/ciclo_experimental_1/data/data_crop/train/Assault012_x264-f08591fd50_1_flip_lr_crop.mp4,1
1444,/content/drive/MyDrive/ucf_experiments/ciclo_experimental_1/data/data_blur/train/Abuse006_x264-b9c4a250ac_1_flip_lr_blur.mp4,/content/drive/MyDrive/ucf_experiments/ciclo_experimental_1/data/data_crop/train/Abuse006_x264-b9c4a250ac_1_flip_lr_crop.mp4,1
1445,/content/drive/MyDrive/ucf_experiments/ciclo_experimental_1/data/data_blur/train/Fighting008_x264-f03dd3c981_0_flip_lr_blur.mp4,/content/drive/MyDrive/ucf_experiments/ciclo_experimental_1/data/data_crop/train/Fighting008_x264-f03dd3c981_0_flip_lr_crop.mp4,0
1446,/content/drive/MyDrive/ucf_experiments/ciclo_experimental_1/data/data_blur/train/Abuse025_x264-043cd47778_0_flip_lr_blur.mp4,/content/drive/MyDrive/ucf_experiments/ciclo_experimental_1/data/data_crop/train/Abuse025_x264-043cd47778_0_flip_lr_crop.mp4,0
1447,/content/drive/MyDrive/ucf_experiments/ciclo_experimental_1/data/data_blur/train/Robbery054_x264-65104c2729_0_flip_lr_blur.mp4,/content/drive/MyDrive/ucf_experiments/ciclo_experimental_1/data/data_crop/train/Robbery054_x264-65104c2729_0_flip_lr_crop.mp4,0
1448,/content/drive/MyDrive/ucf_experiments/ciclo_experimental_1/data/data_blur/train/Abuse026_x264-5b83724060_0_flip_lr_blur.mp4,/content/drive/MyDrive/ucf_experiments/ciclo_experimental_1/data/data_crop/train/Abuse026_x264-5b83724060_0_flip_lr_crop.mp4,0
1449,/content/drive/MyDrive/ucf_experiments/ciclo_experimental_1/data/data_blur/train/Abuse046_x264-9826ee0757_0_flip_lr_blur.mp4,/content/drive/MyDrive/ucf_experiments/ciclo_experimental_1/data/data_crop/train/Abuse046_x264-9826ee0757_0_flip_lr_crop.mp4,0
1450,/content/drive/MyDrive/ucf_experiments/ciclo_experimental_1/data/data_blur/train/Robbery030_x264-0d2cff35ab_0_flip_lr_blur.mp4,/content/drive/MyDrive/ucf_experiments/ciclo_experimental_1/data/data_crop/train/Robbery030_x264-0d2cff35ab_0_flip_lr_crop.mp4,0
1451,/content/drive/MyDrive/ucf_experiments/ciclo_experimental_1/data/data_blur/train/Robbery002_x264-bf419f4058_1_flip_lr_blur.mp4,/content/drive/MyDrive/ucf_experiments/ciclo_experimental_1/data/data_crop/train/Robbery002_x264-bf419f4058_1_flip_lr_crop.mp4,1
1452,/content/drive/MyDrive/ucf_experiments/ciclo_experimental_1/data/data_blur/train/Assault008_x264-99fc9f3255_0_flip_lr_blur.mp4,/content/drive/MyDrive/ucf_experiments/ciclo_experimental_1/data/data_crop/train/Assault008_x264-99fc9f3255_0_flip_lr_crop.mp4,0
1453,/content/drive/MyDrive/ucf_experiments/ciclo_experimental_1/data/data_blur/train/Fighting026_x264-d0c662b750_1_flip_lr_blur.mp4,/content/drive/MyDrive/ucf_experiments/ciclo_experimental_1/data/data_crop/train/Fighting026_x264-d0c662b750_1_flip_lr_crop.mp4,1
1454,/content/drive/MyDrive/ucf_experiments/ciclo_experimental_1/data/data_blur/train/Robbery100_x264-55e50bb700_1_flip_lr_blur.mp4,/content/drive/MyDrive/ucf_experiments/ciclo_experimental_1/data/data_crop/train/Robbery100_x264-55e50bb700_1_flip_lr_crop.mp4,1
1455,/content/drive/MyDrive/ucf_experiments/ciclo_experimental_1/data/data_blur/train/Robbery047_x264-3c4420b510_1_flip_lr_blur.mp4,/content/drive/MyDrive/ucf_experiments/ciclo_experimental_1/data/data_crop/train/Robbery047_x264-3c4420b510_1_flip_lr_crop.mp4,1
1456,/content/drive/MyDrive/ucf_experiments/ciclo_experimental_1/data/data_blur/train/Abuse029_x264-2cee453a52_0_flip_lr_blur.mp4,/content/drive/MyDrive/ucf_experiments/ciclo_experimental_1/data/data_crop/train/Abuse029_x264-2cee453a52_0_flip_lr_crop.mp4,0
1457,/content/drive/MyDrive/ucf_experiments/ciclo_experimental_1/data/data_blur/train/Fighting011_x264-b5bb3ffd55_0_flip_lr_blur.mp4,/content/drive/MyDrive/ucf_experiments/ciclo_experimental_1/data/data_crop/train/Fighting011_x264-b5bb3ffd55_0_flip_lr_crop.mp4,0
1458,/content/drive/MyDrive/ucf_experiments/ciclo_experimental_1/data/data_blur/train/Fighting040_x264-e801655ace_0_flip_lr_blur.mp4,/content/drive/MyDrive/ucf_experiments/ciclo_experimental_1/data/data_crop/train/Fighting040_x264-e801655ace_0_flip_lr_crop.mp4,0
1459,/content/drive/MyDrive/ucf_experiments/ciclo_experimental_1/data/data_blur/train/Robbery057_x264-fca5729740_0_flip_lr_blur.mp4,/content/drive/MyDrive/ucf_experiments/ciclo_experimental_1/data/data_crop/train/Robbery057_x264-fca5729740_0_flip_lr_crop.mp4,0
1460,/content/drive/MyDrive/ucf_experiments/ciclo_experimental_1/data/data_blur/train/Robbery073_x264-3e9c5c9a98_1_flip_lr_blur.mp4,/content/drive/MyDrive/ucf_experiments/ciclo_experimental_1/data/data_crop/train/Robbery073_x264-3e9c5c9a98_1_flip_lr_crop.mp4,1
1461,/content/drive/MyDrive/ucf_experiments/ciclo_experimental_1/data/data_blur/train/Robbery025_x264-a0e22e2b3d_1_flip_lr_blur.mp4,/content/drive/MyDrive/ucf_experiments/ciclo_experimental_1/data/data_crop/train/Robbery025_x264-a0e22e2b3d_1_flip_lr_crop.mp4,1
1462,/content/drive/MyDrive/ucf_experiments/ciclo_experimental_1/data/data_blur/train/Fighting008_x264-6fb314c12f_0_flip_lr_blur.mp4,/content/drive/MyDrive/ucf_experiments/ciclo_experimental_1/data/data_crop/train/Fighting008_x264-6fb314c12f_0_flip_lr_crop.mp4,0
1463,/content/drive/MyDrive/ucf_experiments/ciclo_experimental_1/data/data_blur/train/Robbery081_x264-0d66875a1e_0_flip_lr_blur.mp4,/content/drive/MyDrive/ucf_experiments/ciclo_experimental_1/data/data_crop/train/Robbery081_x264-0d66875a1e_0_flip_lr_crop.mp4,0
1464,/content/drive/MyDrive/ucf_experiments/ciclo_experimental_1/data/data_blur/train/Arrest022_x264-22257867bb_0_flip_lr_blur.mp4,/content/drive/MyDrive/ucf_experiments/ciclo_experimental_1/data/data_crop/train/Arrest022_x264-22257867bb_0_flip_lr_crop.mp4,0
1465,/content/drive/MyDrive/ucf_experiments/ciclo_experimental_1/data/data_blur/train/Fighting016_x264-1b0d8df39b_0_flip_lr_blur.mp4,/content/drive/MyDrive/ucf_experiments/ciclo_experimental_1/data/data_crop/train/Fighting016_x264-1b0d8df39b_0_flip_lr_crop.mp4,0
1466,/content/drive/MyDrive/ucf_experiments/ciclo_experimental_1/data/data_blur/train/Robbery060_x264-2bd9ae289b_1_flip_lr_blur.mp4,/content/drive/MyDrive/ucf_experiments/ciclo_experimental_1/data/data_crop/train/Robbery060_x264-2bd9ae289b_1_flip_lr_crop.mp4,1
1467,/content/drive/MyDrive/ucf_experiments/ciclo_experimental_1/data/data_blur/train/Fighting036_x264-79b3a291bd_0_flip_lr_blur.mp4,/content/drive/MyDrive/ucf_experiments/ciclo_experimental_1/data/data_crop/train/Fighting036_x264-79b3a291bd_0_flip_lr_crop.mp4,0
1468,/content/drive/MyDrive/ucf_experiments/ciclo_experimental_1/data/data_blur/train/Arrest023_x264-e44c638eaa_0_flip_lr_blur.mp4,/content/drive/MyDrive/ucf_experiments/ciclo_experimental_1/data/data_crop/train/Arrest023_x264-e44c638eaa_0_flip_lr_crop.mp4,0
1469,/content/drive/MyDrive/ucf_experiments/ciclo_experimental_1/data/data_blur/train/Robbery098_x264-db1b21239e_0_flip_lr_blur.mp4,/content/drive/MyDrive/ucf_experiments/ciclo_experimental_1/data/data_crop/train/Robbery098_x264-db1b21239e_0_flip_lr_crop.mp4,0
1470,/content/drive/MyDrive/ucf_experiments/ciclo_experimental_1/data/data_blur/train/Fighting013_x264-33dfb0d928_1_flip_lr_blur.mp4,/content/drive/MyDrive/ucf_experiments/ciclo_experimental_1/data/data_crop/train/Fighting013_x264-33dfb0d928_1_flip_lr_crop.mp4,1
1471,/content/drive/MyDrive/ucf_experiments/ciclo_experimental_1/data/data_blur/train/Arrest031_x264-649ea68f72_1_flip_lr_blur.mp4,/content/drive/MyDrive/ucf_experiments/ciclo_experimental_1/data/data_crop/train/Arrest031_x264-649ea68f72_1_flip_lr_crop.mp4,1
1472,/content/drive/MyDrive/ucf_experiments/ciclo_experimental_1/data/data_blur/train/Robbery060_x264-09197f97d8_1_flip_lr_blur.mp4,/content/drive/MyDrive/ucf_experiments/ciclo_experimental_1/data/data_crop/train/Robbery060_x264-09197f97d8_1_flip_lr_crop.mp4,1
1473,/content/drive/MyDrive/ucf_experiments/ciclo_experimental_1/data/data_blur/train/Fighting051_x264-e334978348_0_flip_lr_blur.mp4,/content/drive/MyDrive/ucf_experiments/ciclo_experimental_1/data/data_crop/train/Fighting051_x264-e334978348_0_flip_lr_crop.mp4,0
1474,/content/drive/MyDrive/ucf_experiments/ciclo_experimental_1/data/data_blur/train/Robbery003_x264-65d4b9766a_1_flip_lr_blur.mp4,/content/drive/MyDrive/ucf_experiments/ciclo_experimental_1/data/data_crop/train/Robbery003_x264-65d4b9766a_1_flip_lr_crop.mp4,1
1475,/content/drive/MyDrive/ucf_experiments/ciclo_experimental_1/data/data_blur/train/Abuse004_x264-4e3fa570c8_0_flip_lr_blur.mp4,/content/drive/MyDrive/ucf_experiments/ciclo_experimental_1/data/data_crop/train/Abuse004_x264-4e3fa570c8_0_flip_lr_crop.mp4,0
1476,/content/drive/MyDrive/ucf_experiments/ciclo_experimental_1/data/data_blur/train/Arrest006_x264-100daf8e60_0_flip_lr_blur.mp4,/content/drive/MyDrive/ucf_experiments/ciclo_experimental_1/data/data_crop/train/Arrest006_x264-100daf8e60_0_flip_lr_crop.mp4,0
1477,/content/drive/MyDrive/ucf_experiments/ciclo_experimental_1/data/data_blur/train/Robbery082_x264-3e05cbc51f_0_flip_lr_blur.mp4,/content/drive/MyDrive/ucf_experiments/ciclo_experimental_1/data/data_crop/train/Robbery082_x264-3e05cbc51f_0_flip_lr_crop.mp4,0
1478,/content/drive/MyDrive/ucf_experiments/ciclo_experimental_1/data/data_blur/train/Assault051_x264-cb8a8ab36c_1_flip_lr_blur.mp4,/content/drive/MyDrive/ucf_experiments/ciclo_experimental_1/data/data_crop/train/Assault051_x264-cb8a8ab36c_1_flip_lr_crop.mp4,1
1479,/content/drive/MyDrive/ucf_experiments/ciclo_experimental_1/data/data_blur/train/Fighting036_x264-d9e94ba153_1_flip_lr_blur.mp4,/content/drive/MyDrive/ucf_experiments/ciclo_experimental_1/data/data_crop/train/Fighting036_x264-d9e94ba153_1_flip_lr_crop.mp4,1
1480,/content/drive/MyDrive/ucf_experiments/ciclo_experimental_1/data/data_blur/train/Arrest005_x264-c0bc61ca81_1_flip_lr_blur.mp4,/content/drive/MyDrive/ucf_experiments/ciclo_experimental_1/data/data_crop/train/Arrest005_x264-c0bc61ca81_1_flip_lr_crop.mp4,1
1481,/content/drive/MyDrive/ucf_experiments/ciclo_experimental_1/data/data_blur/train/Robbery026_x264-c3f7c90bb6_0_flip_lr_blur.mp4,/content/drive/MyDrive/ucf_experiments/ciclo_experimental_1/data/data_crop/train/Robbery026_x264-c3f7c90bb6_0_flip_lr_crop.mp4,0
1482,/content/drive/MyDrive/ucf_experiments/ciclo_experimental_1/data/data_blur/train/Fighting019_x264-c0dc53feba_0_flip_lr_blur.mp4,/content/drive/MyDrive/ucf_experiments/ciclo_experimental_1/data/data_crop/train/Fighting019_x264-c0dc53feba_0_flip_lr_crop.mp4,0
1483,/content/drive/MyDrive/ucf_experiments/ciclo_experimental_1/data/data_blur/train/Robbery021_x264-a9064a78bb_0_flip_lr_blur.mp4,/content/drive/MyDrive/ucf_experiments/ciclo_experimental_1/data/data_crop/train/Robbery021_x264-a9064a78bb_0_flip_lr_crop.mp4,0
1484,/content/drive/MyDrive/ucf_experiments/ciclo_experimental_1/data/data_blur/train/Robbery031_x264-03aac3ecf1_0_flip_lr_blur.mp4,/content/drive/MyDrive/ucf_experiments/ciclo_experimental_1/data/data_crop/train/Robbery031_x264-03aac3ecf1_0_flip_lr_crop.mp4,0
1485,/content/drive/MyDrive/ucf_experiments/ciclo_experimental_1/data/data_blur/train/Robbery020_x264-8751caacfe_1_flip_lr_blur.mp4,/content/drive/MyDrive/ucf_experiments/ciclo_experimental_1/data/data_crop/train/Robbery020_x264-8751caacfe_1_flip_lr_crop.mp4,1
1486,/content/drive/MyDrive/ucf_experiments/ciclo_experimental_1/data/data_blur/train/Assault044_x264-54c54aa701_1_flip_lr_blur.mp4,/content/drive/MyDrive/ucf_experiments/ciclo_experimental_1/data/data_crop/train/Assault044_x264-54c54aa701_1_flip_lr_crop.mp4,1
1487,/content/drive/MyDrive/ucf_experiments/ciclo_experimental_1/data/data_blur/train/Fighting035_x264-26b98dc86e_1_flip_lr_blur.mp4,/content/drive/MyDrive/ucf_experiments/ciclo_experimental_1/data/data_crop/train/Fighting035_x264-26b98dc86e_1_flip_lr_crop.mp4,1
1488,/content/drive/MyDrive/ucf_experiments/ciclo_experimental_1/data/data_blur/train/Robbery033_x264-55bb1315f8_1_flip_lr_blur.mp4,/content/drive/MyDrive/ucf_experiments/ciclo_experimental_1/data/data_crop/train/Robbery033_x264-55bb1315f8_1_flip_lr_crop.mp4,1
1489,/content/drive/MyDrive/ucf_experiments/ciclo_experimental_1/data/data_blur/train/Assault001_x264-4f097c0d1c_1_flip_lr_blur.mp4,/content/drive/MyDrive/ucf_experiments/ciclo_experimental_1/data/data_crop/train/Assault001_x264-4f097c0d1c_1_flip_lr_crop.mp4,1
1490,/content/drive/MyDrive/ucf_experiments/ciclo_experimental_1/data/data_blur/train/Abuse038_x264-551c79532a_0_flip_lr_blur.mp4,/content/drive/MyDrive/ucf_experiments/ciclo_experimental_1/data/data_crop/train/Abuse038_x264-551c79532a_0_flip_lr_crop.mp4,0
1491,/content/drive/MyDrive/ucf_experiments/ciclo_experimental_1/data/data_blur/train/Abuse033_x264-5117b99e75_0_flip_lr_blur.mp4,/content/drive/MyDrive/ucf_experiments/ciclo_experimental_1/data/data_crop/train/Abuse033_x264-5117b99e75_0_flip_lr_crop.mp4,0
1492,/content/drive/MyDrive/ucf_experiments/ciclo_experimental_1/data/data_blur/train/Arrest023_x264-fd9c16b167_0_flip_lr_blur.mp4,/content/drive/MyDrive/ucf_experiments/ciclo_experimental_1/data/data_crop/train/Arrest023_x264-fd9c16b167_0_flip_lr_crop.mp4,0
1493,/content/drive/MyDrive/ucf_experiments/ciclo_experimental_1/data/data_blur/train/Assault008_x264-4c8f128184_0_flip_lr_blur.mp4,/content/drive/MyDrive/ucf_experiments/ciclo_experimental_1/data/data_crop/train/Assault008_x264-4c8f128184_0_flip_lr_crop.mp4,0
1494,/content/drive/MyDrive/ucf_experiments/ciclo_experimental_1/data/data_blur/train/Abuse011_x264-5364e197c1_1_flip_lr_blur.mp4,/content/drive/MyDrive/ucf_experiments/ciclo_experimental_1/data/data_crop/train/Abuse011_x264-5364e197c1_1_flip_lr_crop.mp4,1
1495,/content/drive/MyDrive/ucf_experiments/ciclo_experimental_1/data/data_blur/train/Arrest029_x264-e14e1841aa_0_flip_lr_blur.mp4,/content/drive/MyDrive/ucf_experiments/ciclo_experimental_1/data/data_crop/train/Arrest029_x264-e14e1841aa_0_flip_lr_crop.mp4,0
1496,/content/drive/MyDrive/ucf_experiments/ciclo_experimental_1/data/data_blur/train/Robbery067_x264-4499855429_0_flip_lr_blur.mp4,/content/drive/MyDrive/ucf_experiments/ciclo_experimental_1/data/data_crop/train/Robbery067_x264-4499855429_0_flip_lr_crop.mp4,0
1497,/content/drive/MyDrive/ucf_experiments/ciclo_experimental_1/data/data_blur/train/Fighting044_x264-0d08e5dc3d_1_flip_lr_blur.mp4,/content/drive/MyDrive/ucf_experiments/ciclo_experimental_1/data/data_crop/train/Fighting044_x264-0d08e5dc3d_1_flip_lr_crop.mp4,1
1498,/content/drive/MyDrive/ucf_experiments/ciclo_experimental_1/data/data_blur/train/Fighting030_x264-3ddbacaf97_1_flip_lr_blur.mp4,/content/drive/MyDrive/ucf_experiments/ciclo_experimental_1/data/data_crop/train/Fighting030_x264-3ddbacaf97_1_flip_lr_crop.mp4,1
1499,/content/drive/MyDrive/ucf_experiments/ciclo_experimental_1/data/data_blur/train/Abuse039_x264-f07127e3c1_1_flip_lr_blur.mp4,/content/drive/MyDrive/ucf_experiments/ciclo_experimental_1/data/data_crop/train/Abuse039_x264-f07127e3c1_1_flip_lr_crop.mp4,1
1500,/content/drive/MyDrive/ucf_experiments/ciclo_experimental_1/data/data_blur/train/Fighting039_x264-224397b1b5_1_flip_lr_blur.mp4,/content/drive/MyDrive/ucf_experiments/ciclo_experimental_1/data/data_crop/train/Fighting039_x264-224397b1b5_1_flip_lr_crop.mp4,1
1501,/content/drive/MyDrive/ucf_experiments/ciclo_experimental_1/data/data_blur/train/Robbery051_x264-d1c16a10ac_1_flip_lr_blur.mp4,/content/drive/MyDrive/ucf_experiments/ciclo_experimental_1/data/data_crop/train/Robbery051_x264-d1c16a10ac_1_flip_lr_crop.mp4,1
1502,/content/drive/MyDrive/ucf_experiments/ciclo_experimental_1/data/data_blur/train/Robbery056_x264-8bc0961c59_1_flip_lr_blur.mp4,/content/drive/MyDrive/ucf_experiments/ciclo_experimental_1/data/data_crop/train/Robbery056_x264-8bc0961c59_1_flip_lr_crop.mp4,1
1503,/content/drive/MyDrive/ucf_experiments/ciclo_experimental_1/data/data_blur/train/Robbery088_x264-e3f8eb3b26_1_flip_lr_blur.mp4,/content/drive/MyDrive/ucf_experiments/ciclo_experimental_1/data/data_crop/train/Robbery088_x264-e3f8eb3b26_1_flip_lr_crop.mp4,1
1504,/content/drive/MyDrive/ucf_experiments/ciclo_experimental_1/data/data_blur/train/Fighting010_x264-38eeae1a8a_0_flip_lr_blur.mp4,/content/drive/MyDrive/ucf_experiments/ciclo_experimental_1/data/data_crop/train/Fighting010_x264-38eeae1a8a_0_flip_lr_crop.mp4,0
1505,/content/drive/MyDrive/ucf_experiments/ciclo_experimental_1/data/data_blur/train/Assault031_x264-b12dc5f35e_0_flip_lr_blur.mp4,/content/drive/MyDrive/ucf_experiments/ciclo_experimental_1/data/data_crop/train/Assault031_x264-b12dc5f35e_0_flip_lr_crop.mp4,0
1506,/content/drive/MyDrive/ucf_experiments/ciclo_experimental_1/data/data_blur/train/Fighting004_x264-0bcba16fdc_1_flip_lr_blur.mp4,/content/drive/MyDrive/ucf_experiments/ciclo_experimental_1/data/data_crop/train/Fighting004_x264-0bcba16fdc_1_flip_lr_crop.mp4,1
1507,/content/drive/MyDrive/ucf_experiments/ciclo_experimental_1/data/data_blur/train/Robbery095_x264-35b8efbd14_0_flip_lr_blur.mp4,/content/drive/MyDrive/ucf_experiments/ciclo_experimental_1/data/data_crop/train/Robbery095_x264-35b8efbd14_0_flip_lr_crop.mp4,0
1508,/content/drive/MyDrive/ucf_experiments/ciclo_experimental_1/data/data_blur/train/Abuse036_x264-6bb9f4b1a4_0_flip_lr_blur.mp4,/content/drive/MyDrive/ucf_experiments/ciclo_experimental_1/data/data_crop/train/Abuse036_x264-6bb9f4b1a4_0_flip_lr_crop.mp4,0
1509,/content/drive/MyDrive/ucf_experiments/ciclo_experimental_1/data/data_blur/train/Arrest004_x264-59d220c04a_0_flip_lr_blur.mp4,/content/drive/MyDrive/ucf_experiments/ciclo_experimental_1/data/data_crop/train/Arrest004_x264-59d220c04a_0_flip_lr_crop.mp4,0
1510,/content/drive/MyDrive/ucf_experiments/ciclo_experimental_1/data/data_blur/train/Robbery088_x264-667c7832df_1_flip_lr_blur.mp4,/content/drive/MyDrive/ucf_experiments/ciclo_experimental_1/data/data_crop/train/Robbery088_x264-667c7832df_1_flip_lr_crop.mp4,1
1511,/content/drive/MyDrive/ucf_experiments/ciclo_experimental_1/data/data_blur/train/Abuse010_x264-ddd002addc_1_flip_lr_blur.mp4,/content/drive/MyDrive/ucf_experiments/ciclo_experimental_1/data/data_crop/train/Abuse010_x264-ddd002addc_1_flip_lr_crop.mp4,1
1512,/content/drive/MyDrive/ucf_experiments/ciclo_experimental_1/data/data_blur/train/Fighting008_x264-a8669f958e_0_flip_lr_blur.mp4,/content/drive/MyDrive/ucf_experiments/ciclo_experimental_1/data/data_crop/train/Fighting008_x264-a8669f958e_0_flip_lr_crop.mp4,0
1513,/content/drive/MyDrive/ucf_experiments/ciclo_experimental_1/data/data_blur/train/Arrest048_x264-1c31266664_1_flip_lr_blur.mp4,/content/drive/MyDrive/ucf_experiments/ciclo_experimental_1/data/data_crop/train/Arrest048_x264-1c31266664_1_flip_lr_crop.mp4,1
1514,/content/drive/MyDrive/ucf_experiments/ciclo_experimental_1/data/data_blur/train/Abuse009_x264-dda806d7b9_1_flip_lr_blur.mp4,/content/drive/MyDrive/ucf_experiments/ciclo_experimental_1/data/data_crop/train/Abuse009_x264-dda806d7b9_1_flip_lr_crop.mp4,1
1515,/content/drive/MyDrive/ucf_experiments/ciclo_experimental_1/data/data_blur/train/Assault026_x264-4c7019318a_1_flip_lr_blur.mp4,/content/drive/MyDrive/ucf_experiments/ciclo_experimental_1/data/data_crop/train/Assault026_x264-4c7019318a_1_flip_lr_crop.mp4,1
1516,/content/drive/MyDrive/ucf_experiments/ciclo_experimental_1/data/data_blur/train/Robbery011_x264-e398ff144c_1_flip_lr_blur.mp4,/content/drive/MyDrive/ucf_experiments/ciclo_experimental_1/data/data_crop/train/Robbery011_x264-e398ff144c_1_flip_lr_crop.mp4,1
1517,/content/drive/MyDrive/ucf_experiments/ciclo_experimental_1/data/data_blur/train/Robbery099_x264-a4a95dcb9d_1_flip_lr_blur.mp4,/content/drive/MyDrive/ucf_experiments/ciclo_experimental_1/data/data_crop/train/Robbery099_x264-a4a95dcb9d_1_flip_lr_crop.mp4,1
1518,/content/drive/MyDrive/ucf_experiments/ciclo_experimental_1/data/data_blur/train/Robbery030_x264-c0d537457a_0_flip_lr_blur.mp4,/content/drive/MyDrive/ucf_experiments/ciclo_experimental_1/data/data_crop/train/Robbery030_x264-c0d537457a_0_flip_lr_crop.mp4,0
1519,/content/drive/MyDrive/ucf_experiments/ciclo_experimental_1/data/data_blur/train/Abuse048_x264-8cf129ddc4_1_flip_lr_blur.mp4,/content/drive/MyDrive/ucf_experiments/ciclo_experimental_1/data/data_crop/train/Abuse048_x264-8cf129ddc4_1_flip_lr_crop.mp4,1
1520,/content/drive/MyDrive/ucf_experiments/ciclo_experimental_1/data/data_blur/train/Abuse048_x264-af141b3b8b_0_flip_lr_blur.mp4,/content/drive/MyDrive/ucf_experiments/ciclo_experimental_1/data/data_crop/train/Abuse048_x264-af141b3b8b_0_flip_lr_crop.mp4,0
1521,/content/drive/MyDrive/ucf_experiments/ciclo_experimental_1/data/data_blur/train/Assault022_x264-be80edba41_0_flip_lr_blur.mp4,/content/drive/MyDrive/ucf_experiments/ciclo_experimental_1/data/data_crop/train/Assault022_x264-be80edba41_0_flip_lr_crop.mp4,0
1522,/content/drive/MyDrive/ucf_experiments/ciclo_experimental_1/data/data_blur/train/Arrest018_x264-d4ecf13e38_0_flip_lr_blur.mp4,/content/drive/MyDrive/ucf_experiments/ciclo_experimental_1/data/data_crop/train/Arrest018_x264-d4ecf13e38_0_flip_lr_crop.mp4,0
1523,/content/drive/MyDrive/ucf_experiments/ciclo_experimental_1/data/data_blur/train/Abuse015_x264-76dad8cb2c_1_flip_lr_blur.mp4,/content/drive/MyDrive/ucf_experiments/ciclo_experimental_1/data/data_crop/train/Abuse015_x264-76dad8cb2c_1_flip_lr_crop.mp4,1
1524,/content/drive/MyDrive/ucf_experiments/ciclo_experimental_1/data/data_blur/train/Robbery071_x264-6784de9f91_0_flip_lr_blur.mp4,/content/drive/MyDrive/ucf_experiments/ciclo_experimental_1/data/data_crop/train/Robbery071_x264-6784de9f91_0_flip_lr_crop.mp4,0
1525,/content/drive/MyDrive/ucf_experiments/ciclo_experimental_1/data/data_blur/train/Robbery033_x264-21f22a0a69_1_flip_lr_blur.mp4,/content/drive/MyDrive/ucf_experiments/ciclo_experimental_1/data/data_crop/train/Robbery033_x264-21f22a0a69_1_flip_lr_crop.mp4,1
1526,/content/drive/MyDrive/ucf_experiments/ciclo_experimental_1/data/data_blur/train/Abuse040_x264-4cc9915cf9_1_flip_lr_blur.mp4,/content/drive/MyDrive/ucf_experiments/ciclo_experimental_1/data/data_crop/train/Abuse040_x264-4cc9915cf9_1_flip_lr_crop.mp4,1
1527,/content/drive/MyDrive/ucf_experiments/ciclo_experimental_1/data/data_blur/train/Assault022_x264-6211eb8e23_0_flip_lr_blur.mp4,/content/drive/MyDrive/ucf_experiments/ciclo_experimental_1/data/data_crop/train/Assault022_x264-6211eb8e23_0_flip_lr_crop.mp4,0
1528,/content/drive/MyDrive/ucf_experiments/ciclo_experimental_1/data/data_blur/train/Assault003_x264-cd1d47fc16_1_flip_lr_blur.mp4,/content/drive/MyDrive/ucf_experiments/ciclo_experimental_1/data/data_crop/train/Assault003_x264-cd1d47fc16_1_flip_lr_crop.mp4,1
1529,/content/drive/MyDrive/ucf_experiments/ciclo_experimental_1/data/data_blur/train/Abuse016_x264-66aea6007f_0_flip_lr_blur.mp4,/content/drive/MyDrive/ucf_experiments/ciclo_experimental_1/data/data_crop/train/Abuse016_x264-66aea6007f_0_flip_lr_crop.mp4,0
1530,/content/drive/MyDrive/ucf_experiments/ciclo_experimental_1/data/data_blur/train/Abuse008_x264-5e990dbd0a_1_flip_lr_blur.mp4,/content/drive/MyDrive/ucf_experiments/ciclo_experimental_1/data/data_crop/train/Abuse008_x264-5e990dbd0a_1_flip_lr_crop.mp4,1
1531,/content/drive/MyDrive/ucf_experiments/ciclo_experimental_1/data/data_blur/train/Robbery051_x264-82fc216669_1_flip_lr_blur.mp4,/content/drive/MyDrive/ucf_experiments/ciclo_experimental_1/data/data_crop/train/Robbery051_x264-82fc216669_1_flip_lr_crop.mp4,1
1532,/content/drive/MyDrive/ucf_experiments/ciclo_experimental_1/data/data_blur/train/Robbery058_x264-1d5197f3c7_1_flip_lr_blur.mp4,/content/drive/MyDrive/ucf_experiments/ciclo_experimental_1/data/data_crop/train/Robbery058_x264-1d5197f3c7_1_flip_lr_crop.mp4,1
1533,/content/drive/MyDrive/ucf_experiments/ciclo_experimental_1/data/data_blur/train/Robbery100_x264-e382443a4a_1_flip_lr_blur.mp4,/content/drive/MyDrive/ucf_experiments/ciclo_experimental_1/data/data_crop/train/Robbery100_x264-e382443a4a_1_flip_lr_crop.mp4,1
1534,/content/drive/MyDrive/ucf_experiments/ciclo_experimental_1/data/data_blur/train/Arrest037_x264-6af21a52df_1_flip_lr_blur.mp4,/content/drive/MyDrive/ucf_experiments/ciclo_experimental_1/data/data_crop/train/Arrest037_x264-6af21a52df_1_flip_lr_crop.mp4,1
1535,/content/drive/MyDrive/ucf_experiments/ciclo_experimental_1/data/data_blur/train/Robbery060_x264-8e020f66be_0_flip_lr_blur.mp4,/content/drive/MyDrive/ucf_experiments/ciclo_experimental_1/data/data_crop/train/Robbery060_x264-8e020f66be_0_flip_lr_crop.mp4,0
1536,/content/drive/MyDrive/ucf_experiments/ciclo_experimental_1/data/data_blur/train/Assault041_x264-65d1f0c973_0_flip_lr_blur.mp4,/content/drive/MyDrive/ucf_experiments/ciclo_experimental_1/data/data_crop/train/Assault041_x264-65d1f0c973_0_flip_lr_crop.mp4,0
1537,/content/drive/MyDrive/ucf_experiments/ciclo_experimental_1/data/data_blur/train/Assault047_x264-418cc941f5_0_flip_lr_blur.mp4,/content/drive/MyDrive/ucf_experiments/ciclo_experimental_1/data/data_crop/train/Assault047_x264-418cc941f5_0_flip_lr_crop.mp4,0
1538,/content/drive/MyDrive/ucf_experiments/ciclo_experimental_1/data/data_blur/train/Robbery032_x264-3a3716db97_0_flip_lr_blur.mp4,/content/drive/MyDrive/ucf_experiments/ciclo_experimental_1/data/data_crop/train/Robbery032_x264-3a3716db97_0_flip_lr_crop.mp4,0
1539,/content/drive/MyDrive/ucf_experiments/ciclo_experimental_1/data/data_blur/train/Fighting050_x264-1c382de5de_1_flip_lr_blur.mp4,/content/drive/MyDrive/ucf_experiments/ciclo_experimental_1/data/data_crop/train/Fighting050_x264-1c382de5de_1_flip_lr_crop.mp4,1
1540,/content/drive/MyDrive/ucf_experiments/ciclo_experimental_1/data/data_blur/train/Fighting024_x264-9aa8b32ca7_1_flip_lr_blur.mp4,/content/drive/MyDrive/ucf_experiments/ciclo_experimental_1/data/data_crop/train/Fighting024_x264-9aa8b32ca7_1_flip_lr_crop.mp4,1
1541,/content/drive/MyDrive/ucf_experiments/ciclo_experimental_1/data/data_blur/train/Robbery057_x264-95022cdf33_0_flip_lr_blur.mp4,/content/drive/MyDrive/ucf_experiments/ciclo_experimental_1/data/data_crop/train/Robbery057_x264-95022cdf33_0_flip_lr_crop.mp4,0
1542,/content/drive/MyDrive/ucf_experiments/ciclo_experimental_1/data/data_blur/train/Assault042_x264-229b6e106d_1_flip_lr_blur.mp4,/content/drive/MyDrive/ucf_experiments/ciclo_experimental_1/data/data_crop/train/Assault042_x264-229b6e106d_1_flip_lr_crop.mp4,1
1543,/content/drive/MyDrive/ucf_experiments/ciclo_experimental_1/data/data_blur/train/Assault029_x264-8549abf900_1_flip_lr_blur.mp4,/content/drive/MyDrive/ucf_experiments/ciclo_experimental_1/data/data_crop/train/Assault029_x264-8549abf900_1_flip_lr_crop.mp4,1
1544,/content/drive/MyDrive/ucf_experiments/ciclo_experimental_1/data/data_blur/train/Assault016_x264-c55088a2f8_1_flip_lr_blur.mp4,/content/drive/MyDrive/ucf_experiments/ciclo_experimental_1/data/data_crop/train/Assault016_x264-c55088a2f8_1_flip_lr_crop.mp4,1
1545,/content/drive/MyDrive/ucf_experiments/ciclo_experimental_1/data/data_blur/train/Abuse044_x264-9e89969b1a_0_flip_lr_blur.mp4,/content/drive/MyDrive/ucf_experiments/ciclo_experimental_1/data/data_crop/train/Abuse044_x264-9e89969b1a_0_flip_lr_crop.mp4,0
1546,/content/drive/MyDrive/ucf_experiments/ciclo_experimental_1/data/data_blur/train/Robbery087_x264-5f666d5c8f_0_flip_lr_blur.mp4,/content/drive/MyDrive/ucf_experiments/ciclo_experimental_1/data/data_crop/train/Robbery087_x264-5f666d5c8f_0_flip_lr_crop.mp4,0
1547,/content/drive/MyDrive/ucf_experiments/ciclo_experimental_1/data/data_blur/train/Robbery001_x264-37aa434464_0_flip_lr_blur.mp4,/content/drive/MyDrive/ucf_experiments/ciclo_experimental_1/data/data_crop/train/Robbery001_x264-37aa434464_0_flip_lr_crop.mp4,0
1548,/content/drive/MyDrive/ucf_experiments/ciclo_experimental_1/data/data_blur/train/Abuse027_x264-28f7d53058_0_flip_lr_blur.mp4,/content/drive/MyDrive/ucf_experiments/ciclo_experimental_1/data/data_crop/train/Abuse027_x264-28f7d53058_0_flip_lr_crop.mp4,0
1549,/content/drive/MyDrive/ucf_experiments/ciclo_experimental_1/data/data_blur/train/Fighting040_x264-becb09a288_0_flip_lr_blur.mp4,/content/drive/MyDrive/ucf_experiments/ciclo_experimental_1/data/data_crop/train/Fighting040_x264-becb09a288_0_flip_lr_crop.mp4,0
1550,/content/drive/MyDrive/ucf_experiments/ciclo_experimental_1/data/data_blur/train/Robbery085_x264-2fc9df1e50_0_flip_lr_blur.mp4,/content/drive/MyDrive/ucf_experiments/ciclo_experimental_1/data/data_crop/train/Robbery085_x264-2fc9df1e50_0_flip_lr_crop.mp4,0
1551,/content/drive/MyDrive/ucf_experiments/ciclo_experimental_1/data/data_blur/train/Robbery056_x264-e38edc8997_1_flip_lr_blur.mp4,/content/drive/MyDrive/ucf_experiments/ciclo_experimental_1/data/data_crop/train/Robbery056_x264-e38edc8997_1_flip_lr_crop.mp4,1
1552,/content/drive/MyDrive/ucf_experiments/ciclo_experimental_1/data/data_blur/train/Assault019_x264-31f63ff158_1_flip_lr_blur.mp4,/content/drive/MyDrive/ucf_experiments/ciclo_experimental_1/data/data_crop/train/Assault019_x264-31f63ff158_1_flip_lr_crop.mp4,1
1553,/content/drive/MyDrive/ucf_experiments/ciclo_experimental_1/data/data_blur/train/Robbery002_x264-18c60636d4_0_flip_lr_blur.mp4,/content/drive/MyDrive/ucf_experiments/ciclo_experimental_1/data/data_crop/train/Robbery002_x264-18c60636d4_0_flip_lr_crop.mp4,0
1554,/content/drive/MyDrive/ucf_experiments/ciclo_experimental_1/data/data_blur/train/Assault049_x264-cca4198d9f_1_flip_lr_blur.mp4,/content/drive/MyDrive/ucf_experiments/ciclo_experimental_1/data/data_crop/train/Assault049_x264-cca4198d9f_1_flip_lr_crop.mp4,1
1555,/content/drive/MyDrive/ucf_experiments/ciclo_experimental_1/data/data_blur/train/Robbery033_x264-fbb0ea74a3_1_flip_lr_blur.mp4,/content/drive/MyDrive/ucf_experiments/ciclo_experimental_1/data/data_crop/train/Robbery033_x264-fbb0ea74a3_1_flip_lr_crop.mp4,1
1556,/content/drive/MyDrive/ucf_experiments/ciclo_experimental_1/data/data_blur/train/Robbery019_x264-b7592a57f7_1_flip_lr_blur.mp4,/content/drive/MyDrive/ucf_experiments/ciclo_experimental_1/data/data_crop/train/Robbery019_x264-b7592a57f7_1_flip_lr_crop.mp4,1
1557,/content/drive/MyDrive/ucf_experiments/ciclo_experimental_1/data/data_blur/train/Fighting036_x264-6791180231_1_flip_lr_blur.mp4,/content/drive/MyDrive/ucf_experiments/ciclo_experimental_1/data/data_crop/train/Fighting036_x264-6791180231_1_flip_lr_crop.mp4,1
1558,/content/drive/MyDrive/ucf_experiments/ciclo_experimental_1/data/data_blur/train/Arrest049_x264-b2a18e2050_1_flip_lr_blur.mp4,/content/drive/MyDrive/ucf_experiments/ciclo_experimental_1/data/data_crop/train/Arrest049_x264-b2a18e2050_1_flip_lr_crop.mp4,1
1559,/content/drive/MyDrive/ucf_experiments/ciclo_experimental_1/data/data_blur/train/Robbery049_x264-6e75454af5_1_flip_lr_blur.mp4,/content/drive/MyDrive/ucf_experiments/ciclo_experimental_1/data/data_crop/train/Robbery049_x264-6e75454af5_1_flip_lr_crop.mp4,1
1560,/content/drive/MyDrive/ucf_experiments/ciclo_experimental_1/data/data_blur/train/Arrest006_x264-adf5e604f7_1_flip_lr_blur.mp4,/content/drive/MyDrive/ucf_experiments/ciclo_experimental_1/data/data_crop/train/Arrest006_x264-adf5e604f7_1_flip_lr_crop.mp4,1
1561,/content/drive/MyDrive/ucf_experiments/ciclo_experimental_1/data/data_blur/train/Assault014_x264-577dd633ca_0_flip_lr_blur.mp4,/content/drive/MyDrive/ucf_experiments/ciclo_experimental_1/data/data_crop/train/Assault014_x264-577dd633ca_0_flip_lr_crop.mp4,0
1562,/content/drive/MyDrive/ucf_experiments/ciclo_experimental_1/data/data_blur/train/Abuse038_x264-118a689a5c_0_flip_lr_blur.mp4,/content/drive/MyDrive/ucf_experiments/ciclo_experimental_1/data/data_crop/train/Abuse038_x264-118a689a5c_0_flip_lr_crop.mp4,0
1563,/content/drive/MyDrive/ucf_experiments/ciclo_experimental_1/data/data_blur/train/Robbery062_x264-d8ac59cac0_0_flip_lr_blur.mp4,/content/drive/MyDrive/ucf_experiments/ciclo_experimental_1/data/data_crop/train/Robbery062_x264-d8ac59cac0_0_flip_lr_crop.mp4,0
1564,/content/drive/MyDrive/ucf_experiments/ciclo_experimental_1/data/data_blur/train/Arrest023_x264-5a7e886df6_1_flip_lr_blur.mp4,/content/drive/MyDrive/ucf_experiments/ciclo_experimental_1/data/data_crop/train/Arrest023_x264-5a7e886df6_1_flip_lr_crop.mp4,1
1565,/content/drive/MyDrive/ucf_experiments/ciclo_experimental_1/data/data_blur/train/Robbery058_x264-26d6dcd320_1_flip_lr_blur.mp4,/content/drive/MyDrive/ucf_experiments/ciclo_experimental_1/data/data_crop/train/Robbery058_x264-26d6dcd320_1_flip_lr_crop.mp4,1
1566,/content/drive/MyDrive/ucf_experiments/ciclo_experimental_1/data/data_blur/train/Fighting013_x264-32befaedc8_1_flip_lr_blur.mp4,/content/drive/MyDrive/ucf_experiments/ciclo_experimental_1/data/data_crop/train/Fighting013_x264-32befaedc8_1_flip_lr_crop.mp4,1
1567,/content/drive/MyDrive/ucf_experiments/ciclo_experimental_1/data/data_blur/train/Assault005_x264-025ce08e94_1_flip_lr_blur.mp4,/content/drive/MyDrive/ucf_experiments/ciclo_experimental_1/data/data_crop/train/Assault005_x264-025ce08e94_1_flip_lr_crop.mp4,1
1568,/content/drive/MyDrive/ucf_experiments/ciclo_experimental_1/data/data_blur/train/Robbery020_x264-188d1cdf8a_0_flip_lr_blur.mp4,/content/drive/MyDrive/ucf_experiments/ciclo_experimental_1/data/data_crop/train/Robbery020_x264-188d1cdf8a_0_flip_lr_crop.mp4,0
1569,/content/drive/MyDrive/ucf_experiments/ciclo_experimental_1/data/data_blur/train/Fighting010_x264-a7b2773a94_0_flip_lr_blur.mp4,/content/drive/MyDrive/ucf_experiments/ciclo_experimental_1/data/data_crop/train/Fighting010_x264-a7b2773a94_0_flip_lr_crop.mp4,0
1570,/content/drive/MyDrive/ucf_experiments/ciclo_experimental_1/data/data_blur/train/Robbery076_x264-3cf59c83f5_0_flip_lr_blur.mp4,/content/drive/MyDrive/ucf_experiments/ciclo_experimental_1/data/data_crop/train/Robbery076_x264-3cf59c83f5_0_flip_lr_crop.mp4,0
1571,/content/drive/MyDrive/ucf_experiments/ciclo_experimental_1/data/data_blur/train/Robbery009_x264-11121674e6_0_flip_lr_blur.mp4,/content/drive/MyDrive/ucf_experiments/ciclo_experimental_1/data/data_crop/train/Robbery009_x264-11121674e6_0_flip_lr_crop.mp4,0
1572,/content/drive/MyDrive/ucf_experiments/ciclo_experimental_1/data/data_blur/train/Fighting049_x264-8fe2bd670e_0_flip_lr_blur.mp4,/content/drive/MyDrive/ucf_experiments/ciclo_experimental_1/data/data_crop/train/Fighting049_x264-8fe2bd670e_0_flip_lr_crop.mp4,0
1573,/content/drive/MyDrive/ucf_experiments/ciclo_experimental_1/data/data_blur/train/Assault017_x264-c49f9dbba1_1_flip_lr_blur.mp4,/content/drive/MyDrive/ucf_experiments/ciclo_experimental_1/data/data_crop/train/Assault017_x264-c49f9dbba1_1_flip_lr_crop.mp4,1
1574,/content/drive/MyDrive/ucf_experiments/ciclo_experimental_1/data/data_blur/train/Assault035_x264-1ccad2277c_1_flip_lr_blur.mp4,/content/drive/MyDrive/ucf_experiments/ciclo_experimental_1/data/data_crop/train/Assault035_x264-1ccad2277c_1_flip_lr_crop.mp4,1
1575,/content/drive/MyDrive/ucf_experiments/ciclo_experimental_1/data/data_blur/train/Robbery030_x264-ee5ac8800b_0_flip_lr_blur.mp4,/content/drive/MyDrive/ucf_experiments/ciclo_experimental_1/data/data_crop/train/Robbery030_x264-ee5ac8800b_0_flip_lr_crop.mp4,0
1576,/content/drive/MyDrive/ucf_experiments/ciclo_experimental_1/data/data_blur/train/Robbery081_x264-dcf4ac20cf_1_flip_lr_blur.mp4,/content/drive/MyDrive/ucf_experiments/ciclo_experimental_1/data/data_crop/train/Robbery081_x264-dcf4ac20cf_1_flip_lr_crop.mp4,1
1577,/content/drive/MyDrive/ucf_experiments/ciclo_experimental_1/data/data_blur/train/Abuse006_x264-7031db04a1_1_flip_lr_blur.mp4,/content/drive/MyDrive/ucf_experiments/ciclo_experimental_1/data/data_crop/train/Abuse006_x264-7031db04a1_1_flip_lr_crop.mp4,1
1578,/content/drive/MyDrive/ucf_experiments/ciclo_experimental_1/data/data_blur/train/Fighting006_x264-76c8fb1161_1_flip_lr_blur.mp4,/content/drive/MyDrive/ucf_experiments/ciclo_experimental_1/data/data_crop/train/Fighting006_x264-76c8fb1161_1_flip_lr_crop.mp4,1
1579,/content/drive/MyDrive/ucf_experiments/ciclo_experimental_1/data/data_blur/train/Abuse003_x264-dc31398af2_0_flip_lr_blur.mp4,/content/drive/MyDrive/ucf_experiments/ciclo_experimental_1/data/data_crop/train/Abuse003_x264-dc31398af2_0_flip_lr_crop.mp4,0
1580,/content/drive/MyDrive/ucf_experiments/ciclo_experimental_1/data/data_blur/train/Robbery051_x264-9f18e2b5a3_1_flip_lr_blur.mp4,/content/drive/MyDrive/ucf_experiments/ciclo_experimental_1/data/data_crop/train/Robbery051_x264-9f18e2b5a3_1_flip_lr_crop.mp4,1
1581,/content/drive/MyDrive/ucf_experiments/ciclo_experimental_1/data/data_blur/train/Assault008_x264-4383dbb861_0_flip_lr_blur.mp4,/content/drive/MyDrive/ucf_experiments/ciclo_experimental_1/data/data_crop/train/Assault008_x264-4383dbb861_0_flip_lr_crop.mp4,0
1582,/content/drive/MyDrive/ucf_experiments/ciclo_experimental_1/data/data_blur/train/Arrest005_x264-9bf9ff4974_1_flip_lr_blur.mp4,/content/drive/MyDrive/ucf_experiments/ciclo_experimental_1/data/data_crop/train/Arrest005_x264-9bf9ff4974_1_flip_lr_crop.mp4,1
1583,/content/drive/MyDrive/ucf_experiments/ciclo_experimental_1/data/data_blur/train/Fighting027_x264-ab925d5b2e_1_flip_lr_blur.mp4,/content/drive/MyDrive/ucf_experiments/ciclo_experimental_1/data/data_crop/train/Fighting027_x264-ab925d5b2e_1_flip_lr_crop.mp4,1
1584,/content/drive/MyDrive/ucf_experiments/ciclo_experimental_1/data/data_blur/train/Robbery072_x264-e9628ff95e_0_flip_lr_blur.mp4,/content/drive/MyDrive/ucf_experiments/ciclo_experimental_1/data/data_crop/train/Robbery072_x264-e9628ff95e_0_flip_lr_crop.mp4,0
1585,/content/drive/MyDrive/ucf_experiments/ciclo_experimental_1/data/data_blur/train/Robbery008_x264-5437db2d6f_1_flip_lr_blur.mp4,/content/drive/MyDrive/ucf_experiments/ciclo_experimental_1/data/data_crop/train/Robbery008_x264-5437db2d6f_1_flip_lr_crop.mp4,1
1586,/content/drive/MyDrive/ucf_experiments/ciclo_experimental_1/data/data_blur/train/Abuse031_x264-52d977cec6_1_flip_lr_blur.mp4,/content/drive/MyDrive/ucf_experiments/ciclo_experimental_1/data/data_crop/train/Abuse031_x264-52d977cec6_1_flip_lr_crop.mp4,1
1587,/content/drive/MyDrive/ucf_experiments/ciclo_experimental_1/data/data_blur/train/Arrest023_x264-06cbce305c_1_flip_lr_blur.mp4,/content/drive/MyDrive/ucf_experiments/ciclo_experimental_1/data/data_crop/train/Arrest023_x264-06cbce305c_1_flip_lr_crop.mp4,1
1588,/content/drive/MyDrive/ucf_experiments/ciclo_experimental_1/data/data_blur/train/Fighting036_x264-30d297d6ad_1_flip_lr_blur.mp4,/content/drive/MyDrive/ucf_experiments/ciclo_experimental_1/data/data_crop/train/Fighting036_x264-30d297d6ad_1_flip_lr_crop.mp4,1
1589,/content/drive/MyDrive/ucf_experiments/ciclo_experimental_1/data/data_blur/train/Fighting036_x264-0c22ec2f81_1_flip_lr_blur.mp4,/content/drive/MyDrive/ucf_experiments/ciclo_experimental_1/data/data_crop/train/Fighting036_x264-0c22ec2f81_1_flip_lr_crop.mp4,1
1590,/content/drive/MyDrive/ucf_experiments/ciclo_experimental_1/data/data_blur/train/Arrest017_x264-11e9f19b6f_0_flip_lr_blur.mp4,/content/drive/MyDrive/ucf_experiments/ciclo_experimental_1/data/data_crop/train/Arrest017_x264-11e9f19b6f_0_flip_lr_crop.mp4,0
1591,/content/drive/MyDrive/ucf_experiments/ciclo_experimental_1/data/data_blur/train/Robbery043_x264-f81f06ab6e_1_flip_lr_blur.mp4,/content/drive/MyDrive/ucf_experiments/ciclo_experimental_1/data/data_crop/train/Robbery043_x264-f81f06ab6e_1_flip_lr_crop.mp4,1
1592,/content/drive/MyDrive/ucf_experiments/ciclo_experimental_1/data/data_blur/train/Arrest018_x264-a8d8a8c252_0_flip_lr_blur.mp4,/content/drive/MyDrive/ucf_experiments/ciclo_experimental_1/data/data_crop/train/Arrest018_x264-a8d8a8c252_0_flip_lr_crop.mp4,0
1593,/content/drive/MyDrive/ucf_experiments/ciclo_experimental_1/data/data_blur/train/Robbery034_x264-d0c64043c3_1_flip_lr_blur.mp4,/content/drive/MyDrive/ucf_experiments/ciclo_experimental_1/data/data_crop/train/Robbery034_x264-d0c64043c3_1_flip_lr_crop.mp4,1
1594,/content/drive/MyDrive/ucf_experiments/ciclo_experimental_1/data/data_blur/train/Assault016_x264-d6f6e93f20_0_flip_lr_blur.mp4,/content/drive/MyDrive/ucf_experiments/ciclo_experimental_1/data/data_crop/train/Assault016_x264-d6f6e93f20_0_flip_lr_crop.mp4,0
1595,/content/drive/MyDrive/ucf_experiments/ciclo_experimental_1/data/data_blur/train/Abuse010_x264-729e827f95_1_flip_lr_blur.mp4,/content/drive/MyDrive/ucf_experiments/ciclo_experimental_1/data/data_crop/train/Abuse010_x264-729e827f95_1_flip_lr_crop.mp4,1
1596,/content/drive/MyDrive/ucf_experiments/ciclo_experimental_1/data/data_blur/train/Abuse008_x264-cdf84593a6_0_flip_lr_blur.mp4,/content/drive/MyDrive/ucf_experiments/ciclo_experimental_1/data/data_crop/train/Abuse008_x264-cdf84593a6_0_flip_lr_crop.mp4,0
1597,/content/drive/MyDrive/ucf_experiments/ciclo_experimental_1/data/data_blur/train/Fighting024_x264-d5d1e34eab_0_flip_lr_blur.mp4,/content/drive/MyDrive/ucf_experiments/ciclo_experimental_1/data/data_crop/train/Fighting024_x264-d5d1e34eab_0_flip_lr_crop.mp4,0
1598,/content/drive/MyDrive/ucf_experiments/ciclo_experimental_1/data/data_blur/train/Robbery051_x264-2327144036_1_flip_lr_blur.mp4,/content/drive/MyDrive/ucf_experiments/ciclo_experimental_1/data/data_crop/train/Robbery051_x264-2327144036_1_flip_lr_crop.mp4,1
1599,/content/drive/MyDrive/ucf_experiments/ciclo_experimental_1/data/data_blur/train/Robbery031_x264-e0cf4710b6_1_flip_lr_blur.mp4,/content/drive/MyDrive/ucf_experiments/ciclo_experimental_1/data/data_crop/train/Robbery031_x264-e0cf4710b6_1_flip_lr_crop.mp4,1
1600,/content/drive/MyDrive/ucf_experiments/ciclo_experimental_1/data/data_blur/train/Robbery042_x264-05da91e803_0_flip_lr_blur.mp4,/content/drive/MyDrive/ucf_experiments/ciclo_experimental_1/data/data_crop/train/Robbery042_x264-05da91e803_0_flip_lr_crop.mp4,0
1601,/content/drive/MyDrive/ucf_experiments/ciclo_experimental_1/data/data_blur/train/Arrest026_x264-b2e2d1d2cf_1_flip_lr_blur.mp4,/content/drive/MyDrive/ucf_experiments/ciclo_experimental_1/data/data_crop/train/Arrest026_x264-b2e2d1d2cf_1_flip_lr_crop.mp4,1
1602,/content/drive/MyDrive/ucf_experiments/ciclo_experimental_1/data/data_blur/train/Fighting008_x264-5abde5d4aa_1_flip_lr_blur.mp4,/content/drive/MyDrive/ucf_experiments/ciclo_experimental_1/data/data_crop/train/Fighting008_x264-5abde5d4aa_1_flip_lr_crop.mp4,1
1603,/content/drive/MyDrive/ucf_experiments/ciclo_experimental_1/data/data_blur/train/Arrest028_x264-4763949347_1_flip_lr_blur.mp4,/content/drive/MyDrive/ucf_experiments/ciclo_experimental_1/data/data_crop/train/Arrest028_x264-4763949347_1_flip_lr_crop.mp4,1
1604,/content/drive/MyDrive/ucf_experiments/ciclo_experimental_1/data/data_blur/train/Fighting049_x264-e47b62aee6_1_flip_lr_blur.mp4,/content/drive/MyDrive/ucf_experiments/ciclo_experimental_1/data/data_crop/train/Fighting049_x264-e47b62aee6_1_flip_lr_crop.mp4,1
1605,/content/drive/MyDrive/ucf_experiments/ciclo_experimental_1/data/data_blur/train/Fighting004_x264-925cbe4f52_1_flip_lr_blur.mp4,/content/drive/MyDrive/ucf_experiments/ciclo_experimental_1/data/data_crop/train/Fighting004_x264-925cbe4f52_1_flip_lr_crop.mp4,1
1606,/content/drive/MyDrive/ucf_experiments/ciclo_experimental_1/data/data_blur/train/Abuse020_x264-1dc06e8811_0_flip_lr_blur.mp4,/content/drive/MyDrive/ucf_experiments/ciclo_experimental_1/data/data_crop/train/Abuse020_x264-1dc06e8811_0_flip_lr_crop.mp4,0
1607,/content/drive/MyDrive/ucf_experiments/ciclo_experimental_1/data/data_blur/train/Fighting020_x264-dc1ec29414_1_flip_lr_blur.mp4,/content/drive/MyDrive/ucf_experiments/ciclo_experimental_1/data/data_crop/train/Fighting020_x264-dc1ec29414_1_flip_lr_crop.mp4,1
1608,/content/drive/MyDrive/ucf_experiments/ciclo_experimental_1/data/data_blur/train/Fighting049_x264-d63ae91b2d_1_flip_lr_blur.mp4,/content/drive/MyDrive/ucf_experiments/ciclo_experimental_1/data/data_crop/train/Fighting049_x264-d63ae91b2d_1_flip_lr_crop.mp4,1
1609,/content/drive/MyDrive/ucf_experiments/ciclo_experimental_1/data/data_blur/train/Assault019_x264-d70b6d6cc4_0_flip_lr_blur.mp4,/content/drive/MyDrive/ucf_experiments/ciclo_experimental_1/data/data_crop/train/Assault019_x264-d70b6d6cc4_0_flip_lr_crop.mp4,0
1610,/content/drive/MyDrive/ucf_experiments/ciclo_experimental_1/data/data_blur/train/Abuse005_x264-bae2f3d2d0_1_flip_lr_blur.mp4,/content/drive/MyDrive/ucf_experiments/ciclo_experimental_1/data/data_crop/train/Abuse005_x264-bae2f3d2d0_1_flip_lr_crop.mp4,1
1611,/content/drive/MyDrive/ucf_experiments/ciclo_experimental_1/data/data_blur/train/Arrest043_x264-d3ecd2b7f6_1_flip_lr_blur.mp4,/content/drive/MyDrive/ucf_experiments/ciclo_experimental_1/data/data_crop/train/Arrest043_x264-d3ecd2b7f6_1_flip_lr_crop.mp4,1
1612,/content/drive/MyDrive/ucf_experiments/ciclo_experimental_1/data/data_blur/train/Robbery006_x264-e16d1b3a28_1_flip_lr_blur.mp4,/content/drive/MyDrive/ucf_experiments/ciclo_experimental_1/data/data_crop/train/Robbery006_x264-e16d1b3a28_1_flip_lr_crop.mp4,1
1613,/content/drive/MyDrive/ucf_experiments/ciclo_experimental_1/data/data_blur/train/Abuse011_x264-749cdb0281_0_flip_lr_blur.mp4,/content/drive/MyDrive/ucf_experiments/ciclo_experimental_1/data/data_crop/train/Abuse011_x264-749cdb0281_0_flip_lr_crop.mp4,0
1614,/content/drive/MyDrive/ucf_experiments/ciclo_experimental_1/data/data_blur/train/Arrest002_x264-03253e7beb_1_flip_lr_blur.mp4,/content/drive/MyDrive/ucf_experiments/ciclo_experimental_1/data/data_crop/train/Arrest002_x264-03253e7beb_1_flip_lr_crop.mp4,1
1615,/content/drive/MyDrive/ucf_experiments/ciclo_experimental_1/data/data_blur/train/Fighting050_x264-76f0ffbb47_0_flip_lr_blur.mp4,/content/drive/MyDrive/ucf_experiments/ciclo_experimental_1/data/data_crop/train/Fighting050_x264-76f0ffbb47_0_flip_lr_crop.mp4,0
1616,/content/drive/MyDrive/ucf_experiments/ciclo_experimental_1/data/data_blur/train/Assault048_x264-691e708ed5_0_flip_lr_blur.mp4,/content/drive/MyDrive/ucf_experiments/ciclo_experimental_1/data/data_crop/train/Assault048_x264-691e708ed5_0_flip_lr_crop.mp4,0
1617,/content/drive/MyDrive/ucf_experiments/ciclo_experimental_1/data/data_blur/train/Robbery057_x264-a99eea4b5e_0_flip_lr_blur.mp4,/content/drive/MyDrive/ucf_experiments/ciclo_experimental_1/data/data_crop/train/Robbery057_x264-a99eea4b5e_0_flip_lr_crop.mp4,0
1618,/content/drive/MyDrive/ucf_experiments/ciclo_experimental_1/data/data_blur/train/Arrest051_x264-7443200ef4_0_flip_lr_blur.mp4,/content/drive/MyDrive/ucf_experiments/ciclo_experimental_1/data/data_crop/train/Arrest051_x264-7443200ef4_0_flip_lr_crop.mp4,0
1619,/content/drive/MyDrive/ucf_experiments/ciclo_experimental_1/data/data_blur/train/Assault008_x264-33afc907ca_1_flip_lr_blur.mp4,/content/drive/MyDrive/ucf_experiments/ciclo_experimental_1/data/data_crop/train/Assault008_x264-33afc907ca_1_flip_lr_crop.mp4,1
1620,/content/drive/MyDrive/ucf_experiments/ciclo_experimental_1/data/data_blur/train/Arrest025_x264-a51ec28fad_1_flip_lr_blur.mp4,/content/drive/MyDrive/ucf_experiments/ciclo_experimental_1/data/data_crop/train/Arrest025_x264-a51ec28fad_1_flip_lr_crop.mp4,1
1621,/content/drive/MyDrive/ucf_experiments/ciclo_experimental_1/data/data_blur/train/Fighting008_x264-6dc4ccac13_0_flip_lr_blur.mp4,/content/drive/MyDrive/ucf_experiments/ciclo_experimental_1/data/data_crop/train/Fighting008_x264-6dc4ccac13_0_flip_lr_crop.mp4,0
1622,/content/drive/MyDrive/ucf_experiments/ciclo_experimental_1/data/data_blur/train/Robbery056_x264-3a29436610_1_flip_lr_blur.mp4,/content/drive/MyDrive/ucf_experiments/ciclo_experimental_1/data/data_crop/train/Robbery056_x264-3a29436610_1_flip_lr_crop.mp4,1
1623,/content/drive/MyDrive/ucf_experiments/ciclo_experimental_1/data/data_blur/train/Arrest009_x264-36d34e6861_0_flip_lr_blur.mp4,/content/drive/MyDrive/ucf_experiments/ciclo_experimental_1/data/data_crop/train/Arrest009_x264-36d34e6861_0_flip_lr_crop.mp4,0
1624,/content/drive/MyDrive/ucf_experiments/ciclo_experimental_1/data/data_blur/train/Robbery011_x264-eb6703ec92_1_flip_lr_blur.mp4,/content/drive/MyDrive/ucf_experiments/ciclo_experimental_1/data/data_crop/train/Robbery011_x264-eb6703ec92_1_flip_lr_crop.mp4,1
1625,/content/drive/MyDrive/ucf_experiments/ciclo_experimental_1/data/data_blur/train/Robbery023_x264-64e6a990ce_1_flip_lr_blur.mp4,/content/drive/MyDrive/ucf_experiments/ciclo_experimental_1/data/data_crop/train/Robbery023_x264-64e6a990ce_1_flip_lr_crop.mp4,1
1626,/content/drive/MyDrive/ucf_experiments/ciclo_experimental_1/data/data_blur/train/Robbery105_x264-3232bc5458_1_flip_lr_blur.mp4,/content/drive/MyDrive/ucf_experiments/ciclo_experimental_1/data/data_crop/train/Robbery105_x264-3232bc5458_1_flip_lr_crop.mp4,1
1627,/content/drive/MyDrive/ucf_experiments/ciclo_experimental_1/data/data_blur/train/Assault031_x264-8a531d0594_1_flip_lr_blur.mp4,/content/drive/MyDrive/ucf_experiments/ciclo_experimental_1/data/data_crop/train/Assault031_x264-8a531d0594_1_flip_lr_crop.mp4,1
1628,/content/drive/MyDrive/ucf_experiments/ciclo_experimental_1/data/data_blur/train/Arrest023_x264-17eaec475c_1_flip_lr_blur.mp4,/content/drive/MyDrive/ucf_experiments/ciclo_experimental_1/data/data_crop/train/Arrest023_x264-17eaec475c_1_flip_lr_crop.mp4,1
1629,/content/drive/MyDrive/ucf_experiments/ciclo_experimental_1/data/data_blur/train/Arrest034_x264-3a16b68bb2_0_flip_lr_blur.mp4,/content/drive/MyDrive/ucf_experiments/ciclo_experimental_1/data/data_crop/train/Arrest034_x264-3a16b68bb2_0_flip_lr_crop.mp4,0
1630,/content/drive/MyDrive/ucf_experiments/ciclo_experimental_1/data/data_blur/train/Robbery099_x264-84eb5d284b_1_flip_lr_blur.mp4,/content/drive/MyDrive/ucf_experiments/ciclo_experimental_1/data/data_crop/train/Robbery099_x264-84eb5d284b_1_flip_lr_crop.mp4,1
1631,/content/drive/MyDrive/ucf_experiments/ciclo_experimental_1/data/data_blur/train/Arrest033_x264-e2a4b65987_1_flip_lr_blur.mp4,/content/drive/MyDrive/ucf_experiments/ciclo_experimental_1/data/data_crop/train/Arrest033_x264-e2a4b65987_1_flip_lr_crop.mp4,1
1632,/content/drive/MyDrive/ucf_experiments/ciclo_experimental_1/data/data_blur/train/Abuse041_x264-b506d8449b_1_flip_lr_blur.mp4,/content/drive/MyDrive/ucf_experiments/ciclo_experimental_1/data/data_crop/train/Abuse041_x264-b506d8449b_1_flip_lr_crop.mp4,1
1633,/content/drive/MyDrive/ucf_experiments/ciclo_experimental_1/data/data_blur/train/Fighting027_x264-a8d320478e_1_flip_lr_blur.mp4,/content/drive/MyDrive/ucf_experiments/ciclo_experimental_1/data/data_crop/train/Fighting027_x264-a8d320478e_1_flip_lr_crop.mp4,1
1634,/content/drive/MyDrive/ucf_experiments/ciclo_experimental_1/data/data_blur/train/Robbery101_x264-fd9caf4f2b_1_flip_lr_blur.mp4,/content/drive/MyDrive/ucf_experiments/ciclo_experimental_1/data/data_crop/train/Robbery101_x264-fd9caf4f2b_1_flip_lr_crop.mp4,1
1635,/content/drive/MyDrive/ucf_experiments/ciclo_experimental_1/data/data_blur/train/Robbery100_x264-88d3796d58_0_flip_lr_blur.mp4,/content/drive/MyDrive/ucf_experiments/ciclo_experimental_1/data/data_crop/train/Robbery100_x264-88d3796d58_0_flip_lr_crop.mp4,0
1636,/content/drive/MyDrive/ucf_experiments/ciclo_experimental_1/data/data_blur/train/Robbery035_x264-49a82e9918_0_flip_lr_blur.mp4,/content/drive/MyDrive/ucf_experiments/ciclo_experimental_1/data/data_crop/train/Robbery035_x264-49a82e9918_0_flip_lr_crop.mp4,0
1637,/content/drive/MyDrive/ucf_experiments/ciclo_experimental_1/data/data_blur/train/Robbery038_x264-7c77c2e1d1_1_flip_lr_blur.mp4,/content/drive/MyDrive/ucf_experiments/ciclo_experimental_1/data/data_crop/train/Robbery038_x264-7c77c2e1d1_1_flip_lr_crop.mp4,1
1638,/content/drive/MyDrive/ucf_experiments/ciclo_experimental_1/data/data_blur/train/Robbery031_x264-8b51f34f6e_0_flip_lr_blur.mp4,/content/drive/MyDrive/ucf_experiments/ciclo_experimental_1/data/data_crop/train/Robbery031_x264-8b51f34f6e_0_flip_lr_crop.mp4,0
1639,/content/drive/MyDrive/ucf_experiments/ciclo_experimental_1/data/data_blur/train/Robbery056_x264-8ba2d9e6bb_1_flip_lr_blur.mp4,/content/drive/MyDrive/ucf_experiments/ciclo_experimental_1/data/data_crop/train/Robbery056_x264-8ba2d9e6bb_1_flip_lr_crop.mp4,1
1640,/content/drive/MyDrive/ucf_experiments/ciclo_experimental_1/data/data_blur/train/Fighting011_x264-4e804c7fc3_0_flip_lr_blur.mp4,/content/drive/MyDrive/ucf_experiments/ciclo_experimental_1/data/data_crop/train/Fighting011_x264-4e804c7fc3_0_flip_lr_crop.mp4,0
1641,/content/drive/MyDrive/ucf_experiments/ciclo_experimental_1/data/data_blur/train/Robbery060_x264-79c53dd0ed_1_flip_lr_blur.mp4,/content/drive/MyDrive/ucf_experiments/ciclo_experimental_1/data/data_crop/train/Robbery060_x264-79c53dd0ed_1_flip_lr_crop.mp4,1
1642,/content/drive/MyDrive/ucf_experiments/ciclo_experimental_1/data/data_blur/train/Robbery008_x264-1d56dc65fb_0_flip_lr_blur.mp4,/content/drive/MyDrive/ucf_experiments/ciclo_experimental_1/data/data_crop/train/Robbery008_x264-1d56dc65fb_0_flip_lr_crop.mp4,0
1643,/content/drive/MyDrive/ucf_experiments/ciclo_experimental_1/data/data_blur/train/Assault048_x264-e6f156c160_0_flip_lr_blur.mp4,/content/drive/MyDrive/ucf_experiments/ciclo_experimental_1/data/data_crop/train/Assault048_x264-e6f156c160_0_flip_lr_crop.mp4,0
1644,/content/drive/MyDrive/ucf_experiments/ciclo_experimental_1/data/data_blur/train/Abuse008_x264-52638c1df0_1_flip_lr_blur.mp4,/content/drive/MyDrive/ucf_experiments/ciclo_experimental_1/data/data_crop/train/Abuse008_x264-52638c1df0_1_flip_lr_crop.mp4,1
1645,/content/drive/MyDrive/ucf_experiments/ciclo_experimental_1/data/data_blur/train/Assault026_x264-6caf08e474_1_flip_lr_blur.mp4,/content/drive/MyDrive/ucf_experiments/ciclo_experimental_1/data/data_crop/train/Assault026_x264-6caf08e474_1_flip_lr_crop.mp4,1
1646,/content/drive/MyDrive/ucf_experiments/ciclo_experimental_1/data/data_blur/train/Arrest034_x264-67d48f0500_0_flip_lr_blur.mp4,/content/drive/MyDrive/ucf_experiments/ciclo_experimental_1/data/data_crop/train/Arrest034_x264-67d48f0500_0_flip_lr_crop.mp4,0
1647,/content/drive/MyDrive/ucf_experiments/ciclo_experimental_1/data/data_blur/train/Assault013_x264-aa96f28dd0_0_flip_lr_blur.mp4,/content/drive/MyDrive/ucf_experiments/ciclo_experimental_1/data/data_crop/train/Assault013_x264-aa96f28dd0_0_flip_lr_crop.mp4,0
1648,/content/drive/MyDrive/ucf_experiments/ciclo_experimental_1/data/data_blur/train/Fighting021_x264-c98556046c_0_flip_lr_blur.mp4,/content/drive/MyDrive/ucf_experiments/ciclo_experimental_1/data/data_crop/train/Fighting021_x264-c98556046c_0_flip_lr_crop.mp4,0
1649,/content/drive/MyDrive/ucf_experiments/ciclo_experimental_1/data/data_blur/train/Fighting044_x264-8b60ebf4e7_1_flip_lr_blur.mp4,/content/drive/MyDrive/ucf_experiments/ciclo_experimental_1/data/data_crop/train/Fighting044_x264-8b60ebf4e7_1_flip_lr_crop.mp4,1
1650,/content/drive/MyDrive/ucf_experiments/ciclo_experimental_1/data/data_blur/train/Robbery071_x264-c88ffbca4c_0_flip_lr_blur.mp4,/content/drive/MyDrive/ucf_experiments/ciclo_experimental_1/data/data_crop/train/Robbery071_x264-c88ffbca4c_0_flip_lr_crop.mp4,0
1651,/content/drive/MyDrive/ucf_experiments/ciclo_experimental_1/data/data_blur/train/Fighting025_x264-801a37d425_0_flip_lr_blur.mp4,/content/drive/MyDrive/ucf_experiments/ciclo_experimental_1/data/data_crop/train/Fighting025_x264-801a37d425_0_flip_lr_crop.mp4,0
1652,/content/drive/MyDrive/ucf_experiments/ciclo_experimental_1/data/data_blur/train/Robbery091_x264-4f79ca2cc2_1_flip_lr_blur.mp4,/content/drive/MyDrive/ucf_experiments/ciclo_experimental_1/data/data_crop/train/Robbery091_x264-4f79ca2cc2_1_flip_lr_crop.mp4,1
1653,/content/drive/MyDrive/ucf_experiments/ciclo_experimental_1/data/data_blur/train/Robbery082_x264-c636202795_0_flip_lr_blur.mp4,/content/drive/MyDrive/ucf_experiments/ciclo_experimental_1/data/data_crop/train/Robbery082_x264-c636202795_0_flip_lr_crop.mp4,0
1654,/content/drive/MyDrive/ucf_experiments/ciclo_experimental_1/data/data_blur/train/Robbery055_x264-2d46ee4bba_0_flip_lr_blur.mp4,/content/drive/MyDrive/ucf_experiments/ciclo_experimental_1/data/data_crop/train/Robbery055_x264-2d46ee4bba_0_flip_lr_crop.mp4,0
1655,/content/drive/MyDrive/ucf_experiments/ciclo_experimental_1/data/data_blur/train/Assault050_x264-41aa44b438_1_flip_lr_blur.mp4,/content/drive/MyDrive/ucf_experiments/ciclo_experimental_1/data/data_crop/train/Assault050_x264-41aa44b438_1_flip_lr_crop.mp4,1
1656,/content/drive/MyDrive/ucf_experiments/ciclo_experimental_1/data/data_blur/train/Abuse004_x264-345752d169_1_flip_lr_blur.mp4,/content/drive/MyDrive/ucf_experiments/ciclo_experimental_1/data/data_crop/train/Abuse004_x264-345752d169_1_flip_lr_crop.mp4,1
1657,/content/drive/MyDrive/ucf_experiments/ciclo_experimental_1/data/data_blur/train/Abuse050_x264-e6da1c9a3f_1_flip_lr_blur.mp4,/content/drive/MyDrive/ucf_experiments/ciclo_experimental_1/data/data_crop/train/Abuse050_x264-e6da1c9a3f_1_flip_lr_crop.mp4,1
1658,/content/drive/MyDrive/ucf_experiments/ciclo_experimental_1/data/data_blur/train/Assault048_x264-2642329c77_0_flip_lr_blur.mp4,/content/drive/MyDrive/ucf_experiments/ciclo_experimental_1/data/data_crop/train/Assault048_x264-2642329c77_0_flip_lr_crop.mp4,0
1659,/content/drive/MyDrive/ucf_experiments/ciclo_experimental_1/data/data_blur/train/Robbery098_x264-a60c35da1e_0_flip_lr_blur.mp4,/content/drive/MyDrive/ucf_experiments/ciclo_experimental_1/data/data_crop/train/Robbery098_x264-a60c35da1e_0_flip_lr_crop.mp4,0
1660,/content/drive/MyDrive/ucf_experiments/ciclo_experimental_1/data/data_blur/train/Robbery057_x264-f62ba5f952_0_flip_lr_blur.mp4,/content/drive/MyDrive/ucf_experiments/ciclo_experimental_1/data/data_crop/train/Robbery057_x264-f62ba5f952_0_flip_lr_crop.mp4,0
1661,/content/drive/MyDrive/ucf_experiments/ciclo_experimental_1/data/data_blur/train/Fighting049_x264-4560f11da2_0_flip_lr_blur.mp4,/content/drive/MyDrive/ucf_experiments/ciclo_experimental_1/data/data_crop/train/Fighting049_x264-4560f11da2_0_flip_lr_crop.mp4,0
1662,/content/drive/MyDrive/ucf_experiments/ciclo_experimental_1/data/data_blur/train/Abuse024_x264-bbcaad622b_0_flip_lr_blur.mp4,/content/drive/MyDrive/ucf_experiments/ciclo_experimental_1/data/data_crop/train/Abuse024_x264-bbcaad622b_0_flip_lr_crop.mp4,0
1663,/content/drive/MyDrive/ucf_experiments/ciclo_experimental_1/data/data_blur/train/Abuse014_x264-61bbc50fb5_0_flip_lr_blur.mp4,/content/drive/MyDrive/ucf_experiments/ciclo_experimental_1/data/data_crop/train/Abuse014_x264-61bbc50fb5_0_flip_lr_crop.mp4,0
1664,/content/drive/MyDrive/ucf_experiments/ciclo_experimental_1/data/data_blur/train/Robbery046_x264-1b2d83b1dd_1_flip_lr_blur.mp4,/content/drive/MyDrive/ucf_experiments/ciclo_experimental_1/data/data_crop/train/Robbery046_x264-1b2d83b1dd_1_flip_lr_crop.mp4,1
1665,/content/drive/MyDrive/ucf_experiments/ciclo_experimental_1/data/data_blur/train/Abuse011_x264-6accfc05fe_1_flip_lr_blur.mp4,/content/drive/MyDrive/ucf_experiments/ciclo_experimental_1/data/data_crop/train/Abuse011_x264-6accfc05fe_1_flip_lr_crop.mp4,1
1666,/content/drive/MyDrive/ucf_experiments/ciclo_experimental_1/data/data_blur/train/Fighting035_x264-ce9928bc1d_0_flip_lr_blur.mp4,/content/drive/MyDrive/ucf_experiments/ciclo_experimental_1/data/data_crop/train/Fighting035_x264-ce9928bc1d_0_flip_lr_crop.mp4,0
1667,/content/drive/MyDrive/ucf_experiments/ciclo_experimental_1/data/data_blur/train/Robbery009_x264-4a21a126aa_1_flip_lr_blur.mp4,/content/drive/MyDrive/ucf_experiments/ciclo_experimental_1/data/data_crop/train/Robbery009_x264-4a21a126aa_1_flip_lr_crop.mp4,1
1668,/content/drive/MyDrive/ucf_experiments/ciclo_experimental_1/data/data_blur/train/Fighting024_x264-a24c46c882_1_flip_lr_blur.mp4,/content/drive/MyDrive/ucf_experiments/ciclo_experimental_1/data/data_crop/train/Fighting024_x264-a24c46c882_1_flip_lr_crop.mp4,1
1669,/content/drive/MyDrive/ucf_experiments/ciclo_experimental_1/data/data_blur/train/Fighting036_x264-bbc83f3845_0_flip_lr_blur.mp4,/content/drive/MyDrive/ucf_experiments/ciclo_experimental_1/data/data_crop/train/Fighting036_x264-bbc83f3845_0_flip_lr_crop.mp4,0
1670,/content/drive/MyDrive/ucf_experiments/ciclo_experimental_1/data/data_blur/train/Fighting025_x264-07b37d56ca_0_flip_lr_blur.mp4,/content/drive/MyDrive/ucf_experiments/ciclo_experimental_1/data/data_crop/train/Fighting025_x264-07b37d56ca_0_flip_lr_crop.mp4,0
1671,/content/drive/MyDrive/ucf_experiments/ciclo_experimental_1/data/data_blur/train/Assault051_x264-f43311e2ce_1_flip_lr_blur.mp4,/content/drive/MyDrive/ucf_experiments/ciclo_experimental_1/data/data_crop/train/Assault051_x264-f43311e2ce_1_flip_lr_crop.mp4,1
1672,/content/drive/MyDrive/ucf_experiments/ciclo_experimental_1/data/data_blur/train/Abuse023_x264-9834adb4d8_1_flip_lr_blur.mp4,/content/drive/MyDrive/ucf_experiments/ciclo_experimental_1/data/data_crop/train/Abuse023_x264-9834adb4d8_1_flip_lr_crop.mp4,1
1673,/content/drive/MyDrive/ucf_experiments/ciclo_experimental_1/data/data_blur/train/Robbery080_x264-01729cb005_0_flip_lr_blur.mp4,/content/drive/MyDrive/ucf_experiments/ciclo_experimental_1/data/data_crop/train/Robbery080_x264-01729cb005_0_flip_lr_crop.mp4,0
1674,/content/drive/MyDrive/ucf_experiments/ciclo_experimental_1/data/data_blur/train/Robbery035_x264-5f91638474_0_flip_lr_blur.mp4,/content/drive/MyDrive/ucf_experiments/ciclo_experimental_1/data/data_crop/train/Robbery035_x264-5f91638474_0_flip_lr_crop.mp4,0
1675,/content/drive/MyDrive/ucf_experiments/ciclo_experimental_1/data/data_blur/train/Robbery087_x264-604a662766_1_flip_lr_blur.mp4,/content/drive/MyDrive/ucf_experiments/ciclo_experimental_1/data/data_crop/train/Robbery087_x264-604a662766_1_flip_lr_crop.mp4,1
1676,/content/drive/MyDrive/ucf_experiments/ciclo_experimental_1/data/data_blur/train/Robbery078_x264-536c58f642_1_flip_lr_blur.mp4,/content/drive/MyDrive/ucf_experiments/ciclo_experimental_1/data/data_crop/train/Robbery078_x264-536c58f642_1_flip_lr_crop.mp4,1
1677,/content/drive/MyDrive/ucf_experiments/ciclo_experimental_1/data/data_blur/train/Fighting016_x264-f92e5174bf_0_flip_lr_blur.mp4,/content/drive/MyDrive/ucf_experiments/ciclo_experimental_1/data/data_crop/train/Fighting016_x264-f92e5174bf_0_flip_lr_crop.mp4,0
1678,/content/drive/MyDrive/ucf_experiments/ciclo_experimental_1/data/data_blur/train/Arrest013_x264-e26d415df8_0_flip_lr_blur.mp4,/content/drive/MyDrive/ucf_experiments/ciclo_experimental_1/data/data_crop/train/Arrest013_x264-e26d415df8_0_flip_lr_crop.mp4,0
1679,/content/drive/MyDrive/ucf_experiments/ciclo_experimental_1/data/data_blur/train/Abuse017_x264-f74d7c6e2d_1_flip_lr_blur.mp4,/content/drive/MyDrive/ucf_experiments/ciclo_experimental_1/data/data_crop/train/Abuse017_x264-f74d7c6e2d_1_flip_lr_crop.mp4,1
1680,/content/drive/MyDrive/ucf_experiments/ciclo_experimental_1/data/data_blur/train/Abuse012_x264-e4a8fffaea_0_flip_lr_blur.mp4,/content/drive/MyDrive/ucf_experiments/ciclo_experimental_1/data/data_crop/train/Abuse012_x264-e4a8fffaea_0_flip_lr_crop.mp4,0
1681,/content/drive/MyDrive/ucf_experiments/ciclo_experimental_1/data/data_blur/train/Robbery049_x264-a17275ba68_0_flip_lr_blur.mp4,/content/drive/MyDrive/ucf_experiments/ciclo_experimental_1/data/data_crop/train/Robbery049_x264-a17275ba68_0_flip_lr_crop.mp4,0
1682,/content/drive/MyDrive/ucf_experiments/ciclo_experimental_1/data/data_blur/train/Robbery078_x264-658d92cc61_0_flip_lr_blur.mp4,/content/drive/MyDrive/ucf_experiments/ciclo_experimental_1/data/data_crop/train/Robbery078_x264-658d92cc61_0_flip_lr_crop.mp4,0
1683,/content/drive/MyDrive/ucf_experiments/ciclo_experimental_1/data/data_blur/train/Assault026_x264-a10feb72c2_0_flip_lr_blur.mp4,/content/drive/MyDrive/ucf_experiments/ciclo_experimental_1/data/data_crop/train/Assault026_x264-a10feb72c2_0_flip_lr_crop.mp4,0
1684,/content/drive/MyDrive/ucf_experiments/ciclo_experimental_1/data/data_blur/train/Fighting040_x264-bc42c8082c_0_flip_lr_blur.mp4,/content/drive/MyDrive/ucf_experiments/ciclo_experimental_1/data/data_crop/train/Fighting040_x264-bc42c8082c_0_flip_lr_crop.mp4,0
1685,/content/drive/MyDrive/ucf_experiments/ciclo_experimental_1/data/data_blur/train/Assault048_x264-9684194bac_0_flip_lr_blur.mp4,/content/drive/MyDrive/ucf_experiments/ciclo_experimental_1/data/data_crop/train/Assault048_x264-9684194bac_0_flip_lr_crop.mp4,0
1686,/content/drive/MyDrive/ucf_experiments/ciclo_experimental_1/data/data_blur/train/Fighting007_x264-30af9857da_1_flip_lr_blur.mp4,/content/drive/MyDrive/ucf_experiments/ciclo_experimental_1/data/data_crop/train/Fighting007_x264-30af9857da_1_flip_lr_crop.mp4,1
1687,/content/drive/MyDrive/ucf_experiments/ciclo_experimental_1/data/data_blur/train/Fighting036_x264-7d6c744ed7_1_flip_lr_blur.mp4,/content/drive/MyDrive/ucf_experiments/ciclo_experimental_1/data/data_crop/train/Fighting036_x264-7d6c744ed7_1_flip_lr_crop.mp4,1
1688,/content/drive/MyDrive/ucf_experiments/ciclo_experimental_1/data/data_blur/train/Fighting020_x264-2e7976722e_1_flip_lr_blur.mp4,/content/drive/MyDrive/ucf_experiments/ciclo_experimental_1/data/data_crop/train/Fighting020_x264-2e7976722e_1_flip_lr_crop.mp4,1
1689,/content/drive/MyDrive/ucf_experiments/ciclo_experimental_1/data/data_blur/train/Assault008_x264-50110bd29e_1_flip_lr_blur.mp4,/content/drive/MyDrive/ucf_experiments/ciclo_experimental_1/data/data_crop/train/Assault008_x264-50110bd29e_1_flip_lr_crop.mp4,1
1690,/content/drive/MyDrive/ucf_experiments/ciclo_experimental_1/data/data_blur/train/Fighting049_x264-9ada27cb1f_0_flip_lr_blur.mp4,/content/drive/MyDrive/ucf_experiments/ciclo_experimental_1/data/data_crop/train/Fighting049_x264-9ada27cb1f_0_flip_lr_crop.mp4,0
1691,/content/drive/MyDrive/ucf_experiments/ciclo_experimental_1/data/data_blur/train/Arrest008_x264-ecbd346b84_0_flip_lr_blur.mp4,/content/drive/MyDrive/ucf_experiments/ciclo_experimental_1/data/data_crop/train/Arrest008_x264-ecbd346b84_0_flip_lr_crop.mp4,0
1692,/content/drive/MyDrive/ucf_experiments/ciclo_experimental_1/data/data_blur/train/Robbery094_x264-62a5429d15_0_flip_lr_blur.mp4,/content/drive/MyDrive/ucf_experiments/ciclo_experimental_1/data/data_crop/train/Robbery094_x264-62a5429d15_0_flip_lr_crop.mp4,0
1693,/content/drive/MyDrive/ucf_experiments/ciclo_experimental_1/data/data_blur/train/Abuse024_x264-2bf9baa3b1_1_flip_lr_blur.mp4,/content/drive/MyDrive/ucf_experiments/ciclo_experimental_1/data/data_crop/train/Abuse024_x264-2bf9baa3b1_1_flip_lr_crop.mp4,1
1694,/content/drive/MyDrive/ucf_experiments/ciclo_experimental_1/data/data_blur/train/Fighting010_x264-7f1525f705_0_flip_lr_blur.mp4,/content/drive/MyDrive/ucf_experiments/ciclo_experimental_1/data/data_crop/train/Fighting010_x264-7f1525f705_0_flip_lr_crop.mp4,0
1695,/content/drive/MyDrive/ucf_experiments/ciclo_experimental_1/data/data_blur/train/Robbery059_x264-4952c22a76_0_flip_lr_blur.mp4,/content/drive/MyDrive/ucf_experiments/ciclo_experimental_1/data/data_crop/train/Robbery059_x264-4952c22a76_0_flip_lr_crop.mp4,0
1696,/content/drive/MyDrive/ucf_experiments/ciclo_experimental_1/data/data_blur/train/Robbery037_x264-2fea3f1314_0_flip_lr_blur.mp4,/content/drive/MyDrive/ucf_experiments/ciclo_experimental_1/data/data_crop/train/Robbery037_x264-2fea3f1314_0_flip_lr_crop.mp4,0
1697,/content/drive/MyDrive/ucf_experiments/ciclo_experimental_1/data/data_blur/train/Robbery031_x264-0349779bc9_0_flip_lr_blur.mp4,/content/drive/MyDrive/ucf_experiments/ciclo_experimental_1/data/data_crop/train/Robbery031_x264-0349779bc9_0_flip_lr_crop.mp4,0
1698,/content/drive/MyDrive/ucf_experiments/ciclo_experimental_1/data/data_blur/train/Assault007_x264-f567054a7a_0_flip_lr_blur.mp4,/content/drive/MyDrive/ucf_experiments/ciclo_experimental_1/data/data_crop/train/Assault007_x264-f567054a7a_0_flip_lr_crop.mp4,0
1699,/content/drive/MyDrive/ucf_experiments/ciclo_experimental_1/data/data_blur/train/Fighting049_x264-815f0678bc_1_flip_lr_blur.mp4,/content/drive/MyDrive/ucf_experiments/ciclo_experimental_1/data/data_crop/train/Fighting049_x264-815f0678bc_1_flip_lr_crop.mp4,1
1700,/content/drive/MyDrive/ucf_experiments/ciclo_experimental_1/data/data_blur/train/Fighting016_x264-d42fe8f126_1_flip_lr_blur.mp4,/content/drive/MyDrive/ucf_experiments/ciclo_experimental_1/data/data_crop/train/Fighting016_x264-d42fe8f126_1_flip_lr_crop.mp4,1
1701,/content/drive/MyDrive/ucf_experiments/ciclo_experimental_1/data/data_blur/train/Robbery060_x264-10f3e0fd01_1_flip_lr_blur.mp4,/content/drive/MyDrive/ucf_experiments/ciclo_experimental_1/data/data_crop/train/Robbery060_x264-10f3e0fd01_1_flip_lr_crop.mp4,1
1702,/content/drive/MyDrive/ucf_experiments/ciclo_experimental_1/data/data_blur/train/Robbery032_x264-19a685ffda_1_flip_lr_blur.mp4,/content/drive/MyDrive/ucf_experiments/ciclo_experimental_1/data/data_crop/train/Robbery032_x264-19a685ffda_1_flip_lr_crop.mp4,1
1703,/content/drive/MyDrive/ucf_experiments/ciclo_experimental_1/data/data_blur/train/Fighting008_x264-a4f0a4ba45_0_flip_lr_blur.mp4,/content/drive/MyDrive/ucf_experiments/ciclo_experimental_1/data/data_crop/train/Fighting008_x264-a4f0a4ba45_0_flip_lr_crop.mp4,0
1704,/content/drive/MyDrive/ucf_experiments/ciclo_experimental_1/data/data_blur/train/Assault046_x264-443bfdccca_1_flip_lr_blur.mp4,/content/drive/MyDrive/ucf_experiments/ciclo_experimental_1/data/data_crop/train/Assault046_x264-443bfdccca_1_flip_lr_crop.mp4,1
1705,/content/drive/MyDrive/ucf_experiments/ciclo_experimental_1/data/data_blur/train/Robbery060_x264-1a9a615acb_0_flip_lr_blur.mp4,/content/drive/MyDrive/ucf_experiments/ciclo_experimental_1/data/data_crop/train/Robbery060_x264-1a9a615acb_0_flip_lr_crop.mp4,0
1706,/content/drive/MyDrive/ucf_experiments/ciclo_experimental_1/data/data_blur/train/Abuse024_x264-c5a794bc72_1_flip_lr_blur.mp4,/content/drive/MyDrive/ucf_experiments/ciclo_experimental_1/data/data_crop/train/Abuse024_x264-c5a794bc72_1_flip_lr_crop.mp4,1
1707,/content/drive/MyDrive/ucf_experiments/ciclo_experimental_1/data/data_blur/train/Arrest011_x264-83d47b4b1b_1_flip_lr_blur.mp4,/content/drive/MyDrive/ucf_experiments/ciclo_experimental_1/data/data_crop/train/Arrest011_x264-83d47b4b1b_1_flip_lr_crop.mp4,1
1708,/content/drive/MyDrive/ucf_experiments/ciclo_experimental_1/data/data_blur/train/Fighting032_x264-1263c0ec4c_1_flip_lr_blur.mp4,/content/drive/MyDrive/ucf_experiments/ciclo_experimental_1/data/data_crop/train/Fighting032_x264-1263c0ec4c_1_flip_lr_crop.mp4,1
1709,/content/drive/MyDrive/ucf_experiments/ciclo_experimental_1/data/data_blur/train/Assault007_x264-58f8d28899_0_flip_lr_blur.mp4,/content/drive/MyDrive/ucf_experiments/ciclo_experimental_1/data/data_crop/train/Assault007_x264-58f8d28899_0_flip_lr_crop.mp4,0
1710,/content/drive/MyDrive/ucf_experiments/ciclo_experimental_1/data/data_blur/train/Assault040_x264-06c3b9c544_0_flip_lr_blur.mp4,/content/drive/MyDrive/ucf_experiments/ciclo_experimental_1/data/data_crop/train/Assault040_x264-06c3b9c544_0_flip_lr_crop.mp4,0
1711,/content/drive/MyDrive/ucf_experiments/ciclo_experimental_1/data/data_blur/train/Robbery104_x264-7d71713ada_0_flip_lr_blur.mp4,/content/drive/MyDrive/ucf_experiments/ciclo_experimental_1/data/data_crop/train/Robbery104_x264-7d71713ada_0_flip_lr_crop.mp4,0
1712,/content/drive/MyDrive/ucf_experiments/ciclo_experimental_1/data/data_blur/train/Abuse031_x264-b951fc1bd2_0_flip_lr_blur.mp4,/content/drive/MyDrive/ucf_experiments/ciclo_experimental_1/data/data_crop/train/Abuse031_x264-b951fc1bd2_0_flip_lr_crop.mp4,0
1713,/content/drive/MyDrive/ucf_experiments/ciclo_experimental_1/data/data_blur/train/Arrest035_x264-e6a0c00b29_1_flip_lr_blur.mp4,/content/drive/MyDrive/ucf_experiments/ciclo_experimental_1/data/data_crop/train/Arrest035_x264-e6a0c00b29_1_flip_lr_crop.mp4,1
1714,/content/drive/MyDrive/ucf_experiments/ciclo_experimental_1/data/data_blur/train/Robbery009_x264-1b6d7b31ec_1_flip_lr_blur.mp4,/content/drive/MyDrive/ucf_experiments/ciclo_experimental_1/data/data_crop/train/Robbery009_x264-1b6d7b31ec_1_flip_lr_crop.mp4,1
1715,/content/drive/MyDrive/ucf_experiments/ciclo_experimental_1/data/data_blur/train/Arrest041_x264-8ff3f19ea5_1_flip_lr_blur.mp4,/content/drive/MyDrive/ucf_experiments/ciclo_experimental_1/data/data_crop/train/Arrest041_x264-8ff3f19ea5_1_flip_lr_crop.mp4,1
1716,/content/drive/MyDrive/ucf_experiments/ciclo_experimental_1/data/data_blur/train/Assault022_x264-df064da829_0_flip_lr_blur.mp4,/content/drive/MyDrive/ucf_experiments/ciclo_experimental_1/data/data_crop/train/Assault022_x264-df064da829_0_flip_lr_crop.mp4,0
1717,/content/drive/MyDrive/ucf_experiments/ciclo_experimental_1/data/data_blur/train/Robbery038_x264-2327d1b9a1_1_flip_lr_blur.mp4,/content/drive/MyDrive/ucf_experiments/ciclo_experimental_1/data/data_crop/train/Robbery038_x264-2327d1b9a1_1_flip_lr_crop.mp4,1
1718,/content/drive/MyDrive/ucf_experiments/ciclo_experimental_1/data/data_blur/train/Assault026_x264-e1d4c2f2e5_1_flip_lr_blur.mp4,/content/drive/MyDrive/ucf_experiments/ciclo_experimental_1/data/data_crop/train/Assault026_x264-e1d4c2f2e5_1_flip_lr_crop.mp4,1
1719,/content/drive/MyDrive/ucf_experiments/ciclo_experimental_1/data/data_blur/train/Assault041_x264-6f9ea93ab0_0_flip_lr_blur.mp4,/content/drive/MyDrive/ucf_experiments/ciclo_experimental_1/data/data_crop/train/Assault041_x264-6f9ea93ab0_0_flip_lr_crop.mp4,0
1720,/content/drive/MyDrive/ucf_experiments/ciclo_experimental_1/data/data_blur/train/Fighting013_x264-8130ba9c7a_1_flip_lr_blur.mp4,/content/drive/MyDrive/ucf_experiments/ciclo_experimental_1/data/data_crop/train/Fighting013_x264-8130ba9c7a_1_flip_lr_crop.mp4,1
1721,/content/drive/MyDrive/ucf_experiments/ciclo_experimental_1/data/data_blur/train/Abuse013_x264-a34ea0ecf0_0_flip_lr_blur.mp4,/content/drive/MyDrive/ucf_experiments/ciclo_experimental_1/data/data_crop/train/Abuse013_x264-a34ea0ecf0_0_flip_lr_crop.mp4,0
1722,/content/drive/MyDrive/ucf_experiments/ciclo_experimental_1/data/data_blur/train/Assault026_x264-0b1b5b34e4_1_flip_lr_blur.mp4,/content/drive/MyDrive/ucf_experiments/ciclo_experimental_1/data/data_crop/train/Assault026_x264-0b1b5b34e4_1_flip_lr_crop.mp4,1
1723,/content/drive/MyDrive/ucf_experiments/ciclo_experimental_1/data/data_blur/train/Robbery018_x264-53ad98b434_1_flip_lr_blur.mp4,/content/drive/MyDrive/ucf_experiments/ciclo_experimental_1/data/data_crop/train/Robbery018_x264-53ad98b434_1_flip_lr_crop.mp4,1
1724,/content/drive/MyDrive/ucf_experiments/ciclo_experimental_1/data/data_blur/train/Abuse005_x264-392b5d5268_0_flip_lr_blur.mp4,/content/drive/MyDrive/ucf_experiments/ciclo_experimental_1/data/data_crop/train/Abuse005_x264-392b5d5268_0_flip_lr_crop.mp4,0
1725,/content/drive/MyDrive/ucf_experiments/ciclo_experimental_1/data/data_blur/train/Assault020_x264-a608a95735_1_flip_lr_blur.mp4,/content/drive/MyDrive/ucf_experiments/ciclo_experimental_1/data/data_crop/train/Assault020_x264-a608a95735_1_flip_lr_crop.mp4,1
1726,/content/drive/MyDrive/ucf_experiments/ciclo_experimental_1/data/data_blur/train/Arrest028_x264-e099f06178_0_flip_lr_blur.mp4,/content/drive/MyDrive/ucf_experiments/ciclo_experimental_1/data/data_crop/train/Arrest028_x264-e099f06178_0_flip_lr_crop.mp4,0
1727,/content/drive/MyDrive/ucf_experiments/ciclo_experimental_1/data/data_blur/train/Fighting030_x264-d6836a387c_0_flip_lr_blur.mp4,/content/drive/MyDrive/ucf_experiments/ciclo_experimental_1/data/data_crop/train/Fighting030_x264-d6836a387c_0_flip_lr_crop.mp4,0
1728,/content/drive/MyDrive/ucf_experiments/ciclo_experimental_1/data/data_blur/train/Robbery003_x264-f2f8d90581_1_flip_lr_blur.mp4,/content/drive/MyDrive/ucf_experiments/ciclo_experimental_1/data/data_crop/train/Robbery003_x264-f2f8d90581_1_flip_lr_crop.mp4,1
1729,/content/drive/MyDrive/ucf_experiments/ciclo_experimental_1/data/data_blur/train/Fighting011_x264-61031914d3_0_flip_lr_blur.mp4,/content/drive/MyDrive/ucf_experiments/ciclo_experimental_1/data/data_crop/train/Fighting011_x264-61031914d3_0_flip_lr_crop.mp4,0
1730,/content/drive/MyDrive/ucf_experiments/ciclo_experimental_1/data/data_blur/train/Assault018_x264-62ea8b1df3_1_flip_lr_blur.mp4,/content/drive/MyDrive/ucf_experiments/ciclo_experimental_1/data/data_crop/train/Assault018_x264-62ea8b1df3_1_flip_lr_crop.mp4,1
1731,/content/drive/MyDrive/ucf_experiments/ciclo_experimental_1/data/data_blur/train/Robbery032_x264-12f0641f82_0_flip_lr_blur.mp4,/content/drive/MyDrive/ucf_experiments/ciclo_experimental_1/data/data_crop/train/Robbery032_x264-12f0641f82_0_flip_lr_crop.mp4,0
1732,/content/drive/MyDrive/ucf_experiments/ciclo_experimental_1/data/data_blur/train/Arrest003_x264-a90144fc3d_0_flip_lr_blur.mp4,/content/drive/MyDrive/ucf_experiments/ciclo_experimental_1/data/data_crop/train/Arrest003_x264-a90144fc3d_0_flip_lr_crop.mp4,0
1733,/content/drive/MyDrive/ucf_experiments/ciclo_experimental_1/data/data_blur/train/Robbery011_x264-ee15a4e4d8_1_flip_lr_blur.mp4,/content/drive/MyDrive/ucf_experiments/ciclo_experimental_1/data/data_crop/train/Robbery011_x264-ee15a4e4d8_1_flip_lr_crop.mp4,1
1734,/content/drive/MyDrive/ucf_experiments/ciclo_experimental_1/data/data_blur/train/Fighting034_x264-082b58013b_1_flip_lr_blur.mp4,/content/drive/MyDrive/ucf_experiments/ciclo_experimental_1/data/data_crop/train/Fighting034_x264-082b58013b_1_flip_lr_crop.mp4,1
1735,/content/drive/MyDrive/ucf_experiments/ciclo_experimental_1/data/data_blur/train/Fighting008_x264-d24c955173_0_flip_lr_blur.mp4,/content/drive/MyDrive/ucf_experiments/ciclo_experimental_1/data/data_crop/train/Fighting008_x264-d24c955173_0_flip_lr_crop.mp4,0
1736,/content/drive/MyDrive/ucf_experiments/ciclo_experimental_1/data/data_blur/train/Assault003_x264-2732263a93_0_flip_lr_blur.mp4,/content/drive/MyDrive/ucf_experiments/ciclo_experimental_1/data/data_crop/train/Assault003_x264-2732263a93_0_flip_lr_crop.mp4,0
1737,/content/drive/MyDrive/ucf_experiments/ciclo_experimental_1/data/data_blur/train/Robbery006_x264-c02fea95cf_1_flip_lr_blur.mp4,/content/drive/MyDrive/ucf_experiments/ciclo_experimental_1/data/data_crop/train/Robbery006_x264-c02fea95cf_1_flip_lr_crop.mp4,1
1738,/content/drive/MyDrive/ucf_experiments/ciclo_experimental_1/data/data_blur/train/Assault009_x264-0d46ea6585_1_flip_lr_blur.mp4,/content/drive/MyDrive/ucf_experiments/ciclo_experimental_1/data/data_crop/train/Assault009_x264-0d46ea6585_1_flip_lr_crop.mp4,1
1739,/content/drive/MyDrive/ucf_experiments/ciclo_experimental_1/data/data_blur/train/Arrest035_x264-76519d329a_0_flip_lr_blur.mp4,/content/drive/MyDrive/ucf_experiments/ciclo_experimental_1/data/data_crop/train/Arrest035_x264-76519d329a_0_flip_lr_crop.mp4,0
1740,/content/drive/MyDrive/ucf_experiments/ciclo_experimental_1/data/data_blur/train/Abuse011_x264-42637edb44_1_flip_lr_blur.mp4,/content/drive/MyDrive/ucf_experiments/ciclo_experimental_1/data/data_crop/train/Abuse011_x264-42637edb44_1_flip_lr_crop.mp4,1
1741,/content/drive/MyDrive/ucf_experiments/ciclo_experimental_1/data/data_blur/train/Fighting036_x264-a75242679f_1_flip_lr_blur.mp4,/content/drive/MyDrive/ucf_experiments/ciclo_experimental_1/data/data_crop/train/Fighting036_x264-a75242679f_1_flip_lr_crop.mp4,1
1742,/content/drive/MyDrive/ucf_experiments/ciclo_experimental_1/data/data_blur/train/Arrest011_x264-e0a61605bb_1_flip_lr_blur.mp4,/content/drive/MyDrive/ucf_experiments/ciclo_experimental_1/data/data_crop/train/Arrest011_x264-e0a61605bb_1_flip_lr_crop.mp4,1
1743,/content/drive/MyDrive/ucf_experiments/ciclo_experimental_1/data/data_blur/train/Assault035_x264-51d7e4e10c_0_flip_lr_blur.mp4,/content/drive/MyDrive/ucf_experiments/ciclo_experimental_1/data/data_crop/train/Assault035_x264-51d7e4e10c_0_flip_lr_crop.mp4,0
1744,/content/drive/MyDrive/ucf_experiments/ciclo_experimental_1/data/data_blur/train/Arrest033_x264-6563cd1155_0_flip_lr_blur.mp4,/content/drive/MyDrive/ucf_experiments/ciclo_experimental_1/data/data_crop/train/Arrest033_x264-6563cd1155_0_flip_lr_crop.mp4,0
1745,/content/drive/MyDrive/ucf_experiments/ciclo_experimental_1/data/data_blur/train/Robbery093_x264-3d68e6e2e4_0_flip_lr_blur.mp4,/content/drive/MyDrive/ucf_experiments/ciclo_experimental_1/data/data_crop/train/Robbery093_x264-3d68e6e2e4_0_flip_lr_crop.mp4,0
1746,/content/drive/MyDrive/ucf_experiments/ciclo_experimental_1/data/data_blur/train/Abuse026_x264-945fc94305_0_flip_lr_blur.mp4,/content/drive/MyDrive/ucf_experiments/ciclo_experimental_1/data/data_crop/train/Abuse026_x264-945fc94305_0_flip_lr_crop.mp4,0
1747,/content/drive/MyDrive/ucf_experiments/ciclo_experimental_1/data/data_blur/train/Fighting009_x264-54c9101491_0_flip_lr_blur.mp4,/content/drive/MyDrive/ucf_experiments/ciclo_experimental_1/data/data_crop/train/Fighting009_x264-54c9101491_0_flip_lr_crop.mp4,0
1748,/content/drive/MyDrive/ucf_experiments/ciclo_experimental_1/data/data_blur/train/Fighting036_x264-331f898709_1_flip_lr_blur.mp4,/content/drive/MyDrive/ucf_experiments/ciclo_experimental_1/data/data_crop/train/Fighting036_x264-331f898709_1_flip_lr_crop.mp4,1
1749,/content/drive/MyDrive/ucf_experiments/ciclo_experimental_1/data/data_blur/train/Robbery071_x264-2e74c91d76_0_flip_lr_blur.mp4,/content/drive/MyDrive/ucf_experiments/ciclo_experimental_1/data/data_crop/train/Robbery071_x264-2e74c91d76_0_flip_lr_crop.mp4,0
1750,/content/drive/MyDrive/ucf_experiments/ciclo_experimental_1/data/data_blur/train/Abuse036_x264-9b4ccc0933_0_flip_lr_blur.mp4,/content/drive/MyDrive/ucf_experiments/ciclo_experimental_1/data/data_crop/train/Abuse036_x264-9b4ccc0933_0_flip_lr_crop.mp4,0
1751,/content/drive/MyDrive/ucf_experiments/ciclo_experimental_1/data/data_blur/train/Arrest021_x264-61b92681df_1_flip_lr_blur.mp4,/content/drive/MyDrive/ucf_experiments/ciclo_experimental_1/data/data_crop/train/Arrest021_x264-61b92681df_1_flip_lr_crop.mp4,1
1752,/content/drive/MyDrive/ucf_experiments/ciclo_experimental_1/data/data_blur/train/Robbery026_x264-02d77041f5_0_flip_lr_blur.mp4,/content/drive/MyDrive/ucf_experiments/ciclo_experimental_1/data/data_crop/train/Robbery026_x264-02d77041f5_0_flip_lr_crop.mp4,0
1753,/content/drive/MyDrive/ucf_experiments/ciclo_experimental_1/data/data_blur/train/Robbery003_x264-06decf02e8_1_flip_lr_blur.mp4,/content/drive/MyDrive/ucf_experiments/ciclo_experimental_1/data/data_crop/train/Robbery003_x264-06decf02e8_1_flip_lr_crop.mp4,1
1754,/content/drive/MyDrive/ucf_experiments/ciclo_experimental_1/data/data_blur/train/Fighting020_x264-0a64f0ff81_1_flip_lr_blur.mp4,/content/drive/MyDrive/ucf_experiments/ciclo_experimental_1/data/data_crop/train/Fighting020_x264-0a64f0ff81_1_flip_lr_crop.mp4,1
1755,/content/drive/MyDrive/ucf_experiments/ciclo_experimental_1/data/data_blur/train/Assault017_x264-b210488e17_1_flip_lr_blur.mp4,/content/drive/MyDrive/ucf_experiments/ciclo_experimental_1/data/data_crop/train/Assault017_x264-b210488e17_1_flip_lr_crop.mp4,1
1756,/content/drive/MyDrive/ucf_experiments/ciclo_experimental_1/data/data_blur/train/Fighting006_x264-86eac713b4_0_flip_lr_blur.mp4,/content/drive/MyDrive/ucf_experiments/ciclo_experimental_1/data/data_crop/train/Fighting006_x264-86eac713b4_0_flip_lr_crop.mp4,0
1757,/content/drive/MyDrive/ucf_experiments/ciclo_experimental_1/data/data_blur/train/Assault027_x264-719eb16a67_0_flip_lr_blur.mp4,/content/drive/MyDrive/ucf_experiments/ciclo_experimental_1/data/data_crop/train/Assault027_x264-719eb16a67_0_flip_lr_crop.mp4,0
1758,/content/drive/MyDrive/ucf_experiments/ciclo_experimental_1/data/data_blur/train/Robbery016_x264-7d117fd34d_1_flip_lr_blur.mp4,/content/drive/MyDrive/ucf_experiments/ciclo_experimental_1/data/data_crop/train/Robbery016_x264-7d117fd34d_1_flip_lr_crop.mp4,1
1759,/content/drive/MyDrive/ucf_experiments/ciclo_experimental_1/data/data_blur/train/Assault026_x264-bd3ba49268_1_flip_lr_blur.mp4,/content/drive/MyDrive/ucf_experiments/ciclo_experimental_1/data/data_crop/train/Assault026_x264-bd3ba49268_1_flip_lr_crop.mp4,1
1760,/content/drive/MyDrive/ucf_experiments/ciclo_experimental_1/data/data_blur/train/Fighting007_x264-b58169e81f_1_flip_lr_blur.mp4,/content/drive/MyDrive/ucf_experiments/ciclo_experimental_1/data/data_crop/train/Fighting007_x264-b58169e81f_1_flip_lr_crop.mp4,1
1761,/content/drive/MyDrive/ucf_experiments/ciclo_experimental_1/data/data_blur/train/Fighting049_x264-35481b3a79_1_flip_lr_blur.mp4,/content/drive/MyDrive/ucf_experiments/ciclo_experimental_1/data/data_crop/train/Fighting049_x264-35481b3a79_1_flip_lr_crop.mp4,1
1762,/content/drive/MyDrive/ucf_experiments/ciclo_experimental_1/data/data_blur/train/Assault045_x264-7d70067014_0_flip_lr_blur.mp4,/content/drive/MyDrive/ucf_experiments/ciclo_experimental_1/data/data_crop/train/Assault045_x264-7d70067014_0_flip_lr_crop.mp4,0
1763,/content/drive/MyDrive/ucf_experiments/ciclo_experimental_1/data/data_blur/train/Abuse038_x264-fddda7d105_0_flip_lr_blur.mp4,/content/drive/MyDrive/ucf_experiments/ciclo_experimental_1/data/data_crop/train/Abuse038_x264-fddda7d105_0_flip_lr_crop.mp4,0
1764,/content/drive/MyDrive/ucf_experiments/ciclo_experimental_1/data/data_blur/train/Robbery023_x264-797b76a7e6_1_flip_lr_blur.mp4,/content/drive/MyDrive/ucf_experiments/ciclo_experimental_1/data/data_crop/train/Robbery023_x264-797b76a7e6_1_flip_lr_crop.mp4,1
1765,/content/drive/MyDrive/ucf_experiments/ciclo_experimental_1/data/data_blur/train/Robbery028_x264-4a8ecebbe5_0_flip_lr_blur.mp4,/content/drive/MyDrive/ucf_experiments/ciclo_experimental_1/data/data_crop/train/Robbery028_x264-4a8ecebbe5_0_flip_lr_crop.mp4,0
1766,/content/drive/MyDrive/ucf_experiments/ciclo_experimental_1/data/data_blur/train/Fighting021_x264-cebf4ea24a_0_flip_lr_blur.mp4,/content/drive/MyDrive/ucf_experiments/ciclo_experimental_1/data/data_crop/train/Fighting021_x264-cebf4ea24a_0_flip_lr_crop.mp4,0
1767,/content/drive/MyDrive/ucf_experiments/ciclo_experimental_1/data/data_blur/train/Abuse046_x264-bd3ea2fe8d_0_flip_lr_blur.mp4,/content/drive/MyDrive/ucf_experiments/ciclo_experimental_1/data/data_crop/train/Abuse046_x264-bd3ea2fe8d_0_flip_lr_crop.mp4,0
1768,/content/drive/MyDrive/ucf_experiments/ciclo_experimental_1/data/data_blur/train/Abuse003_x264-8ab01d5f81_1_flip_lr_blur.mp4,/content/drive/MyDrive/ucf_experiments/ciclo_experimental_1/data/data_crop/train/Abuse003_x264-8ab01d5f81_1_flip_lr_crop.mp4,1
1769,/content/drive/MyDrive/ucf_experiments/ciclo_experimental_1/data/data_blur/train/Arrest028_x264-19460397b5_0_flip_lr_blur.mp4,/content/drive/MyDrive/ucf_experiments/ciclo_experimental_1/data/data_crop/train/Arrest028_x264-19460397b5_0_flip_lr_crop.mp4,0
1770,/content/drive/MyDrive/ucf_experiments/ciclo_experimental_1/data/data_blur/train/Robbery051_x264-9de2607871_0_flip_lr_blur.mp4,/content/drive/MyDrive/ucf_experiments/ciclo_experimental_1/data/data_crop/train/Robbery051_x264-9de2607871_0_flip_lr_crop.mp4,0
1771,/content/drive/MyDrive/ucf_experiments/ciclo_experimental_1/data/data_blur/train/Abuse021_x264-ca47c31e3f_0_flip_lr_blur.mp4,/content/drive/MyDrive/ucf_experiments/ciclo_experimental_1/data/data_crop/train/Abuse021_x264-ca47c31e3f_0_flip_lr_crop.mp4,0
1772,/content/drive/MyDrive/ucf_experiments/ciclo_experimental_1/data/data_blur/train/Arrest026_x264-a5cde913b8_1_flip_lr_blur.mp4,/content/drive/MyDrive/ucf_experiments/ciclo_experimental_1/data/data_crop/train/Arrest026_x264-a5cde913b8_1_flip_lr_crop.mp4,1
1773,/content/drive/MyDrive/ucf_experiments/ciclo_experimental_1/data/data_blur/train/Fighting039_x264-7691a92fde_0_flip_lr_blur.mp4,/content/drive/MyDrive/ucf_experiments/ciclo_experimental_1/data/data_crop/train/Fighting039_x264-7691a92fde_0_flip_lr_crop.mp4,0
1774,/content/drive/MyDrive/ucf_experiments/ciclo_experimental_1/data/data_blur/train/Robbery041_x264-0d0f8d8a19_1_flip_lr_blur.mp4,/content/drive/MyDrive/ucf_experiments/ciclo_experimental_1/data/data_crop/train/Robbery041_x264-0d0f8d8a19_1_flip_lr_crop.mp4,1
1775,/content/drive/MyDrive/ucf_experiments/ciclo_experimental_1/data/data_blur/train/Robbery023_x264-47dac00e8b_1_flip_lr_blur.mp4,/content/drive/MyDrive/ucf_experiments/ciclo_experimental_1/data/data_crop/train/Robbery023_x264-47dac00e8b_1_flip_lr_crop.mp4,1
1776,/content/drive/MyDrive/ucf_experiments/ciclo_experimental_1/data/data_blur/train/Assault019_x264-8702a9def7_1_flip_lr_blur.mp4,/content/drive/MyDrive/ucf_experiments/ciclo_experimental_1/data/data_crop/train/Assault019_x264-8702a9def7_1_flip_lr_crop.mp4,1
1777,/content/drive/MyDrive/ucf_experiments/ciclo_experimental_1/data/data_blur/train/Robbery042_x264-f3f4dfb4f1_0_flip_lr_blur.mp4,/content/drive/MyDrive/ucf_experiments/ciclo_experimental_1/data/data_crop/train/Robbery042_x264-f3f4dfb4f1_0_flip_lr_crop.mp4,0
1778,/content/drive/MyDrive/ucf_experiments/ciclo_experimental_1/data/data_blur/train/Assault028_x264-e65bc0e5e3_0_flip_lr_blur.mp4,/content/drive/MyDrive/ucf_experiments/ciclo_experimental_1/data/data_crop/train/Assault028_x264-e65bc0e5e3_0_flip_lr_crop.mp4,0
1779,/content/drive/MyDrive/ucf_experiments/ciclo_experimental_1/data/data_blur/train/Robbery072_x264-c19eee04b2_0_flip_lr_blur.mp4,/content/drive/MyDrive/ucf_experiments/ciclo_experimental_1/data/data_crop/train/Robbery072_x264-c19eee04b2_0_flip_lr_crop.mp4,0
1780,/content/drive/MyDrive/ucf_experiments/ciclo_experimental_1/data/data_blur/train/Fighting025_x264-b65a872d5c_1_flip_lr_blur.mp4,/content/drive/MyDrive/ucf_experiments/ciclo_experimental_1/data/data_crop/train/Fighting025_x264-b65a872d5c_1_flip_lr_crop.mp4,1
1781,/content/drive/MyDrive/ucf_experiments/ciclo_experimental_1/data/data_blur/train/Assault052_x264-3378a90f68_1_flip_lr_blur.mp4,/content/drive/MyDrive/ucf_experiments/ciclo_experimental_1/data/data_crop/train/Assault052_x264-3378a90f68_1_flip_lr_crop.mp4,1
1782,/content/drive/MyDrive/ucf_experiments/ciclo_experimental_1/data/data_blur/train/Fighting039_x264-ff624a5039_1_flip_lr_blur.mp4,/content/drive/MyDrive/ucf_experiments/ciclo_experimental_1/data/data_crop/train/Fighting039_x264-ff624a5039_1_flip_lr_crop.mp4,1
1783,/content/drive/MyDrive/ucf_experiments/ciclo_experimental_1/data/data_blur/train/Assault050_x264-7d0e16751b_1_flip_lr_blur.mp4,/content/drive/MyDrive/ucf_experiments/ciclo_experimental_1/data/data_crop/train/Assault050_x264-7d0e16751b_1_flip_lr_crop.mp4,1
1784,/content/drive/MyDrive/ucf_experiments/ciclo_experimental_1/data/data_blur/train/Fighting040_x264-0bea9677f1_1_flip_lr_blur.mp4,/content/drive/MyDrive/ucf_experiments/ciclo_experimental_1/data/data_crop/train/Fighting040_x264-0bea9677f1_1_flip_lr_crop.mp4,1
1785,/content/drive/MyDrive/ucf_experiments/ciclo_experimental_1/data/data_blur/train/Arrest020_x264-475878aaa3_0_flip_lr_blur.mp4,/content/drive/MyDrive/ucf_experiments/ciclo_experimental_1/data/data_crop/train/Arrest020_x264-475878aaa3_0_flip_lr_crop.mp4,0
1786,/content/drive/MyDrive/ucf_experiments/ciclo_experimental_1/data/data_blur/train/Robbery062_x264-6e6afc4e0f_1_flip_lr_blur.mp4,/content/drive/MyDrive/ucf_experiments/ciclo_experimental_1/data/data_crop/train/Robbery062_x264-6e6afc4e0f_1_flip_lr_crop.mp4,1
1787,/content/drive/MyDrive/ucf_experiments/ciclo_experimental_1/data/data_blur/train/Robbery003_x264-d89ccc7ea4_1_flip_lr_blur.mp4,/content/drive/MyDrive/ucf_experiments/ciclo_experimental_1/data/data_crop/train/Robbery003_x264-d89ccc7ea4_1_flip_lr_crop.mp4,1
1788,/content/drive/MyDrive/ucf_experiments/ciclo_experimental_1/data/data_blur/train/Assault002_x264-f9277e07dd_0_flip_lr_blur.mp4,/content/drive/MyDrive/ucf_experiments/ciclo_experimental_1/data/data_crop/train/Assault002_x264-f9277e07dd_0_flip_lr_crop.mp4,0
1789,/content/drive/MyDrive/ucf_experiments/ciclo_experimental_1/data/data_blur/train/Robbery009_x264-4552d72359_1_flip_lr_blur.mp4,/content/drive/MyDrive/ucf_experiments/ciclo_experimental_1/data/data_crop/train/Robbery009_x264-4552d72359_1_flip_lr_crop.mp4,1
1790,/content/drive/MyDrive/ucf_experiments/ciclo_experimental_1/data/data_blur/train/Assault022_x264-cee9db80bd_0_flip_lr_blur.mp4,/content/drive/MyDrive/ucf_experiments/ciclo_experimental_1/data/data_crop/train/Assault022_x264-cee9db80bd_0_flip_lr_crop.mp4,0
1791,/content/drive/MyDrive/ucf_experiments/ciclo_experimental_1/data/data_blur/train/Fighting006_x264-1c5a86640a_1_flip_lr_blur.mp4,/content/drive/MyDrive/ucf_experiments/ciclo_experimental_1/data/data_crop/train/Fighting006_x264-1c5a86640a_1_flip_lr_crop.mp4,1
1792,/content/drive/MyDrive/ucf_experiments/ciclo_experimental_1/data/data_blur/train/Fighting007_x264-d8653e7ceb_1_flip_lr_blur.mp4,/content/drive/MyDrive/ucf_experiments/ciclo_experimental_1/data/data_crop/train/Fighting007_x264-d8653e7ceb_1_flip_lr_crop.mp4,1
1793,/content/drive/MyDrive/ucf_experiments/ciclo_experimental_1/data/data_blur/train/Assault016_x264-68c69eca3f_1_flip_lr_blur.mp4,/content/drive/MyDrive/ucf_experiments/ciclo_experimental_1/data/data_crop/train/Assault016_x264-68c69eca3f_1_flip_lr_crop.mp4,1
1794,/content/drive/MyDrive/ucf_experiments/ciclo_experimental_1/data/data_blur/train/Robbery030_x264-730beac3f6_0_flip_lr_blur.mp4,/content/drive/MyDrive/ucf_experiments/ciclo_experimental_1/data/data_crop/train/Robbery030_x264-730beac3f6_0_flip_lr_crop.mp4,0
1795,/content/drive/MyDrive/ucf_experiments/ciclo_experimental_1/data/data_blur/train/Robbery096_x264-815141e705_0_flip_lr_blur.mp4,/content/drive/MyDrive/ucf_experiments/ciclo_experimental_1/data/data_crop/train/Robbery096_x264-815141e705_0_flip_lr_crop.mp4,0
1796,/content/drive/MyDrive/ucf_experiments/ciclo_experimental_1/data/data_blur/train/Arrest003_x264-7454260e7f_1_flip_lr_blur.mp4,/content/drive/MyDrive/ucf_experiments/ciclo_experimental_1/data/data_crop/train/Arrest003_x264-7454260e7f_1_flip_lr_crop.mp4,1
1797,/content/drive/MyDrive/ucf_experiments/ciclo_experimental_1/data/data_blur/train/Fighting009_x264-261e90a722_1_flip_lr_blur.mp4,/content/drive/MyDrive/ucf_experiments/ciclo_experimental_1/data/data_crop/train/Fighting009_x264-261e90a722_1_flip_lr_crop.mp4,1
1798,/content/drive/MyDrive/ucf_experiments/ciclo_experimental_1/data/data_blur/train/Assault050_x264-c9a6a27fed_1_flip_lr_blur.mp4,/content/drive/MyDrive/ucf_experiments/ciclo_experimental_1/data/data_crop/train/Assault050_x264-c9a6a27fed_1_flip_lr_crop.mp4,1
1799,/content/drive/MyDrive/ucf_experiments/ciclo_experimental_1/data/data_blur/train/Robbery053_x264-e0560abc20_0_flip_lr_blur.mp4,/content/drive/MyDrive/ucf_experiments/ciclo_experimental_1/data/data_crop/train/Robbery053_x264-e0560abc20_0_flip_lr_crop.mp4,0
1800,/content/drive/MyDrive/ucf_experiments/ciclo_experimental_1/data/data_blur/train/Robbery009_x264-c2534140ac_0_flip_lr_blur.mp4,/content/drive/MyDrive/ucf_experiments/ciclo_experimental_1/data/data_crop/train/Robbery009_x264-c2534140ac_0_flip_lr_crop.mp4,0
1801,/content/drive/MyDrive/ucf_experiments/ciclo_experimental_1/data/data_blur/train/Robbery026_x264-e40a1d9580_0_flip_lr_blur.mp4,/content/drive/MyDrive/ucf_experiments/ciclo_experimental_1/data/data_crop/train/Robbery026_x264-e40a1d9580_0_flip_lr_crop.mp4,0
1802,/content/drive/MyDrive/ucf_experiments/ciclo_experimental_1/data/data_blur/train/Robbery058_x264-a62e66382d_1_flip_lr_blur.mp4,/content/drive/MyDrive/ucf_experiments/ciclo_experimental_1/data/data_crop/train/Robbery058_x264-a62e66382d_1_flip_lr_crop.mp4,1
1803,/content/drive/MyDrive/ucf_experiments/ciclo_experimental_1/data/data_blur/train/Assault025_x264-062aae8772_0_flip_lr_blur.mp4,/content/drive/MyDrive/ucf_experiments/ciclo_experimental_1/data/data_crop/train/Assault025_x264-062aae8772_0_flip_lr_crop.mp4,0
1804,/content/drive/MyDrive/ucf_experiments/ciclo_experimental_1/data/data_blur/train/Arrest021_x264-de3ddf2b7d_1_flip_lr_blur.mp4,/content/drive/MyDrive/ucf_experiments/ciclo_experimental_1/data/data_crop/train/Arrest021_x264-de3ddf2b7d_1_flip_lr_crop.mp4,1
1805,/content/drive/MyDrive/ucf_experiments/ciclo_experimental_1/data/data_blur/train/Robbery033_x264-2b6061e7ac_1_flip_lr_blur.mp4,/content/drive/MyDrive/ucf_experiments/ciclo_experimental_1/data/data_crop/train/Robbery033_x264-2b6061e7ac_1_flip_lr_crop.mp4,1
1806,/content/drive/MyDrive/ucf_experiments/ciclo_experimental_1/data/data_blur/train/Fighting016_x264-249cb2d94b_1_flip_lr_blur.mp4,/content/drive/MyDrive/ucf_experiments/ciclo_experimental_1/data/data_crop/train/Fighting016_x264-249cb2d94b_1_flip_lr_crop.mp4,1
1807,/content/drive/MyDrive/ucf_experiments/ciclo_experimental_1/data/data_blur/train/Abuse011_x264-589b85be3d_1_flip_lr_blur.mp4,/content/drive/MyDrive/ucf_experiments/ciclo_experimental_1/data/data_crop/train/Abuse011_x264-589b85be3d_1_flip_lr_crop.mp4,1
1808,/content/drive/MyDrive/ucf_experiments/ciclo_experimental_1/data/data_blur/train/Arrest017_x264-061cebf537_0_flip_lr_blur.mp4,/content/drive/MyDrive/ucf_experiments/ciclo_experimental_1/data/data_crop/train/Arrest017_x264-061cebf537_0_flip_lr_crop.mp4,0
1809,/content/drive/MyDrive/ucf_experiments/ciclo_experimental_1/data/data_blur/train/Arrest005_x264-40a3095d7f_1_flip_lr_blur.mp4,/content/drive/MyDrive/ucf_experiments/ciclo_experimental_1/data/data_crop/train/Arrest005_x264-40a3095d7f_1_flip_lr_crop.mp4,1
1810,/content/drive/MyDrive/ucf_experiments/ciclo_experimental_1/data/data_blur/train/Arrest013_x264-892b4ed2e2_0_flip_lr_blur.mp4,/content/drive/MyDrive/ucf_experiments/ciclo_experimental_1/data/data_crop/train/Arrest013_x264-892b4ed2e2_0_flip_lr_crop.mp4,0
1811,/content/drive/MyDrive/ucf_experiments/ciclo_experimental_1/data/data_blur/train/Abuse009_x264-eb9aa132a6_1_flip_lr_blur.mp4,/content/drive/MyDrive/ucf_experiments/ciclo_experimental_1/data/data_crop/train/Abuse009_x264-eb9aa132a6_1_flip_lr_crop.mp4,1
1812,/content/drive/MyDrive/ucf_experiments/ciclo_experimental_1/data/data_blur/train/Fighting025_x264-9efaa48c38_0_flip_lr_blur.mp4,/content/drive/MyDrive/ucf_experiments/ciclo_experimental_1/data/data_crop/train/Fighting025_x264-9efaa48c38_0_flip_lr_crop.mp4,0
1813,/content/drive/MyDrive/ucf_experiments/ciclo_experimental_1/data/data_blur/train/Abuse006_x264-5daf1f3d52_1_flip_lr_blur.mp4,/content/drive/MyDrive/ucf_experiments/ciclo_experimental_1/data/data_crop/train/Abuse006_x264-5daf1f3d52_1_flip_lr_crop.mp4,1
1814,/content/drive/MyDrive/ucf_experiments/ciclo_experimental_1/data/data_blur/train/Abuse036_x264-02e130939b_0_flip_lr_blur.mp4,/content/drive/MyDrive/ucf_experiments/ciclo_experimental_1/data/data_crop/train/Abuse036_x264-02e130939b_0_flip_lr_crop.mp4,0
1815,/content/drive/MyDrive/ucf_experiments/ciclo_experimental_1/data/data_blur/train/Abuse026_x264-cb11159b12_1_flip_lr_blur.mp4,/content/drive/MyDrive/ucf_experiments/ciclo_experimental_1/data/data_crop/train/Abuse026_x264-cb11159b12_1_flip_lr_crop.mp4,1
1816,/content/drive/MyDrive/ucf_experiments/ciclo_experimental_1/data/data_blur/train/Robbery008_x264-d29693f634_1_flip_lr_blur.mp4,/content/drive/MyDrive/ucf_experiments/ciclo_experimental_1/data/data_crop/train/Robbery008_x264-d29693f634_1_flip_lr_crop.mp4,1
1817,/content/drive/MyDrive/ucf_experiments/ciclo_experimental_1/data/data_blur/train/Robbery053_x264-e04c207774_0_flip_lr_blur.mp4,/content/drive/MyDrive/ucf_experiments/ciclo_experimental_1/data/data_crop/train/Robbery053_x264-e04c207774_0_flip_lr_crop.mp4,0
1818,/content/drive/MyDrive/ucf_experiments/ciclo_experimental_1/data/data_blur/train/Assault001_x264-3c61c10052_0_flip_lr_blur.mp4,/content/drive/MyDrive/ucf_experiments/ciclo_experimental_1/data/data_crop/train/Assault001_x264-3c61c10052_0_flip_lr_crop.mp4,0
1819,/content/drive/MyDrive/ucf_experiments/ciclo_experimental_1/data/data_blur/train/Assault017_x264-d22004dc98_1_flip_lr_blur.mp4,/content/drive/MyDrive/ucf_experiments/ciclo_experimental_1/data/data_crop/train/Assault017_x264-d22004dc98_1_flip_lr_crop.mp4,1
1820,/content/drive/MyDrive/ucf_experiments/ciclo_experimental_1/data/data_blur/train/Abuse046_x264-6b07f8fca4_0_flip_lr_blur.mp4,/content/drive/MyDrive/ucf_experiments/ciclo_experimental_1/data/data_crop/train/Abuse046_x264-6b07f8fca4_0_flip_lr_crop.mp4,0
1821,/content/drive/MyDrive/ucf_experiments/ciclo_experimental_1/data/data_blur/train/Fighting038_x264-d93ccbf625_0_flip_lr_blur.mp4,/content/drive/MyDrive/ucf_experiments/ciclo_experimental_1/data/data_crop/train/Fighting038_x264-d93ccbf625_0_flip_lr_crop.mp4,0
1822,/content/drive/MyDrive/ucf_experiments/ciclo_experimental_1/data/data_blur/train/Arrest028_x264-1a61b9a531_0_flip_lr_blur.mp4,/content/drive/MyDrive/ucf_experiments/ciclo_experimental_1/data/data_crop/train/Arrest028_x264-1a61b9a531_0_flip_lr_crop.mp4,0
1823,/content/drive/MyDrive/ucf_experiments/ciclo_experimental_1/data/data_blur/train/Robbery009_x264-db43f10e26_1_flip_lr_blur.mp4,/content/drive/MyDrive/ucf_experiments/ciclo_experimental_1/data/data_crop/train/Robbery009_x264-db43f10e26_1_flip_lr_crop.mp4,1
1824,/content/drive/MyDrive/ucf_experiments/ciclo_experimental_1/data/data_blur/train/Abuse045_x264-0a2788d24c_1_flip_lr_blur.mp4,/content/drive/MyDrive/ucf_experiments/ciclo_experimental_1/data/data_crop/train/Abuse045_x264-0a2788d24c_1_flip_lr_crop.mp4,1
1825,/content/drive/MyDrive/ucf_experiments/ciclo_experimental_1/data/data_blur/train/Assault030_x264-a48b575d70_1_flip_lr_blur.mp4,/content/drive/MyDrive/ucf_experiments/ciclo_experimental_1/data/data_crop/train/Assault030_x264-a48b575d70_1_flip_lr_crop.mp4,1
1826,/content/drive/MyDrive/ucf_experiments/ciclo_experimental_1/data/data_blur/train/Fighting040_x264-9c161f5e4a_0_flip_lr_blur.mp4,/content/drive/MyDrive/ucf_experiments/ciclo_experimental_1/data/data_crop/train/Fighting040_x264-9c161f5e4a_0_flip_lr_crop.mp4,0
1827,/content/drive/MyDrive/ucf_experiments/ciclo_experimental_1/data/data_blur/train/Arrest005_x264-54520f829a_1_flip_lr_blur.mp4,/content/drive/MyDrive/ucf_experiments/ciclo_experimental_1/data/data_crop/train/Arrest005_x264-54520f829a_1_flip_lr_crop.mp4,1
1828,/content/drive/MyDrive/ucf_experiments/ciclo_experimental_1/data/data_blur/train/Abuse042_x264-f5d2c2b575_0_flip_lr_blur.mp4,/content/drive/MyDrive/ucf_experiments/ciclo_experimental_1/data/data_crop/train/Abuse042_x264-f5d2c2b575_0_flip_lr_crop.mp4,0
1829,/content/drive/MyDrive/ucf_experiments/ciclo_experimental_1/data/data_blur/train/Abuse016_x264-30b7b7087b_1_flip_lr_blur.mp4,/content/drive/MyDrive/ucf_experiments/ciclo_experimental_1/data/data_crop/train/Abuse016_x264-30b7b7087b_1_flip_lr_crop.mp4,1
1830,/content/drive/MyDrive/ucf_experiments/ciclo_experimental_1/data/data_blur/train/Robbery020_x264-1c4bf728fa_0_flip_lr_blur.mp4,/content/drive/MyDrive/ucf_experiments/ciclo_experimental_1/data/data_crop/train/Robbery020_x264-1c4bf728fa_0_flip_lr_crop.mp4,0
1831,/content/drive/MyDrive/ucf_experiments/ciclo_experimental_1/data/data_blur/train/Fighting034_x264-ad7ae439fd_0_flip_lr_blur.mp4,/content/drive/MyDrive/ucf_experiments/ciclo_experimental_1/data/data_crop/train/Fighting034_x264-ad7ae439fd_0_flip_lr_crop.mp4,0
1832,/content/drive/MyDrive/ucf_experiments/ciclo_experimental_1/data/data_blur/train/Assault007_x264-fa8f2f87f5_1_flip_lr_blur.mp4,/content/drive/MyDrive/ucf_experiments/ciclo_experimental_1/data/data_crop/train/Assault007_x264-fa8f2f87f5_1_flip_lr_crop.mp4,1
1833,/content/drive/MyDrive/ucf_experiments/ciclo_experimental_1/data/data_blur/train/Abuse049_x264-b66851599a_0_flip_lr_blur.mp4,/content/drive/MyDrive/ucf_experiments/ciclo_experimental_1/data/data_crop/train/Abuse049_x264-b66851599a_0_flip_lr_crop.mp4,0
1834,/content/drive/MyDrive/ucf_experiments/ciclo_experimental_1/data/data_blur/train/Arrest029_x264-4170896cd0_0_flip_lr_blur.mp4,/content/drive/MyDrive/ucf_experiments/ciclo_experimental_1/data/data_crop/train/Arrest029_x264-4170896cd0_0_flip_lr_crop.mp4,0
1835,/content/drive/MyDrive/ucf_experiments/ciclo_experimental_1/data/data_blur/train/Robbery043_x264-0574318add_1_flip_lr_blur.mp4,/content/drive/MyDrive/ucf_experiments/ciclo_experimental_1/data/data_crop/train/Robbery043_x264-0574318add_1_flip_lr_crop.mp4,1
1836,/content/drive/MyDrive/ucf_experiments/ciclo_experimental_1/data/data_blur/train/Abuse005_x264-c45d76bf70_0_flip_lr_blur.mp4,/content/drive/MyDrive/ucf_experiments/ciclo_experimental_1/data/data_crop/train/Abuse005_x264-c45d76bf70_0_flip_lr_crop.mp4,0
1837,/content/drive/MyDrive/ucf_experiments/ciclo_experimental_1/data/data_blur/train/Robbery056_x264-df1233b565_1_flip_lr_blur.mp4,/content/drive/MyDrive/ucf_experiments/ciclo_experimental_1/data/data_crop/train/Robbery056_x264-df1233b565_1_flip_lr_crop.mp4,1
1838,/content/drive/MyDrive/ucf_experiments/ciclo_experimental_1/data/data_blur/train/Abuse008_x264-7567cfefb3_1_flip_lr_blur.mp4,/content/drive/MyDrive/ucf_experiments/ciclo_experimental_1/data/data_crop/train/Abuse008_x264-7567cfefb3_1_flip_lr_crop.mp4,1
1839,/content/drive/MyDrive/ucf_experiments/ciclo_experimental_1/data/data_blur/train/Robbery038_x264-82a0035758_1_flip_lr_blur.mp4,/content/drive/MyDrive/ucf_experiments/ciclo_experimental_1/data/data_crop/train/Robbery038_x264-82a0035758_1_flip_lr_crop.mp4,1
1840,/content/drive/MyDrive/ucf_experiments/ciclo_experimental_1/data/data_blur/train/Robbery006_x264-8201c470b2_1_flip_lr_blur.mp4,/content/drive/MyDrive/ucf_experiments/ciclo_experimental_1/data/data_crop/train/Robbery006_x264-8201c470b2_1_flip_lr_crop.mp4,1
1841,/content/drive/MyDrive/ucf_experiments/ciclo_experimental_1/data/data_blur/train/Arrest028_x264-dbb5959431_1_flip_lr_blur.mp4,/content/drive/MyDrive/ucf_experiments/ciclo_experimental_1/data/data_crop/train/Arrest028_x264-dbb5959431_1_flip_lr_crop.mp4,1
1842,/content/drive/MyDrive/ucf_experiments/ciclo_experimental_1/data/data_blur/train/Fighting024_x264-253576b36e_1_flip_lr_blur.mp4,/content/drive/MyDrive/ucf_experiments/ciclo_experimental_1/data/data_crop/train/Fighting024_x264-253576b36e_1_flip_lr_crop.mp4,1
1843,/content/drive/MyDrive/ucf_experiments/ciclo_experimental_1/data/data_blur/train/Fighting026_x264-a85a0d75ee_1_flip_lr_blur.mp4,/content/drive/MyDrive/ucf_experiments/ciclo_experimental_1/data/data_crop/train/Fighting026_x264-a85a0d75ee_1_flip_lr_crop.mp4,1
1844,/content/drive/MyDrive/ucf_experiments/ciclo_experimental_1/data/data_blur/train/Robbery035_x264-a401f2db08_0_flip_lr_blur.mp4,/content/drive/MyDrive/ucf_experiments/ciclo_experimental_1/data/data_crop/train/Robbery035_x264-a401f2db08_0_flip_lr_crop.mp4,0
1845,/content/drive/MyDrive/ucf_experiments/ciclo_experimental_1/data/data_blur/train/Robbery058_x264-9e783ed555_1_flip_lr_blur.mp4,/content/drive/MyDrive/ucf_experiments/ciclo_experimental_1/data/data_crop/train/Robbery058_x264-9e783ed555_1_flip_lr_crop.mp4,1
1846,/content/drive/MyDrive/ucf_experiments/ciclo_experimental_1/data/data_blur/train/Robbery100_x264-ec7516efee_1_flip_lr_blur.mp4,/content/drive/MyDrive/ucf_experiments/ciclo_experimental_1/data/data_crop/train/Robbery100_x264-ec7516efee_1_flip_lr_crop.mp4,1
1847,/content/drive/MyDrive/ucf_experiments/ciclo_experimental_1/data/data_blur/train/Assault049_x264-be990714b9_0_flip_lr_blur.mp4,/content/drive/MyDrive/ucf_experiments/ciclo_experimental_1/data/data_crop/train/Assault049_x264-be990714b9_0_flip_lr_crop.mp4,0
1848,/content/drive/MyDrive/ucf_experiments/ciclo_experimental_1/data/data_blur/train/Fighting011_x264-6f83b21022_0_flip_lr_blur.mp4,/content/drive/MyDrive/ucf_experiments/ciclo_experimental_1/data/data_crop/train/Fighting011_x264-6f83b21022_0_flip_lr_crop.mp4,0
1849,/content/drive/MyDrive/ucf_experiments/ciclo_experimental_1/data/data_blur/train/Robbery095_x264-4769250bbe_0_flip_lr_blur.mp4,/content/drive/MyDrive/ucf_experiments/ciclo_experimental_1/data/data_crop/train/Robbery095_x264-4769250bbe_0_flip_lr_crop.mp4,0
1850,/content/drive/MyDrive/ucf_experiments/ciclo_experimental_1/data/data_blur/train/Abuse022_x264-5f7a9c1c6b_0_flip_lr_blur.mp4,/content/drive/MyDrive/ucf_experiments/ciclo_experimental_1/data/data_crop/train/Abuse022_x264-5f7a9c1c6b_0_flip_lr_crop.mp4,0
1851,/content/drive/MyDrive/ucf_experiments/ciclo_experimental_1/data/data_blur/train/Abuse043_x264-b73b85eff3_1_flip_lr_blur.mp4,/content/drive/MyDrive/ucf_experiments/ciclo_experimental_1/data/data_crop/train/Abuse043_x264-b73b85eff3_1_flip_lr_crop.mp4,1
1852,/content/drive/MyDrive/ucf_experiments/ciclo_experimental_1/data/data_blur/train/Abuse024_x264-abae0c67e7_1_flip_lr_blur.mp4,/content/drive/MyDrive/ucf_experiments/ciclo_experimental_1/data/data_crop/train/Abuse024_x264-abae0c67e7_1_flip_lr_crop.mp4,1
1853,/content/drive/MyDrive/ucf_experiments/ciclo_experimental_1/data/data_blur/train/Assault040_x264-246277b998_0_flip_lr_blur.mp4,/content/drive/MyDrive/ucf_experiments/ciclo_experimental_1/data/data_crop/train/Assault040_x264-246277b998_0_flip_lr_crop.mp4,0
1854,/content/drive/MyDrive/ucf_experiments/ciclo_experimental_1/data/data_blur/train/Arrest032_x264-dc8a8a31e0_0_flip_lr_blur.mp4,/content/drive/MyDrive/ucf_experiments/ciclo_experimental_1/data/data_crop/train/Arrest032_x264-dc8a8a31e0_0_flip_lr_crop.mp4,0
1855,/content/drive/MyDrive/ucf_experiments/ciclo_experimental_1/data/data_blur/train/Abuse011_x264-c383768d64_1_flip_lr_blur.mp4,/content/drive/MyDrive/ucf_experiments/ciclo_experimental_1/data/data_crop/train/Abuse011_x264-c383768d64_1_flip_lr_crop.mp4,1
1856,/content/drive/MyDrive/ucf_experiments/ciclo_experimental_1/data/data_blur/train/Fighting011_x264-bcefcac8e0_1_flip_lr_blur.mp4,/content/drive/MyDrive/ucf_experiments/ciclo_experimental_1/data/data_crop/train/Fighting011_x264-bcefcac8e0_1_flip_lr_crop.mp4,1
1857,/content/drive/MyDrive/ucf_experiments/ciclo_experimental_1/data/data_blur/train/Arrest003_x264-f71193dcdf_1_flip_lr_blur.mp4,/content/drive/MyDrive/ucf_experiments/ciclo_experimental_1/data/data_crop/train/Arrest003_x264-f71193dcdf_1_flip_lr_crop.mp4,1
1858,/content/drive/MyDrive/ucf_experiments/ciclo_experimental_1/data/data_blur/train/Assault040_x264-5181489075_0_flip_lr_blur.mp4,/content/drive/MyDrive/ucf_experiments/ciclo_experimental_1/data/data_crop/train/Assault040_x264-5181489075_0_flip_lr_crop.mp4,0
1859,/content/drive/MyDrive/ucf_experiments/ciclo_experimental_1/data/data_blur/train/Assault008_x264-dbd6e25d4d_1_flip_lr_blur.mp4,/content/drive/MyDrive/ucf_experiments/ciclo_experimental_1/data/data_crop/train/Assault008_x264-dbd6e25d4d_1_flip_lr_crop.mp4,1
1860,/content/drive/MyDrive/ucf_experiments/ciclo_experimental_1/data/data_blur/train/Robbery033_x264-d1c18ab285_1_flip_lr_blur.mp4,/content/drive/MyDrive/ucf_experiments/ciclo_experimental_1/data/data_crop/train/Robbery033_x264-d1c18ab285_1_flip_lr_crop.mp4,1
1861,/content/drive/MyDrive/ucf_experiments/ciclo_experimental_1/data/data_blur/train/Abuse019_x264-1ed901e6bd_0_flip_lr_blur.mp4,/content/drive/MyDrive/ucf_experiments/ciclo_experimental_1/data/data_crop/train/Abuse019_x264-1ed901e6bd_0_flip_lr_crop.mp4,0
1862,/content/drive/MyDrive/ucf_experiments/ciclo_experimental_1/data/data_blur/train/Fighting007_x264-ba544143c4_1_flip_lr_blur.mp4,/content/drive/MyDrive/ucf_experiments/ciclo_experimental_1/data/data_crop/train/Fighting007_x264-ba544143c4_1_flip_lr_crop.mp4,1
1863,/content/drive/MyDrive/ucf_experiments/ciclo_experimental_1/data/data_blur/train/Arrest008_x264-04399e7e1c_0_flip_lr_blur.mp4,/content/drive/MyDrive/ucf_experiments/ciclo_experimental_1/data/data_crop/train/Arrest008_x264-04399e7e1c_0_flip_lr_crop.mp4,0
1864,/content/drive/MyDrive/ucf_experiments/ciclo_experimental_1/data/data_blur/train/Assault015_x264-d340072b8a_1_flip_lr_blur.mp4,/content/drive/MyDrive/ucf_experiments/ciclo_experimental_1/data/data_crop/train/Assault015_x264-d340072b8a_1_flip_lr_crop.mp4,1
1865,/content/drive/MyDrive/ucf_experiments/ciclo_experimental_1/data/data_blur/train/Robbery026_x264-c2b6af653b_1_flip_lr_blur.mp4,/content/drive/MyDrive/ucf_experiments/ciclo_experimental_1/data/data_crop/train/Robbery026_x264-c2b6af653b_1_flip_lr_crop.mp4,1
1866,/content/drive/MyDrive/ucf_experiments/ciclo_experimental_1/data/data_blur/train/Arrest048_x264-049704314a_1_flip_lr_blur.mp4,/content/drive/MyDrive/ucf_experiments/ciclo_experimental_1/data/data_crop/train/Arrest048_x264-049704314a_1_flip_lr_crop.mp4,1
1867,/content/drive/MyDrive/ucf_experiments/ciclo_experimental_1/data/data_blur/train/Robbery067_x264-bc22055241_0_flip_lr_blur.mp4,/content/drive/MyDrive/ucf_experiments/ciclo_experimental_1/data/data_crop/train/Robbery067_x264-bc22055241_0_flip_lr_crop.mp4,0
1868,/content/drive/MyDrive/ucf_experiments/ciclo_experimental_1/data/data_blur/train/Assault051_x264-326da721a6_1_flip_lr_blur.mp4,/content/drive/MyDrive/ucf_experiments/ciclo_experimental_1/data/data_crop/train/Assault051_x264-326da721a6_1_flip_lr_crop.mp4,1
1869,/content/drive/MyDrive/ucf_experiments/ciclo_experimental_1/data/data_blur/train/Robbery020_x264-ad5a3e5cfa_0_flip_lr_blur.mp4,/content/drive/MyDrive/ucf_experiments/ciclo_experimental_1/data/data_crop/train/Robbery020_x264-ad5a3e5cfa_0_flip_lr_crop.mp4,0
1870,/content/drive/MyDrive/ucf_experiments/ciclo_experimental_1/data/data_blur/train/Fighting035_x264-96b23038f7_0_flip_lr_blur.mp4,/content/drive/MyDrive/ucf_experiments/ciclo_experimental_1/data/data_crop/train/Fighting035_x264-96b23038f7_0_flip_lr_crop.mp4,0
1871,/content/drive/MyDrive/ucf_experiments/ciclo_experimental_1/data/data_blur/train/Assault036_x264-5a8905f9fe_1_flip_lr_blur.mp4,/content/drive/MyDrive/ucf_experiments/ciclo_experimental_1/data/data_crop/train/Assault036_x264-5a8905f9fe_1_flip_lr_crop.mp4,1
1872,/content/drive/MyDrive/ucf_experiments/ciclo_experimental_1/data/data_blur/train/Robbery105_x264-1114bb179a_0_flip_lr_blur.mp4,/content/drive/MyDrive/ucf_experiments/ciclo_experimental_1/data/data_crop/train/Robbery105_x264-1114bb179a_0_flip_lr_crop.mp4,0
1873,/content/drive/MyDrive/ucf_experiments/ciclo_experimental_1/data/data_blur/train/Abuse043_x264-c4460eb918_1_flip_lr_blur.mp4,/content/drive/MyDrive/ucf_experiments/ciclo_experimental_1/data/data_crop/train/Abuse043_x264-c4460eb918_1_flip_lr_crop.mp4,1
1874,/content/drive/MyDrive/ucf_experiments/ciclo_experimental_1/data/data_blur/train/Arrest038_x264-a69df05e19_1_flip_lr_blur.mp4,/content/drive/MyDrive/ucf_experiments/ciclo_experimental_1/data/data_crop/train/Arrest038_x264-a69df05e19_1_flip_lr_crop.mp4,1
1875,/content/drive/MyDrive/ucf_experiments/ciclo_experimental_1/data/data_blur/train/Abuse032_x264-0b9dc64d63_0_flip_lr_blur.mp4,/content/drive/MyDrive/ucf_experiments/ciclo_experimental_1/data/data_crop/train/Abuse032_x264-0b9dc64d63_0_flip_lr_crop.mp4,0
1876,/content/drive/MyDrive/ucf_experiments/ciclo_experimental_1/data/data_blur/train/Arrest005_x264-84882fc450_1_flip_lr_blur.mp4,/content/drive/MyDrive/ucf_experiments/ciclo_experimental_1/data/data_crop/train/Arrest005_x264-84882fc450_1_flip_lr_crop.mp4,1
1877,/content/drive/MyDrive/ucf_experiments/ciclo_experimental_1/data/data_blur/train/Robbery067_x264-7d37cf80ce_0_flip_lr_blur.mp4,/content/drive/MyDrive/ucf_experiments/ciclo_experimental_1/data/data_crop/train/Robbery067_x264-7d37cf80ce_0_flip_lr_crop.mp4,0
1878,/content/drive/MyDrive/ucf_experiments/ciclo_experimental_1/data/data_blur/train/Assault044_x264-939266e7ac_0_flip_lr_blur.mp4,/content/drive/MyDrive/ucf_experiments/ciclo_experimental_1/data/data_crop/train/Assault044_x264-939266e7ac_0_flip_lr_crop.mp4,0
1879,/content/drive/MyDrive/ucf_experiments/ciclo_experimental_1/data/data_blur/train/Fighting006_x264-081aa41f46_1_flip_lr_blur.mp4,/content/drive/MyDrive/ucf_experiments/ciclo_experimental_1/data/data_crop/train/Fighting006_x264-081aa41f46_1_flip_lr_crop.mp4,1
1880,/content/drive/MyDrive/ucf_experiments/ciclo_experimental_1/data/data_blur/train/Fighting036_x264-87aa3bedd3_1_flip_lr_blur.mp4,/content/drive/MyDrive/ucf_experiments/ciclo_experimental_1/data/data_crop/train/Fighting036_x264-87aa3bedd3_1_flip_lr_crop.mp4,1
1881,/content/drive/MyDrive/ucf_experiments/ciclo_experimental_1/data/data_blur/train/Assault007_x264-1293c98407_0_flip_lr_blur.mp4,/content/drive/MyDrive/ucf_experiments/ciclo_experimental_1/data/data_crop/train/Assault007_x264-1293c98407_0_flip_lr_crop.mp4,0
1882,/content/drive/MyDrive/ucf_experiments/ciclo_experimental_1/data/data_blur/train/Robbery062_x264-471d61e05e_0_flip_lr_blur.mp4,/content/drive/MyDrive/ucf_experiments/ciclo_experimental_1/data/data_crop/train/Robbery062_x264-471d61e05e_0_flip_lr_crop.mp4,0
1883,/content/drive/MyDrive/ucf_experiments/ciclo_experimental_1/data/data_blur/train/Abuse031_x264-e1ab1b26d4_0_flip_lr_blur.mp4,/content/drive/MyDrive/ucf_experiments/ciclo_experimental_1/data/data_crop/train/Abuse031_x264-e1ab1b26d4_0_flip_lr_crop.mp4,0
1884,/content/drive/MyDrive/ucf_experiments/ciclo_experimental_1/data/data_blur/train/Arrest017_x264-95d2b5b019_0_flip_lr_blur.mp4,/content/drive/MyDrive/ucf_experiments/ciclo_experimental_1/data/data_crop/train/Arrest017_x264-95d2b5b019_0_flip_lr_crop.mp4,0
1885,/content/drive/MyDrive/ucf_experiments/ciclo_experimental_1/data/data_blur/train/Fighting036_x264-fd9ee627f3_1_flip_lr_blur.mp4,/content/drive/MyDrive/ucf_experiments/ciclo_experimental_1/data/data_crop/train/Fighting036_x264-fd9ee627f3_1_flip_lr_crop.mp4,1
1886,/content/drive/MyDrive/ucf_experiments/ciclo_experimental_1/data/data_blur/train/Assault015_x264-bfdfc67a18_0_flip_lr_blur.mp4,/content/drive/MyDrive/ucf_experiments/ciclo_experimental_1/data/data_crop/train/Assault015_x264-bfdfc67a18_0_flip_lr_crop.mp4,0
1887,/content/drive/MyDrive/ucf_experiments/ciclo_experimental_1/data/data_blur/train/Assault014_x264-dae71816fd_0_flip_lr_blur.mp4,/content/drive/MyDrive/ucf_experiments/ciclo_experimental_1/data/data_crop/train/Assault014_x264-dae71816fd_0_flip_lr_crop.mp4,0
1888,/content/drive/MyDrive/ucf_experiments/ciclo_experimental_1/data/data_blur/train/Robbery071_x264-0e282922fe_0_flip_lr_blur.mp4,/content/drive/MyDrive/ucf_experiments/ciclo_experimental_1/data/data_crop/train/Robbery071_x264-0e282922fe_0_flip_lr_crop.mp4,0
1889,/content/drive/MyDrive/ucf_experiments/ciclo_experimental_1/data/data_blur/train/Robbery064_x264-211689e80b_0_flip_lr_blur.mp4,/content/drive/MyDrive/ucf_experiments/ciclo_experimental_1/data/data_crop/train/Robbery064_x264-211689e80b_0_flip_lr_crop.mp4,0
1890,/content/drive/MyDrive/ucf_experiments/ciclo_experimental_1/data/data_blur/train/Arrest003_x264-b5058b2b70_0_flip_lr_blur.mp4,/content/drive/MyDrive/ucf_experiments/ciclo_experimental_1/data/data_crop/train/Arrest003_x264-b5058b2b70_0_flip_lr_crop.mp4,0
1891,/content/drive/MyDrive/ucf_experiments/ciclo_experimental_1/data/data_blur/train/Assault017_x264-56c2648221_1_flip_lr_blur.mp4,/content/drive/MyDrive/ucf_experiments/ciclo_experimental_1/data/data_crop/train/Assault017_x264-56c2648221_1_flip_lr_crop.mp4,1
1892,/content/drive/MyDrive/ucf_experiments/ciclo_experimental_1/data/data_blur/train/Assault007_x264-d59d7d1eef_1_flip_lr_blur.mp4,/content/drive/MyDrive/ucf_experiments/ciclo_experimental_1/data/data_crop/train/Assault007_x264-d59d7d1eef_1_flip_lr_crop.mp4,1
1893,/content/drive/MyDrive/ucf_experiments/ciclo_experimental_1/data/data_blur/train/Abuse023_x264-3acf04af06_1_flip_lr_blur.mp4,/content/drive/MyDrive/ucf_experiments/ciclo_experimental_1/data/data_crop/train/Abuse023_x264-3acf04af06_1_flip_lr_crop.mp4,1
1894,/content/drive/MyDrive/ucf_experiments/ciclo_experimental_1/data/data_blur/train/Arrest025_x264-9c8db8e0f4_1_flip_lr_blur.mp4,/content/drive/MyDrive/ucf_experiments/ciclo_experimental_1/data/data_crop/train/Arrest025_x264-9c8db8e0f4_1_flip_lr_crop.mp4,1
1895,/content/drive/MyDrive/ucf_experiments/ciclo_experimental_1/data/data_blur/train/Arrest023_x264-a9c28fac04_1_flip_lr_blur.mp4,/content/drive/MyDrive/ucf_experiments/ciclo_experimental_1/data/data_crop/train/Arrest023_x264-a9c28fac04_1_flip_lr_crop.mp4,1
1896,/content/drive/MyDrive/ucf_experiments/ciclo_experimental_1/data/data_blur/train/Abuse009_x264-a2bc831c85_1_flip_lr_blur.mp4,/content/drive/MyDrive/ucf_experiments/ciclo_experimental_1/data/data_crop/train/Abuse009_x264-a2bc831c85_1_flip_lr_crop.mp4,1
1897,/content/drive/MyDrive/ucf_experiments/ciclo_experimental_1/data/data_blur/train/Fighting036_x264-935bef80e5_1_flip_lr_blur.mp4,/content/drive/MyDrive/ucf_experiments/ciclo_experimental_1/data/data_crop/train/Fighting036_x264-935bef80e5_1_flip_lr_crop.mp4,1
1898,/content/drive/MyDrive/ucf_experiments/ciclo_experimental_1/data/data_blur/train/Robbery093_x264-3a1501a815_0_flip_lr_blur.mp4,/content/drive/MyDrive/ucf_experiments/ciclo_experimental_1/data/data_crop/train/Robbery093_x264-3a1501a815_0_flip_lr_crop.mp4,0
1899,/content/drive/MyDrive/ucf_experiments/ciclo_experimental_1/data/data_blur/train/Arrest017_x264-eacf0a0b5a_0_flip_lr_blur.mp4,/content/drive/MyDrive/ucf_experiments/ciclo_experimental_1/data/data_crop/train/Arrest017_x264-eacf0a0b5a_0_flip_lr_crop.mp4,0
1900,/content/drive/MyDrive/ucf_experiments/ciclo_experimental_1/data/data_blur/train/Fighting051_x264-db34728da7_1_flip_lr_blur.mp4,/content/drive/MyDrive/ucf_experiments/ciclo_experimental_1/data/data_crop/train/Fighting051_x264-db34728da7_1_flip_lr_crop.mp4,1
1901,/content/drive/MyDrive/ucf_experiments/ciclo_experimental_1/data/data_blur/train/Arrest017_x264-84d74300f2_0_flip_lr_blur.mp4,/content/drive/MyDrive/ucf_experiments/ciclo_experimental_1/data/data_crop/train/Arrest017_x264-84d74300f2_0_flip_lr_crop.mp4,0
1902,/content/drive/MyDrive/ucf_experiments/ciclo_experimental_1/data/data_blur/train/Arrest029_x264-f191391551_1_flip_lr_blur.mp4,/content/drive/MyDrive/ucf_experiments/ciclo_experimental_1/data/data_crop/train/Arrest029_x264-f191391551_1_flip_lr_crop.mp4,1
1903,/content/drive/MyDrive/ucf_experiments/ciclo_experimental_1/data/data_blur/train/Fighting025_x264-ae949f04af_1_flip_lr_blur.mp4,/content/drive/MyDrive/ucf_experiments/ciclo_experimental_1/data/data_crop/train/Fighting025_x264-ae949f04af_1_flip_lr_crop.mp4,1
1904,/content/drive/MyDrive/ucf_experiments/ciclo_experimental_1/data/data_blur/train/Fighting027_x264-f714e9076c_1_flip_lr_blur.mp4,/content/drive/MyDrive/ucf_experiments/ciclo_experimental_1/data/data_crop/train/Fighting027_x264-f714e9076c_1_flip_lr_crop.mp4,1
1905,/content/drive/MyDrive/ucf_experiments/ciclo_experimental_1/data/data_blur/train/Arrest025_x264-8e5ee2a032_0_flip_lr_blur.mp4,/content/drive/MyDrive/ucf_experiments/ciclo_experimental_1/data/data_crop/train/Arrest025_x264-8e5ee2a032_0_flip_lr_crop.mp4,0
1906,/content/drive/MyDrive/ucf_experiments/ciclo_experimental_1/data/data_blur/train/Robbery030_x264-8b4e8198ba_0_flip_lr_blur.mp4,/content/drive/MyDrive/ucf_experiments/ciclo_experimental_1/data/data_crop/train/Robbery030_x264-8b4e8198ba_0_flip_lr_crop.mp4,0
1907,/content/drive/MyDrive/ucf_experiments/ciclo_experimental_1/data/data_blur/train/Abuse044_x264-af8bc940a6_0_flip_lr_blur.mp4,/content/drive/MyDrive/ucf_experiments/ciclo_experimental_1/data/data_crop/train/Abuse044_x264-af8bc940a6_0_flip_lr_crop.mp4,0
1908,/content/drive/MyDrive/ucf_experiments/ciclo_experimental_1/data/data_blur/train/Robbery054_x264-1f2a984eaa_0_flip_lr_blur.mp4,/content/drive/MyDrive/ucf_experiments/ciclo_experimental_1/data/data_crop/train/Robbery054_x264-1f2a984eaa_0_flip_lr_crop.mp4,0
1909,/content/drive/MyDrive/ucf_experiments/ciclo_experimental_1/data/data_blur/train/Arrest013_x264-b54fe326d2_0_flip_lr_blur.mp4,/content/drive/MyDrive/ucf_experiments/ciclo_experimental_1/data/data_crop/train/Arrest013_x264-b54fe326d2_0_flip_lr_crop.mp4,0
1910,/content/drive/MyDrive/ucf_experiments/ciclo_experimental_1/data/data_blur/train/Abuse046_x264-e31fc048f8_1_flip_lr_blur.mp4,/content/drive/MyDrive/ucf_experiments/ciclo_experimental_1/data/data_crop/train/Abuse046_x264-e31fc048f8_1_flip_lr_crop.mp4,1
1911,/content/drive/MyDrive/ucf_experiments/ciclo_experimental_1/data/data_blur/train/Fighting025_x264-b480e64ce7_0_flip_lr_blur.mp4,/content/drive/MyDrive/ucf_experiments/ciclo_experimental_1/data/data_crop/train/Fighting025_x264-b480e64ce7_0_flip_lr_crop.mp4,0
1912,/content/drive/MyDrive/ucf_experiments/ciclo_experimental_1/data/data_blur/train/Abuse018_x264-859e2b0266_1_flip_lr_blur.mp4,/content/drive/MyDrive/ucf_experiments/ciclo_experimental_1/data/data_crop/train/Abuse018_x264-859e2b0266_1_flip_lr_crop.mp4,1
1913,/content/drive/MyDrive/ucf_experiments/ciclo_experimental_1/data/data_blur/train/Robbery035_x264-0fdbc12736_0_flip_lr_blur.mp4,/content/drive/MyDrive/ucf_experiments/ciclo_experimental_1/data/data_crop/train/Robbery035_x264-0fdbc12736_0_flip_lr_crop.mp4,0
1914,/content/drive/MyDrive/ucf_experiments/ciclo_experimental_1/data/data_blur/train/Assault018_x264-60b0c7afc5_0_flip_lr_blur.mp4,/content/drive/MyDrive/ucf_experiments/ciclo_experimental_1/data/data_crop/train/Assault018_x264-60b0c7afc5_0_flip_lr_crop.mp4,0
1915,/content/drive/MyDrive/ucf_experiments/ciclo_experimental_1/data/data_blur/train/Robbery025_x264-27906a05ae_1_flip_lr_blur.mp4,/content/drive/MyDrive/ucf_experiments/ciclo_experimental_1/data/data_crop/train/Robbery025_x264-27906a05ae_1_flip_lr_crop.mp4,1
1916,/content/drive/MyDrive/ucf_experiments/ciclo_experimental_1/data/data_blur/train/Fighting024_x264-81b73614e7_0_flip_lr_blur.mp4,/content/drive/MyDrive/ucf_experiments/ciclo_experimental_1/data/data_crop/train/Fighting024_x264-81b73614e7_0_flip_lr_crop.mp4,0
1917,/content/drive/MyDrive/ucf_experiments/ciclo_experimental_1/data/data_blur/train/Robbery035_x264-da0547fe13_0_flip_lr_blur.mp4,/content/drive/MyDrive/ucf_experiments/ciclo_experimental_1/data/data_crop/train/Robbery035_x264-da0547fe13_0_flip_lr_crop.mp4,0
1918,/content/drive/MyDrive/ucf_experiments/ciclo_experimental_1/data/data_blur/train/Robbery006_x264-beb8fb68dc_1_flip_lr_blur.mp4,/content/drive/MyDrive/ucf_experiments/ciclo_experimental_1/data/data_crop/train/Robbery006_x264-beb8fb68dc_1_flip_lr_crop.mp4,1
1919,/content/drive/MyDrive/ucf_experiments/ciclo_experimental_1/data/data_blur/train/Arrest034_x264-2fafcd7f55_0_flip_lr_blur.mp4,/content/drive/MyDrive/ucf_experiments/ciclo_experimental_1/data/data_crop/train/Arrest034_x264-2fafcd7f55_0_flip_lr_crop.mp4,0
1920,/content/drive/MyDrive/ucf_experiments/ciclo_experimental_1/data/data_blur/train/Assault051_x264-bdc68d096d_0_flip_lr_blur.mp4,/content/drive/MyDrive/ucf_experiments/ciclo_experimental_1/data/data_crop/train/Assault051_x264-bdc68d096d_0_flip_lr_crop.mp4,0
1921,/content/drive/MyDrive/ucf_experiments/ciclo_experimental_1/data/data_blur/train/Robbery041_x264-b68b741af4_0_flip_lr_blur.mp4,/content/drive/MyDrive/ucf_experiments/ciclo_experimental_1/data/data_crop/train/Robbery041_x264-b68b741af4_0_flip_lr_crop.mp4,0
1922,/content/drive/MyDrive/ucf_experiments/ciclo_experimental_1/data/data_blur/train/Fighting013_x264-f87251b628_1_flip_lr_blur.mp4,/content/drive/MyDrive/ucf_experiments/ciclo_experimental_1/data/data_crop/train/Fighting013_x264-f87251b628_1_flip_lr_crop.mp4,1
1923,/content/drive/MyDrive/ucf_experiments/ciclo_experimental_1/data/data_blur/train/Robbery033_x264-185c6ba077_1_flip_lr_blur.mp4,/content/drive/MyDrive/ucf_experiments/ciclo_experimental_1/data/data_crop/train/Robbery033_x264-185c6ba077_1_flip_lr_crop.mp4,1
1924,/content/drive/MyDrive/ucf_experiments/ciclo_experimental_1/data/data_blur/train/Assault051_x264-449465049a_1_flip_lr_blur.mp4,/content/drive/MyDrive/ucf_experiments/ciclo_experimental_1/data/data_crop/train/Assault051_x264-449465049a_1_flip_lr_crop.mp4,1
1925,/content/drive/MyDrive/ucf_experiments/ciclo_experimental_1/data/data_blur/train/Robbery016_x264-92208bfe1a_1_flip_lr_blur.mp4,/content/drive/MyDrive/ucf_experiments/ciclo_experimental_1/data/data_crop/train/Robbery016_x264-92208bfe1a_1_flip_lr_crop.mp4,1
1926,/content/drive/MyDrive/ucf_experiments/ciclo_experimental_1/data/data_blur/train/Robbery016_x264-967dc8dc12_1_flip_lr_blur.mp4,/content/drive/MyDrive/ucf_experiments/ciclo_experimental_1/data/data_crop/train/Robbery016_x264-967dc8dc12_1_flip_lr_crop.mp4,1
1927,/content/drive/MyDrive/ucf_experiments/ciclo_experimental_1/data/data_blur/train/Fighting006_x264-149525bc5f_0_flip_lr_blur.mp4,/content/drive/MyDrive/ucf_experiments/ciclo_experimental_1/data/data_crop/train/Fighting006_x264-149525bc5f_0_flip_lr_crop.mp4,0
1928,/content/drive/MyDrive/ucf_experiments/ciclo_experimental_1/data/data_blur/train/Assault027_x264-4b0a6d56cf_1_flip_lr_blur.mp4,/content/drive/MyDrive/ucf_experiments/ciclo_experimental_1/data/data_crop/train/Assault027_x264-4b0a6d56cf_1_flip_lr_crop.mp4,1
1929,/content/drive/MyDrive/ucf_experiments/ciclo_experimental_1/data/data_blur/train/Robbery025_x264-f327ada88c_1_flip_lr_blur.mp4,/content/drive/MyDrive/ucf_experiments/ciclo_experimental_1/data/data_crop/train/Robbery025_x264-f327ada88c_1_flip_lr_crop.mp4,1
1930,/content/drive/MyDrive/ucf_experiments/ciclo_experimental_1/data/data_blur/train/Robbery025_x264-08ba54c77c_0_flip_lr_blur.mp4,/content/drive/MyDrive/ucf_experiments/ciclo_experimental_1/data/data_crop/train/Robbery025_x264-08ba54c77c_0_flip_lr_crop.mp4,0
1931,/content/drive/MyDrive/ucf_experiments/ciclo_experimental_1/data/data_blur/train/Assault004_x264-67d8fa6a62_0_flip_lr_blur.mp4,/content/drive/MyDrive/ucf_experiments/ciclo_experimental_1/data/data_crop/train/Assault004_x264-67d8fa6a62_0_flip_lr_crop.mp4,0
1932,/content/drive/MyDrive/ucf_experiments/ciclo_experimental_1/data/data_blur/train/Abuse026_x264-1e63d7fc9d_1_flip_lr_blur.mp4,/content/drive/MyDrive/ucf_experiments/ciclo_experimental_1/data/data_crop/train/Abuse026_x264-1e63d7fc9d_1_flip_lr_crop.mp4,1
1933,/content/drive/MyDrive/ucf_experiments/ciclo_experimental_1/data/data_blur/train/Assault050_x264-977da04ccf_1_flip_lr_blur.mp4,/content/drive/MyDrive/ucf_experiments/ciclo_experimental_1/data/data_crop/train/Assault050_x264-977da04ccf_1_flip_lr_crop.mp4,1
1934,/content/drive/MyDrive/ucf_experiments/ciclo_experimental_1/data/data_blur/train/Assault031_x264-4f4790fba9_0_flip_lr_blur.mp4,/content/drive/MyDrive/ucf_experiments/ciclo_experimental_1/data/data_crop/train/Assault031_x264-4f4790fba9_0_flip_lr_crop.mp4,0
1935,/content/drive/MyDrive/ucf_experiments/ciclo_experimental_1/data/data_blur/train/Fighting004_x264-e67901c717_1_flip_lr_blur.mp4,/content/drive/MyDrive/ucf_experiments/ciclo_experimental_1/data/data_crop/train/Fighting004_x264-e67901c717_1_flip_lr_crop.mp4,1
1936,/content/drive/MyDrive/ucf_experiments/ciclo_experimental_1/data/data_blur/train/Robbery056_x264-1d97b3932f_1_flip_lr_blur.mp4,/content/drive/MyDrive/ucf_experiments/ciclo_experimental_1/data/data_crop/train/Robbery056_x264-1d97b3932f_1_flip_lr_crop.mp4,1
1937,/content/drive/MyDrive/ucf_experiments/ciclo_experimental_1/data/data_blur/train/Robbery100_x264-0222627c0d_1_flip_lr_blur.mp4,/content/drive/MyDrive/ucf_experiments/ciclo_experimental_1/data/data_crop/train/Robbery100_x264-0222627c0d_1_flip_lr_crop.mp4,1
1938,/content/drive/MyDrive/ucf_experiments/ciclo_experimental_1/data/data_blur/train/Assault050_x264-70334e4611_1_flip_lr_blur.mp4,/content/drive/MyDrive/ucf_experiments/ciclo_experimental_1/data/data_crop/train/Assault050_x264-70334e4611_1_flip_lr_crop.mp4,1
1939,/content/drive/MyDrive/ucf_experiments/ciclo_experimental_1/data/data_blur/train/Fighting010_x264-482a1b3dfa_0_flip_lr_blur.mp4,/content/drive/MyDrive/ucf_experiments/ciclo_experimental_1/data/data_crop/train/Fighting010_x264-482a1b3dfa_0_flip_lr_crop.mp4,0
1940,/content/drive/MyDrive/ucf_experiments/ciclo_experimental_1/data/data_blur/train/Assault052_x264-62f28b54b0_0_flip_lr_blur.mp4,/content/drive/MyDrive/ucf_experiments/ciclo_experimental_1/data/data_crop/train/Assault052_x264-62f28b54b0_0_flip_lr_crop.mp4,0
1941,/content/drive/MyDrive/ucf_experiments/ciclo_experimental_1/data/data_blur/train/Arrest020_x264-9e08ee6a90_0_flip_lr_blur.mp4,/content/drive/MyDrive/ucf_experiments/ciclo_experimental_1/data/data_crop/train/Arrest020_x264-9e08ee6a90_0_flip_lr_crop.mp4,0
1942,/content/drive/MyDrive/ucf_experiments/ciclo_experimental_1/data/data_blur/train/Robbery006_x264-2f6e420b67_1_flip_lr_blur.mp4,/content/drive/MyDrive/ucf_experiments/ciclo_experimental_1/data/data_crop/train/Robbery006_x264-2f6e420b67_1_flip_lr_crop.mp4,1
1943,/content/drive/MyDrive/ucf_experiments/ciclo_experimental_1/data/data_blur/train/Abuse021_x264-86f777228a_1_flip_lr_blur.mp4,/content/drive/MyDrive/ucf_experiments/ciclo_experimental_1/data/data_crop/train/Abuse021_x264-86f777228a_1_flip_lr_crop.mp4,1
1944,/content/drive/MyDrive/ucf_experiments/ciclo_experimental_1/data/data_blur/train/Abuse041_x264-77b46ff79d_0_flip_lr_blur.mp4,/content/drive/MyDrive/ucf_experiments/ciclo_experimental_1/data/data_crop/train/Abuse041_x264-77b46ff79d_0_flip_lr_crop.mp4,0
1945,/content/drive/MyDrive/ucf_experiments/ciclo_experimental_1/data/data_blur/train/Assault036_x264-df1f079141_1_flip_lr_blur.mp4,/content/drive/MyDrive/ucf_experiments/ciclo_experimental_1/data/data_crop/train/Assault036_x264-df1f079141_1_flip_lr_crop.mp4,1
1946,/content/drive/MyDrive/ucf_experiments/ciclo_experimental_1/data/data_blur/train/Assault013_x264-0cb7b75f4d_1_flip_lr_blur.mp4,/content/drive/MyDrive/ucf_experiments/ciclo_experimental_1/data/data_crop/train/Assault013_x264-0cb7b75f4d_1_flip_lr_crop.mp4,1
1947,/content/drive/MyDrive/ucf_experiments/ciclo_experimental_1/data/data_blur/train/Robbery054_x264-85fea2eb33_0_flip_lr_blur.mp4,/content/drive/MyDrive/ucf_experiments/ciclo_experimental_1/data/data_crop/train/Robbery054_x264-85fea2eb33_0_flip_lr_crop.mp4,0
1948,/content/drive/MyDrive/ucf_experiments/ciclo_experimental_1/data/data_blur/train/Robbery037_x264-26ee98a040_0_flip_lr_blur.mp4,/content/drive/MyDrive/ucf_experiments/ciclo_experimental_1/data/data_crop/train/Robbery037_x264-26ee98a040_0_flip_lr_crop.mp4,0
1949,/content/drive/MyDrive/ucf_experiments/ciclo_experimental_1/data/data_blur/train/Robbery099_x264-8b17286192_1_flip_lr_blur.mp4,/content/drive/MyDrive/ucf_experiments/ciclo_experimental_1/data/data_crop/train/Robbery099_x264-8b17286192_1_flip_lr_crop.mp4,1
1950,/content/drive/MyDrive/ucf_experiments/ciclo_experimental_1/data/data_blur/train/Fighting020_x264-719eab8343_0_flip_lr_blur.mp4,/content/drive/MyDrive/ucf_experiments/ciclo_experimental_1/data/data_crop/train/Fighting020_x264-719eab8343_0_flip_lr_crop.mp4,0
1951,/content/drive/MyDrive/ucf_experiments/ciclo_experimental_1/data/data_blur/train/Assault051_x264-86ab04b827_1_flip_lr_blur.mp4,/content/drive/MyDrive/ucf_experiments/ciclo_experimental_1/data/data_crop/train/Assault051_x264-86ab04b827_1_flip_lr_crop.mp4,1
1952,/content/drive/MyDrive/ucf_experiments/ciclo_experimental_1/data/data_blur/train/Fighting026_x264-a62aa46144_1_flip_lr_blur.mp4,/content/drive/MyDrive/ucf_experiments/ciclo_experimental_1/data/data_crop/train/Fighting026_x264-a62aa46144_1_flip_lr_crop.mp4,1
1953,/content/drive/MyDrive/ucf_experiments/ciclo_experimental_1/data/data_blur/train/Robbery087_x264-fc8df5351d_0_flip_lr_blur.mp4,/content/drive/MyDrive/ucf_experiments/ciclo_experimental_1/data/data_crop/train/Robbery087_x264-fc8df5351d_0_flip_lr_crop.mp4,0
1954,/content/drive/MyDrive/ucf_experiments/ciclo_experimental_1/data/data_blur/train/Robbery031_x264-79e5b856ba_0_flip_lr_blur.mp4,/content/drive/MyDrive/ucf_experiments/ciclo_experimental_1/data/data_crop/train/Robbery031_x264-79e5b856ba_0_flip_lr_crop.mp4,0
1955,/content/drive/MyDrive/ucf_experiments/ciclo_experimental_1/data/data_blur/train/Arrest002_x264-299b6c53f4_1_flip_lr_blur.mp4,/content/drive/MyDrive/ucf_experiments/ciclo_experimental_1/data/data_crop/train/Arrest002_x264-299b6c53f4_1_flip_lr_crop.mp4,1
1956,/content/drive/MyDrive/ucf_experiments/ciclo_experimental_1/data/data_blur/train/Fighting007_x264-bff49ee61b_1_flip_lr_blur.mp4,/content/drive/MyDrive/ucf_experiments/ciclo_experimental_1/data/data_crop/train/Fighting007_x264-bff49ee61b_1_flip_lr_crop.mp4,1
1957,/content/drive/MyDrive/ucf_experiments/ciclo_experimental_1/data/data_blur/train/Assault031_x264-5992fc90c0_0_flip_lr_blur.mp4,/content/drive/MyDrive/ucf_experiments/ciclo_experimental_1/data/data_crop/train/Assault031_x264-5992fc90c0_0_flip_lr_crop.mp4,0
1958,/content/drive/MyDrive/ucf_experiments/ciclo_experimental_1/data/data_blur/train/Robbery060_x264-b22ce98983_1_flip_lr_blur.mp4,/content/drive/MyDrive/ucf_experiments/ciclo_experimental_1/data/data_crop/train/Robbery060_x264-b22ce98983_1_flip_lr_crop.mp4,1
1959,/content/drive/MyDrive/ucf_experiments/ciclo_experimental_1/data/data_blur/train/Abuse038_x264-7a36aee0a2_0_flip_lr_blur.mp4,/content/drive/MyDrive/ucf_experiments/ciclo_experimental_1/data/data_crop/train/Abuse038_x264-7a36aee0a2_0_flip_lr_crop.mp4,0
1960,/content/drive/MyDrive/ucf_experiments/ciclo_experimental_1/data/data_blur/train/Robbery054_x264-e5f2e06e65_0_flip_lr_blur.mp4,/content/drive/MyDrive/ucf_experiments/ciclo_experimental_1/data/data_crop/train/Robbery054_x264-e5f2e06e65_0_flip_lr_crop.mp4,0
1961,/content/drive/MyDrive/ucf_experiments/ciclo_experimental_1/data/data_blur/train/Arrest023_x264-0a9da90d7c_1_flip_lr_blur.mp4,/content/drive/MyDrive/ucf_experiments/ciclo_experimental_1/data/data_crop/train/Arrest023_x264-0a9da90d7c_1_flip_lr_crop.mp4,1
1962,/content/drive/MyDrive/ucf_experiments/ciclo_experimental_1/data/data_blur/train/Abuse009_x264-8679cefe6e_0_flip_lr_blur.mp4,/content/drive/MyDrive/ucf_experiments/ciclo_experimental_1/data/data_crop/train/Abuse009_x264-8679cefe6e_0_flip_lr_crop.mp4,0
1963,/content/drive/MyDrive/ucf_experiments/ciclo_experimental_1/data/data_blur/train/Assault008_x264-ea267e7511_1_flip_lr_blur.mp4,/content/drive/MyDrive/ucf_experiments/ciclo_experimental_1/data/data_crop/train/Assault008_x264-ea267e7511_1_flip_lr_crop.mp4,1
1964,/content/drive/MyDrive/ucf_experiments/ciclo_experimental_1/data/data_blur/train/Robbery053_x264-a1d1bbf7f8_0_flip_lr_blur.mp4,/content/drive/MyDrive/ucf_experiments/ciclo_experimental_1/data/data_crop/train/Robbery053_x264-a1d1bbf7f8_0_flip_lr_crop.mp4,0
1965,/content/drive/MyDrive/ucf_experiments/ciclo_experimental_1/data/data_blur/train/Abuse017_x264-fc917fa3e3_0_flip_lr_blur.mp4,/content/drive/MyDrive/ucf_experiments/ciclo_experimental_1/data/data_crop/train/Abuse017_x264-fc917fa3e3_0_flip_lr_crop.mp4,0
1966,/content/drive/MyDrive/ucf_experiments/ciclo_experimental_1/data/data_blur/train/Abuse007_x264-bf05502eb7_0_flip_lr_blur.mp4,/content/drive/MyDrive/ucf_experiments/ciclo_experimental_1/data/data_crop/train/Abuse007_x264-bf05502eb7_0_flip_lr_crop.mp4,0
1967,/content/drive/MyDrive/ucf_experiments/ciclo_experimental_1/data/data_blur/train/Robbery053_x264-0b7fde75cb_0_flip_lr_blur.mp4,/content/drive/MyDrive/ucf_experiments/ciclo_experimental_1/data/data_crop/train/Robbery053_x264-0b7fde75cb_0_flip_lr_crop.mp4,0
1968,/content/drive/MyDrive/ucf_experiments/ciclo_experimental_1/data/data_blur/train/Assault001_x264-139335d0a2_1_flip_lr_blur.mp4,/content/drive/MyDrive/ucf_experiments/ciclo_experimental_1/data/data_crop/train/Assault001_x264-139335d0a2_1_flip_lr_crop.mp4,1
1969,/content/drive/MyDrive/ucf_experiments/ciclo_experimental_1/data/data_blur/train/Robbery060_x264-fb78516ab2_1_flip_lr_blur.mp4,/content/drive/MyDrive/ucf_experiments/ciclo_experimental_1/data/data_crop/train/Robbery060_x264-fb78516ab2_1_flip_lr_crop.mp4,1
1970,/content/drive/MyDrive/ucf_experiments/ciclo_experimental_1/data/data_blur/train/Fighting040_x264-c267145093_0_flip_lr_blur.mp4,/content/drive/MyDrive/ucf_experiments/ciclo_experimental_1/data/data_crop/train/Fighting040_x264-c267145093_0_flip_lr_crop.mp4,0
1971,/content/drive/MyDrive/ucf_experiments/ciclo_experimental_1/data/data_blur/train/Robbery093_x264-c8300e9bae_0_flip_lr_blur.mp4,/content/drive/MyDrive/ucf_experiments/ciclo_experimental_1/data/data_crop/train/Robbery093_x264-c8300e9bae_0_flip_lr_crop.mp4,0
1972,/content/drive/MyDrive/ucf_experiments/ciclo_experimental_1/data/data_blur/train/Robbery024_x264-c8370ae817_1_flip_lr_blur.mp4,/content/drive/MyDrive/ucf_experiments/ciclo_experimental_1/data/data_crop/train/Robbery024_x264-c8370ae817_1_flip_lr_crop.mp4,1
1973,/content/drive/MyDrive/ucf_experiments/ciclo_experimental_1/data/data_blur/train/Abuse029_x264-300adc91ed_0_flip_lr_blur.mp4,/content/drive/MyDrive/ucf_experiments/ciclo_experimental_1/data/data_crop/train/Abuse029_x264-300adc91ed_0_flip_lr_crop.mp4,0
1974,/content/drive/MyDrive/ucf_experiments/ciclo_experimental_1/data/data_blur/train/Fighting040_x264-63ceacbc70_1_flip_lr_blur.mp4,/content/drive/MyDrive/ucf_experiments/ciclo_experimental_1/data/data_crop/train/Fighting040_x264-63ceacbc70_1_flip_lr_crop.mp4,1
1975,/content/drive/MyDrive/ucf_experiments/ciclo_experimental_1/data/data_blur/train/Fighting035_x264-74907f7e78_1_flip_lr_blur.mp4,/content/drive/MyDrive/ucf_experiments/ciclo_experimental_1/data/data_crop/train/Fighting035_x264-74907f7e78_1_flip_lr_crop.mp4,1
1976,/content/drive/MyDrive/ucf_experiments/ciclo_experimental_1/data/data_blur/train/Robbery002_x264-87e53ddfb0_0_flip_lr_blur.mp4,/content/drive/MyDrive/ucf_experiments/ciclo_experimental_1/data/data_crop/train/Robbery002_x264-87e53ddfb0_0_flip_lr_crop.mp4,0
1977,/content/drive/MyDrive/ucf_experiments/ciclo_experimental_1/data/data_blur/train/Robbery031_x264-cd6b73d6a8_0_flip_lr_blur.mp4,/content/drive/MyDrive/ucf_experiments/ciclo_experimental_1/data/data_crop/train/Robbery031_x264-cd6b73d6a8_0_flip_lr_crop.mp4,0
1978,/content/drive/MyDrive/ucf_experiments/ciclo_experimental_1/data/data_blur/train/Robbery086_x264-bd4c8dfad2_1_flip_lr_blur.mp4,/content/drive/MyDrive/ucf_experiments/ciclo_experimental_1/data/data_crop/train/Robbery086_x264-bd4c8dfad2_1_flip_lr_crop.mp4,1
1979,/content/drive/MyDrive/ucf_experiments/ciclo_experimental_1/data/data_blur/train/Assault028_x264-0f2f00d431_0_flip_lr_blur.mp4,/content/drive/MyDrive/ucf_experiments/ciclo_experimental_1/data/data_crop/train/Assault028_x264-0f2f00d431_0_flip_lr_crop.mp4,0
1980,/content/drive/MyDrive/ucf_experiments/ciclo_experimental_1/data/data_blur/train/Abuse048_x264-abcbf790d7_1_flip_lr_blur.mp4,/content/drive/MyDrive/ucf_experiments/ciclo_experimental_1/data/data_crop/train/Abuse048_x264-abcbf790d7_1_flip_lr_crop.mp4,1
1981,/content/drive/MyDrive/ucf_experiments/ciclo_experimental_1/data/data_blur/train/Arrest031_x264-ccd4d48791_0_flip_lr_blur.mp4,/content/drive/MyDrive/ucf_experiments/ciclo_experimental_1/data/data_crop/train/Arrest031_x264-ccd4d48791_0_flip_lr_crop.mp4,0
1982,/content/drive/MyDrive/ucf_experiments/ciclo_experimental_1/data/data_blur/train/Abuse005_x264-a06830d6ba_0_flip_lr_blur.mp4,/content/drive/MyDrive/ucf_experiments/ciclo_experimental_1/data/data_crop/train/Abuse005_x264-a06830d6ba_0_flip_lr_crop.mp4,0
1983,/content/drive/MyDrive/ucf_experiments/ciclo_experimental_1/data/data_blur/train/Assault050_x264-0731292553_1_flip_lr_blur.mp4,/content/drive/MyDrive/ucf_experiments/ciclo_experimental_1/data/data_crop/train/Assault050_x264-0731292553_1_flip_lr_crop.mp4,1
1984,/content/drive/MyDrive/ucf_experiments/ciclo_experimental_1/data/data_blur/train/Robbery032_x264-0229005582_0_flip_lr_blur.mp4,/content/drive/MyDrive/ucf_experiments/ciclo_experimental_1/data/data_crop/train/Robbery032_x264-0229005582_0_flip_lr_crop.mp4,0
1985,/content/drive/MyDrive/ucf_experiments/ciclo_experimental_1/data/data_blur/train/Robbery060_x264-5797944d73_1_flip_lr_blur.mp4,/content/drive/MyDrive/ucf_experiments/ciclo_experimental_1/data/data_crop/train/Robbery060_x264-5797944d73_1_flip_lr_crop.mp4,1
1986,/content/drive/MyDrive/ucf_experiments/ciclo_experimental_1/data/data_blur/train/Robbery062_x264-b37b598196_1_flip_lr_blur.mp4,/content/drive/MyDrive/ucf_experiments/ciclo_experimental_1/data/data_crop/train/Robbery062_x264-b37b598196_1_flip_lr_crop.mp4,1
1987,/content/drive/MyDrive/ucf_experiments/ciclo_experimental_1/data/data_blur/train/Abuse043_x264-8ac67df5e0_1_flip_lr_blur.mp4,/content/drive/MyDrive/ucf_experiments/ciclo_experimental_1/data/data_crop/train/Abuse043_x264-8ac67df5e0_1_flip_lr_crop.mp4,1
1988,/content/drive/MyDrive/ucf_experiments/ciclo_experimental_1/data/data_blur/train/Robbery041_x264-3d06c76fc3_0_flip_lr_blur.mp4,/content/drive/MyDrive/ucf_experiments/ciclo_experimental_1/data/data_crop/train/Robbery041_x264-3d06c76fc3_0_flip_lr_crop.mp4,0
1989,/content/drive/MyDrive/ucf_experiments/ciclo_experimental_1/data/data_blur/train/Robbery020_x264-d38f202870_0_flip_lr_blur.mp4,/content/drive/MyDrive/ucf_experiments/ciclo_experimental_1/data/data_crop/train/Robbery020_x264-d38f202870_0_flip_lr_crop.mp4,0
1990,/content/drive/MyDrive/ucf_experiments/ciclo_experimental_1/data/data_blur/train/Fighting010_x264-98b1d3b333_0_flip_lr_blur.mp4,/content/drive/MyDrive/ucf_experiments/ciclo_experimental_1/data/data_crop/train/Fighting010_x264-98b1d3b333_0_flip_lr_crop.mp4,0
1991,/content/drive/MyDrive/ucf_experiments/ciclo_experimental_1/data/data_blur/train/Robbery045_x264-bfc86d1743_0_flip_lr_blur.mp4,/content/drive/MyDrive/ucf_experiments/ciclo_experimental_1/data/data_crop/train/Robbery045_x264-bfc86d1743_0_flip_lr_crop.mp4,0
1992,/content/drive/MyDrive/ucf_experiments/ciclo_experimental_1/data/data_blur/train/Robbery070_x264-d302d068e4_1_flip_lr_blur.mp4,/content/drive/MyDrive/ucf_experiments/ciclo_experimental_1/data/data_crop/train/Robbery070_x264-d302d068e4_1_flip_lr_crop.mp4,1
1993,/content/drive/MyDrive/ucf_experiments/ciclo_experimental_1/data/data_blur/train/Robbery016_x264-0a14d2fe3a_0_flip_lr_blur.mp4,/content/drive/MyDrive/ucf_experiments/ciclo_experimental_1/data/data_crop/train/Robbery016_x264-0a14d2fe3a_0_flip_lr_crop.mp4,0
1994,/content/drive/MyDrive/ucf_experiments/ciclo_experimental_1/data/data_blur/train/Abuse031_x264-5c65f30966_1_flip_lr_blur.mp4,/content/drive/MyDrive/ucf_experiments/ciclo_experimental_1/data/data_crop/train/Abuse031_x264-5c65f30966_1_flip_lr_crop.mp4,1
1995,/content/drive/MyDrive/ucf_experiments/ciclo_experimental_1/data/data_blur/train/Arrest042_x264-865b84c1c8_0_flip_lr_blur.mp4,/content/drive/MyDrive/ucf_experiments/ciclo_experimental_1/data/data_crop/train/Arrest042_x264-865b84c1c8_0_flip_lr_crop.mp4,0
1996,/content/drive/MyDrive/ucf_experiments/ciclo_experimental_1/data/data_blur/train/Robbery025_x264-cd58238823_1_flip_lr_blur.mp4,/content/drive/MyDrive/ucf_experiments/ciclo_experimental_1/data/data_crop/train/Robbery025_x264-cd58238823_1_flip_lr_crop.mp4,1
1997,/content/drive/MyDrive/ucf_experiments/ciclo_experimental_1/data/data_blur/train/Abuse048_x264-dbe01e8219_0_flip_lr_blur.mp4,/content/drive/MyDrive/ucf_experiments/ciclo_experimental_1/data/data_crop/train/Abuse048_x264-dbe01e8219_0_flip_lr_crop.mp4,0
1998,/content/drive/MyDrive/ucf_experiments/ciclo_experimental_1/data/data_blur/train/Assault044_x264-c4dd9a25f9_1_flip_lr_blur.mp4,/content/drive/MyDrive/ucf_experiments/ciclo_experimental_1/data/data_crop/train/Assault044_x264-c4dd9a25f9_1_flip_lr_crop.mp4,1
1999,/content/drive/MyDrive/ucf_experiments/ciclo_experimental_1/data/data_blur/train/Robbery100_x264-952bd3ecf4_1_flip_lr_blur.mp4,/content/drive/MyDrive/ucf_experiments/ciclo_experimental_1/data/data_crop/train/Robbery100_x264-952bd3ecf4_1_flip_lr_crop.mp4,1
2000,/content/drive/MyDrive/ucf_experiments/ciclo_experimental_1/data/data_blur/train/Robbery016_x264-14a4e6eaf5_1_flip_lr_blur.mp4,/content/drive/MyDrive/ucf_experiments/ciclo_experimental_1/data/data_crop/train/Robbery016_x264-14a4e6eaf5_1_flip_lr_crop.mp4,1
2001,/content/drive/MyDrive/ucf_experiments/ciclo_experimental_1/data/data_blur/train/Fighting039_x264-4393119cad_1_flip_lr_blur.mp4,/content/drive/MyDrive/ucf_experiments/ciclo_experimental_1/data/data_crop/train/Fighting039_x264-4393119cad_1_flip_lr_crop.mp4,1
2002,/content/drive/MyDrive/ucf_experiments/ciclo_experimental_1/data/data_blur/train/Fighting004_x264-3c2762b11a_1_flip_lr_blur.mp4,/content/drive/MyDrive/ucf_experiments/ciclo_experimental_1/data/data_crop/train/Fighting004_x264-3c2762b11a_1_flip_lr_crop.mp4,1
2003,/content/drive/MyDrive/ucf_experiments/ciclo_experimental_1/data/data_blur/train/Robbery025_x264-30f3871750_0_flip_lr_blur.mp4,/content/drive/MyDrive/ucf_experiments/ciclo_experimental_1/data/data_crop/train/Robbery025_x264-30f3871750_0_flip_lr_crop.mp4,0
2004,/content/drive/MyDrive/ucf_experiments/ciclo_experimental_1/data/data_blur/train/Abuse019_x264-85bd1a598e_0_flip_lr_blur.mp4,/content/drive/MyDrive/ucf_experiments/ciclo_experimental_1/data/data_crop/train/Abuse019_x264-85bd1a598e_0_flip_lr_crop.mp4,0
2005,/content/drive/MyDrive/ucf_experiments/ciclo_experimental_1/data/data_blur/train/Abuse041_x264-c260d443de_0_flip_lr_blur.mp4,/content/drive/MyDrive/ucf_experiments/ciclo_experimental_1/data/data_crop/train/Abuse041_x264-c260d443de_0_flip_lr_crop.mp4,0
2006,/content/drive/MyDrive/ucf_experiments/ciclo_experimental_1/data/data_blur/train/Fighting026_x264-a0124f1b08_1_flip_lr_blur.mp4,/content/drive/MyDrive/ucf_experiments/ciclo_experimental_1/data/data_crop/train/Fighting026_x264-a0124f1b08_1_flip_lr_crop.mp4,1
2007,/content/drive/MyDrive/ucf_experiments/ciclo_experimental_1/data/data_blur/train/Fighting006_x264-0f6831b6c0_1_flip_lr_blur.mp4,/content/drive/MyDrive/ucf_experiments/ciclo_experimental_1/data/data_crop/train/Fighting006_x264-0f6831b6c0_1_flip_lr_crop.mp4,1
2008,/content/drive/MyDrive/ucf_experiments/ciclo_experimental_1/data/data_blur/train/Arrest009_x264-acc71bf232_0_flip_lr_blur.mp4,/content/drive/MyDrive/ucf_experiments/ciclo_experimental_1/data/data_crop/train/Arrest009_x264-acc71bf232_0_flip_lr_crop.mp4,0
2009,/content/drive/MyDrive/ucf_experiments/ciclo_experimental_1/data/data_blur/train/Assault001_x264-f9058c4cec_1_flip_lr_blur.mp4,/content/drive/MyDrive/ucf_experiments/ciclo_experimental_1/data/data_crop/train/Assault001_x264-f9058c4cec_1_flip_lr_crop.mp4,1
2010,/content/drive/MyDrive/ucf_experiments/ciclo_experimental_1/data/data_blur/train/Fighting040_x264-314e001413_0_flip_lr_blur.mp4,/content/drive/MyDrive/ucf_experiments/ciclo_experimental_1/data/data_crop/train/Fighting040_x264-314e001413_0_flip_lr_crop.mp4,0
2011,/content/drive/MyDrive/ucf_experiments/ciclo_experimental_1/data/data_blur/train/Fighting051_x264-18e3e2adab_1_flip_lr_blur.mp4,/content/drive/MyDrive/ucf_experiments/ciclo_experimental_1/data/data_crop/train/Fighting051_x264-18e3e2adab_1_flip_lr_crop.mp4,1
2012,/content/drive/MyDrive/ucf_experiments/ciclo_experimental_1/data/data_blur/train/Assault032_x264-8498ea099c_1_flip_lr_blur.mp4,/content/drive/MyDrive/ucf_experiments/ciclo_experimental_1/data/data_crop/train/Assault032_x264-8498ea099c_1_flip_lr_crop.mp4,1
2013,/content/drive/MyDrive/ucf_experiments/ciclo_experimental_1/data/data_blur/train/Arrest042_x264-399047f76c_0_flip_lr_blur.mp4,/content/drive/MyDrive/ucf_experiments/ciclo_experimental_1/data/data_crop/train/Arrest042_x264-399047f76c_0_flip_lr_crop.mp4,0
2014,/content/drive/MyDrive/ucf_experiments/ciclo_experimental_1/data/data_blur/train/Fighting004_x264-272f90320b_0_flip_lr_blur.mp4,/content/drive/MyDrive/ucf_experiments/ciclo_experimental_1/data/data_crop/train/Fighting004_x264-272f90320b_0_flip_lr_crop.mp4,0
2015,/content/drive/MyDrive/ucf_experiments/ciclo_experimental_1/data/data_blur/train/Abuse035_x264-af48af57ab_1_flip_lr_blur.mp4,/content/drive/MyDrive/ucf_experiments/ciclo_experimental_1/data/data_crop/train/Abuse035_x264-af48af57ab_1_flip_lr_crop.mp4,1
2016,/content/drive/MyDrive/ucf_experiments/ciclo_experimental_1/data/data_blur/train/Fighting007_x264-e9c7903576_1_flip_lr_blur.mp4,/content/drive/MyDrive/ucf_experiments/ciclo_experimental_1/data/data_crop/train/Fighting007_x264-e9c7903576_1_flip_lr_crop.mp4,1
2017,/content/drive/MyDrive/ucf_experiments/ciclo_experimental_1/data/data_blur/train/Robbery072_x264-1043e60a4f_0_flip_lr_blur.mp4,/content/drive/MyDrive/ucf_experiments/ciclo_experimental_1/data/data_crop/train/Robbery072_x264-1043e60a4f_0_flip_lr_crop.mp4,0
2018,/content/drive/MyDrive/ucf_experiments/ciclo_experimental_1/data/data_blur/train/Arrest042_x264-ebe7fd0295_0_flip_lr_blur.mp4,/content/drive/MyDrive/ucf_experiments/ciclo_experimental_1/data/data_crop/train/Arrest042_x264-ebe7fd0295_0_flip_lr_crop.mp4,0
2019,/content/drive/MyDrive/ucf_experiments/ciclo_experimental_1/data/data_blur/train/Abuse039_x264-2b142ff111_0_flip_lr_blur.mp4,/content/drive/MyDrive/ucf_experiments/ciclo_experimental_1/data/data_crop/train/Abuse039_x264-2b142ff111_0_flip_lr_crop.mp4,0
2020,/content/drive/MyDrive/ucf_experiments/ciclo_experimental_1/data/data_blur/train/Arrest011_x264-26da1f0b38_0_flip_lr_blur.mp4,/content/drive/MyDrive/ucf_experiments/ciclo_experimental_1/data/data_crop/train/Arrest011_x264-26da1f0b38_0_flip_lr_crop.mp4,0
2021,/content/drive/MyDrive/ucf_experiments/ciclo_experimental_1/data/data_blur/train/Robbery032_x264-42918eb721_0_flip_lr_blur.mp4,/content/drive/MyDrive/ucf_experiments/ciclo_experimental_1/data/data_crop/train/Robbery032_x264-42918eb721_0_flip_lr_crop.mp4,0
2022,/content/drive/MyDrive/ucf_experiments/ciclo_experimental_1/data/data_blur/train/Robbery105_x264-cca21475e3_1_flip_lr_blur.mp4,/content/drive/MyDrive/ucf_experiments/ciclo_experimental_1/data/data_crop/train/Robbery105_x264-cca21475e3_1_flip_lr_crop.mp4,1
2023,/content/drive/MyDrive/ucf_experiments/ciclo_experimental_1/data/data_blur/train/Fighting049_x264-5c82a5462c_1_flip_lr_blur.mp4,/content/drive/MyDrive/ucf_experiments/ciclo_experimental_1/data/data_crop/train/Fighting049_x264-5c82a5462c_1_flip_lr_crop.mp4,1
2024,/content/drive/MyDrive/ucf_experiments/ciclo_experimental_1/data/data_blur/train/Assault050_x264-23dcaa45de_1_flip_lr_blur.mp4,/content/drive/MyDrive/ucf_experiments/ciclo_experimental_1/data/data_crop/train/Assault050_x264-23dcaa45de_1_flip_lr_crop.mp4,1
2025,/content/drive/MyDrive/ucf_experiments/ciclo_experimental_1/data/data_blur/train/Arrest014_x264-556cc84a38_0_flip_lr_blur.mp4,/content/drive/MyDrive/ucf_experiments/ciclo_experimental_1/data/data_crop/train/Arrest014_x264-556cc84a38_0_flip_lr_crop.mp4,0
2026,/content/drive/MyDrive/ucf_experiments/ciclo_experimental_1/data/data_blur/train/Assault029_x264-c022d311cc_1_flip_lr_blur.mp4,/content/drive/MyDrive/ucf_experiments/ciclo_experimental_1/data/data_crop/train/Assault029_x264-c022d311cc_1_flip_lr_crop.mp4,1
2027,/content/drive/MyDrive/ucf_experiments/ciclo_experimental_1/data/data_blur/train/Fighting025_x264-294f9ee446_0_flip_lr_blur.mp4,/content/drive/MyDrive/ucf_experiments/ciclo_experimental_1/data/data_crop/train/Fighting025_x264-294f9ee446_0_flip_lr_crop.mp4,0
2028,/content/drive/MyDrive/ucf_experiments/ciclo_experimental_1/data/data_blur/train/Robbery034_x264-4931d5a71d_0_flip_lr_blur.mp4,/content/drive/MyDrive/ucf_experiments/ciclo_experimental_1/data/data_crop/train/Robbery034_x264-4931d5a71d_0_flip_lr_crop.mp4,0
2029,/content/drive/MyDrive/ucf_experiments/ciclo_experimental_1/data/data_blur/train/Robbery034_x264-9345642e7f_0_flip_lr_blur.mp4,/content/drive/MyDrive/ucf_experiments/ciclo_experimental_1/data/data_crop/train/Robbery034_x264-9345642e7f_0_flip_lr_crop.mp4,0
2030,/content/drive/MyDrive/ucf_experiments/ciclo_experimental_1/data/data_blur/train/Assault042_x264-31c95cb21b_1_flip_lr_blur.mp4,/content/drive/MyDrive/ucf_experiments/ciclo_experimental_1/data/data_crop/train/Assault042_x264-31c95cb21b_1_flip_lr_crop.mp4,1
2031,/content/drive/MyDrive/ucf_experiments/ciclo_experimental_1/data/data_blur/train/Fighting036_x264-dcfc7547e1_1_flip_lr_blur.mp4,/content/drive/MyDrive/ucf_experiments/ciclo_experimental_1/data/data_crop/train/Fighting036_x264-dcfc7547e1_1_flip_lr_crop.mp4,1
2032,/content/drive/MyDrive/ucf_experiments/ciclo_experimental_1/data/data_blur/train/Robbery060_x264-11547159bc_0_flip_lr_blur.mp4,/content/drive/MyDrive/ucf_experiments/ciclo_experimental_1/data/data_crop/train/Robbery060_x264-11547159bc_0_flip_lr_crop.mp4,0
2033,/content/drive/MyDrive/ucf_experiments/ciclo_experimental_1/data/data_blur/train/Fighting020_x264-6577c8ad46_1_flip_lr_blur.mp4,/content/drive/MyDrive/ucf_experiments/ciclo_experimental_1/data/data_crop/train/Fighting020_x264-6577c8ad46_1_flip_lr_crop.mp4,1
2034,/content/drive/MyDrive/ucf_experiments/ciclo_experimental_1/data/data_blur/train/Robbery072_x264-90d40f3c66_0_flip_lr_blur.mp4,/content/drive/MyDrive/ucf_experiments/ciclo_experimental_1/data/data_crop/train/Robbery072_x264-90d40f3c66_0_flip_lr_crop.mp4,0
2035,/content/drive/MyDrive/ucf_experiments/ciclo_experimental_1/data/data_blur/train/Abuse023_x264-4486658c39_1_flip_lr_blur.mp4,/content/drive/MyDrive/ucf_experiments/ciclo_experimental_1/data/data_crop/train/Abuse023_x264-4486658c39_1_flip_lr_crop.mp4,1
2036,/content/drive/MyDrive/ucf_experiments/ciclo_experimental_1/data/data_blur/train/Fighting024_x264-3ecdba6ea3_1_flip_lr_blur.mp4,/content/drive/MyDrive/ucf_experiments/ciclo_experimental_1/data/data_crop/train/Fighting024_x264-3ecdba6ea3_1_flip_lr_crop.mp4,1
2037,/content/drive/MyDrive/ucf_experiments/ciclo_experimental_1/data/data_blur/train/Assault007_x264-27ee266c5e_0_flip_lr_blur.mp4,/content/drive/MyDrive/ucf_experiments/ciclo_experimental_1/data/data_crop/train/Assault007_x264-27ee266c5e_0_flip_lr_crop.mp4,0
2038,/content/drive/MyDrive/ucf_experiments/ciclo_experimental_1/data/data_blur/train/Robbery033_x264-5004181c18_1_flip_lr_blur.mp4,/content/drive/MyDrive/ucf_experiments/ciclo_experimental_1/data/data_crop/train/Robbery033_x264-5004181c18_1_flip_lr_crop.mp4,1
2039,/content/drive/MyDrive/ucf_experiments/ciclo_experimental_1/data/data_blur/train/Assault014_x264-3469c311db_0_flip_lr_blur.mp4,/content/drive/MyDrive/ucf_experiments/ciclo_experimental_1/data/data_crop/train/Assault014_x264-3469c311db_0_flip_lr_crop.mp4,0
2040,/content/drive/MyDrive/ucf_experiments/ciclo_experimental_1/data/data_blur/train/Abuse003_x264-952ab80388_0_flip_lr_blur.mp4,/content/drive/MyDrive/ucf_experiments/ciclo_experimental_1/data/data_crop/train/Abuse003_x264-952ab80388_0_flip_lr_crop.mp4,0
2041,/content/drive/MyDrive/ucf_experiments/ciclo_experimental_1/data/data_blur/train/Abuse012_x264-84068e64ea_1_flip_lr_blur.mp4,/content/drive/MyDrive/ucf_experiments/ciclo_experimental_1/data/data_crop/train/Abuse012_x264-84068e64ea_1_flip_lr_crop.mp4,1
2042,/content/drive/MyDrive/ucf_experiments/ciclo_experimental_1/data/data_blur/train/Arrest051_x264-c4da045ce6_0_flip_lr_blur.mp4,/content/drive/MyDrive/ucf_experiments/ciclo_experimental_1/data/data_crop/train/Arrest051_x264-c4da045ce6_0_flip_lr_crop.mp4,0
2043,/content/drive/MyDrive/ucf_experiments/ciclo_experimental_1/data/data_blur/train/Robbery100_x264-dd0342aef3_1_flip_lr_blur.mp4,/content/drive/MyDrive/ucf_experiments/ciclo_experimental_1/data/data_crop/train/Robbery100_x264-dd0342aef3_1_flip_lr_crop.mp4,1
2044,/content/drive/MyDrive/ucf_experiments/ciclo_experimental_1/data/data_blur/train/Arrest041_x264-144db73f85_0_flip_lr_blur.mp4,/content/drive/MyDrive/ucf_experiments/ciclo_experimental_1/data/data_crop/train/Arrest041_x264-144db73f85_0_flip_lr_crop.mp4,0
2045,/content/drive/MyDrive/ucf_experiments/ciclo_experimental_1/data/data_blur/train/Assault044_x264-5919a21fb9_0_flip_lr_blur.mp4,/content/drive/MyDrive/ucf_experiments/ciclo_experimental_1/data/data_crop/train/Assault044_x264-5919a21fb9_0_flip_lr_crop.mp4,0
2046,/content/drive/MyDrive/ucf_experiments/ciclo_experimental_1/data/data_blur/train/Assault018_x264-cbfaa91403_1_flip_lr_blur.mp4,/content/drive/MyDrive/ucf_experiments/ciclo_experimental_1/data/data_crop/train/Assault018_x264-cbfaa91403_1_flip_lr_crop.mp4,1
2047,/content/drive/MyDrive/ucf_experiments/ciclo_experimental_1/data/data_blur/train/Fighting030_x264-3efe7b9be1_1_flip_lr_blur.mp4,/content/drive/MyDrive/ucf_experiments/ciclo_experimental_1/data/data_crop/train/Fighting030_x264-3efe7b9be1_1_flip_lr_crop.mp4,1
2048,/content/drive/MyDrive/ucf_experiments/ciclo_experimental_1/data/data_blur/train/Robbery105_x264-357e43280e_0_flip_lr_blur.mp4,/content/drive/MyDrive/ucf_experiments/ciclo_experimental_1/data/data_crop/train/Robbery105_x264-357e43280e_0_flip_lr_crop.mp4,0
2049,/content/drive/MyDrive/ucf_experiments/ciclo_experimental_1/data/data_blur/train/Robbery072_x264-6bae8f62a4_1_flip_lr_blur.mp4,/content/drive/MyDrive/ucf_experiments/ciclo_experimental_1/data/data_crop/train/Robbery072_x264-6bae8f62a4_1_flip_lr_crop.mp4,1
2050,/content/drive/MyDrive/ucf_experiments/ciclo_experimental_1/data/data_blur/train/Arrest046_x264-d43a4a43c2_1_flip_lr_blur.mp4,/content/drive/MyDrive/ucf_experiments/ciclo_experimental_1/data/data_crop/train/Arrest046_x264-d43a4a43c2_1_flip_lr_crop.mp4,1
2051,/content/drive/MyDrive/ucf_experiments/ciclo_experimental_1/data/data_blur/train/Robbery012_x264-f51ee9b7ff_1_flip_lr_blur.mp4,/content/drive/MyDrive/ucf_experiments/ciclo_experimental_1/data/data_crop/train/Robbery012_x264-f51ee9b7ff_1_flip_lr_crop.mp4,1
2052,/content/drive/MyDrive/ucf_experiments/ciclo_experimental_1/data/data_blur/train/Assault005_x264-b04fe4bc33_0_flip_lr_blur.mp4,/content/drive/MyDrive/ucf_experiments/ciclo_experimental_1/data/data_crop/train/Assault005_x264-b04fe4bc33_0_flip_lr_crop.mp4,0
2053,/content/drive/MyDrive/ucf_experiments/ciclo_experimental_1/data/data_blur/train/Robbery002_x264-599d47815a_0_flip_lr_blur.mp4,/content/drive/MyDrive/ucf_experiments/ciclo_experimental_1/data/data_crop/train/Robbery002_x264-599d47815a_0_flip_lr_crop.mp4,0
2054,/content/drive/MyDrive/ucf_experiments/ciclo_experimental_1/data/data_blur/train/Robbery008_x264-9ab21de1f5_1_flip_lr_blur.mp4,/content/drive/MyDrive/ucf_experiments/ciclo_experimental_1/data/data_crop/train/Robbery008_x264-9ab21de1f5_1_flip_lr_crop.mp4,1
2055,/content/drive/MyDrive/ucf_experiments/ciclo_experimental_1/data/data_blur/train/Robbery075_x264-bc7c92a9b8_0_flip_lr_blur.mp4,/content/drive/MyDrive/ucf_experiments/ciclo_experimental_1/data/data_crop/train/Robbery075_x264-bc7c92a9b8_0_flip_lr_crop.mp4,0
2056,/content/drive/MyDrive/ucf_experiments/ciclo_experimental_1/data/data_blur/train/Robbery062_x264-9d6c34b8d4_1_flip_lr_blur.mp4,/content/drive/MyDrive/ucf_experiments/ciclo_experimental_1/data/data_crop/train/Robbery062_x264-9d6c34b8d4_1_flip_lr_crop.mp4,1
2057,/content/drive/MyDrive/ucf_experiments/ciclo_experimental_1/data/data_blur/train/Robbery014_x264-6d66acd964_0_flip_lr_blur.mp4,/content/drive/MyDrive/ucf_experiments/ciclo_experimental_1/data/data_crop/train/Robbery014_x264-6d66acd964_0_flip_lr_crop.mp4,0
2058,/content/drive/MyDrive/ucf_experiments/ciclo_experimental_1/data/data_blur/train/Arrest042_x264-c1cd7ee285_0_flip_lr_blur.mp4,/content/drive/MyDrive/ucf_experiments/ciclo_experimental_1/data/data_crop/train/Arrest042_x264-c1cd7ee285_0_flip_lr_crop.mp4,0
2059,/content/drive/MyDrive/ucf_experiments/ciclo_experimental_1/data/data_blur/train/Robbery038_x264-bb13d7e2d6_1_flip_lr_blur.mp4,/content/drive/MyDrive/ucf_experiments/ciclo_experimental_1/data/data_crop/train/Robbery038_x264-bb13d7e2d6_1_flip_lr_crop.mp4,1
2060,/content/drive/MyDrive/ucf_experiments/ciclo_experimental_1/data/data_blur/train/Arrest046_x264-d5759b03fa_0_flip_lr_blur.mp4,/content/drive/MyDrive/ucf_experiments/ciclo_experimental_1/data/data_crop/train/Arrest046_x264-d5759b03fa_0_flip_lr_crop.mp4,0
2061,/content/drive/MyDrive/ucf_experiments/ciclo_experimental_1/data/data_blur/train/Fighting009_x264-6348897876_0_flip_lr_blur.mp4,/content/drive/MyDrive/ucf_experiments/ciclo_experimental_1/data/data_crop/train/Fighting009_x264-6348897876_0_flip_lr_crop.mp4,0
2062,/content/drive/MyDrive/ucf_experiments/ciclo_experimental_1/data/data_blur/train/Fighting036_x264-8ee37cc29b_1_flip_lr_blur.mp4,/content/drive/MyDrive/ucf_experiments/ciclo_experimental_1/data/data_crop/train/Fighting036_x264-8ee37cc29b_1_flip_lr_crop.mp4,1
2063,/content/drive/MyDrive/ucf_experiments/ciclo_experimental_1/data/data_blur/train/Abuse046_x264-ecf6bb73e7_1_flip_lr_blur.mp4,/content/drive/MyDrive/ucf_experiments/ciclo_experimental_1/data/data_crop/train/Abuse046_x264-ecf6bb73e7_1_flip_lr_crop.mp4,1
2064,/content/drive/MyDrive/ucf_experiments/ciclo_experimental_1/data/data_blur/train/Abuse047_x264-06b1d9352b_0_flip_lr_blur.mp4,/content/drive/MyDrive/ucf_experiments/ciclo_experimental_1/data/data_crop/train/Abuse047_x264-06b1d9352b_0_flip_lr_crop.mp4,0
2065,/content/drive/MyDrive/ucf_experiments/ciclo_experimental_1/data/data_blur/train/Assault007_x264-107981c620_0_flip_lr_blur.mp4,/content/drive/MyDrive/ucf_experiments/ciclo_experimental_1/data/data_crop/train/Assault007_x264-107981c620_0_flip_lr_crop.mp4,0
2066,/content/drive/MyDrive/ucf_experiments/ciclo_experimental_1/data/data_blur/train/Robbery041_x264-d031fc2c76_0_flip_lr_blur.mp4,/content/drive/MyDrive/ucf_experiments/ciclo_experimental_1/data/data_crop/train/Robbery041_x264-d031fc2c76_0_flip_lr_crop.mp4,0
2067,/content/drive/MyDrive/ucf_experiments/ciclo_experimental_1/data/data_blur/train/Arrest033_x264-91f7926928_1_flip_lr_blur.mp4,/content/drive/MyDrive/ucf_experiments/ciclo_experimental_1/data/data_crop/train/Arrest033_x264-91f7926928_1_flip_lr_crop.mp4,1
2068,/content/drive/MyDrive/ucf_experiments/ciclo_experimental_1/data/data_blur/train/Robbery058_x264-f30a19e69e_1_flip_lr_blur.mp4,/content/drive/MyDrive/ucf_experiments/ciclo_experimental_1/data/data_crop/train/Robbery058_x264-f30a19e69e_1_flip_lr_crop.mp4,1
2069,/content/drive/MyDrive/ucf_experiments/ciclo_experimental_1/data/data_blur/train/Arrest032_x264-8d230251d4_0_flip_lr_blur.mp4,/content/drive/MyDrive/ucf_experiments/ciclo_experimental_1/data/data_crop/train/Arrest032_x264-8d230251d4_0_flip_lr_crop.mp4,0
2070,/content/drive/MyDrive/ucf_experiments/ciclo_experimental_1/data/data_blur/train/Abuse032_x264-73dacdf056_1_flip_lr_blur.mp4,/content/drive/MyDrive/ucf_experiments/ciclo_experimental_1/data/data_crop/train/Abuse032_x264-73dacdf056_1_flip_lr_crop.mp4,1
2071,/content/drive/MyDrive/ucf_experiments/ciclo_experimental_1/data/data_blur/train/Fighting032_x264-9e66ea0d5a_1_flip_lr_blur.mp4,/content/drive/MyDrive/ucf_experiments/ciclo_experimental_1/data/data_crop/train/Fighting032_x264-9e66ea0d5a_1_flip_lr_crop.mp4,1
2072,/content/drive/MyDrive/ucf_experiments/ciclo_experimental_1/data/data_blur/train/Fighting050_x264-d8beaa958a_1_flip_lr_blur.mp4,/content/drive/MyDrive/ucf_experiments/ciclo_experimental_1/data/data_crop/train/Fighting050_x264-d8beaa958a_1_flip_lr_crop.mp4,1
2073,/content/drive/MyDrive/ucf_experiments/ciclo_experimental_1/data/data_blur/train/Arrest043_x264-5b496ac64e_1_flip_lr_blur.mp4,/content/drive/MyDrive/ucf_experiments/ciclo_experimental_1/data/data_crop/train/Arrest043_x264-5b496ac64e_1_flip_lr_crop.mp4,1
2074,/content/drive/MyDrive/ucf_experiments/ciclo_experimental_1/data/data_blur/train/Arrest043_x264-bd9b991826_1_flip_lr_blur.mp4,/content/drive/MyDrive/ucf_experiments/ciclo_experimental_1/data/data_crop/train/Arrest043_x264-bd9b991826_1_flip_lr_crop.mp4,1
2075,/content/drive/MyDrive/ucf_experiments/ciclo_experimental_1/data/data_blur/train/Arrest028_x264-a975b428fb_1_flip_lr_blur.mp4,/content/drive/MyDrive/ucf_experiments/ciclo_experimental_1/data/data_crop/train/Arrest028_x264-a975b428fb_1_flip_lr_crop.mp4,1
2076,/content/drive/MyDrive/ucf_experiments/ciclo_experimental_1/data/data_blur/train/Abuse025_x264-d55f4742c1_0_flip_lr_blur.mp4,/content/drive/MyDrive/ucf_experiments/ciclo_experimental_1/data/data_crop/train/Abuse025_x264-d55f4742c1_0_flip_lr_crop.mp4,0
2077,/content/drive/MyDrive/ucf_experiments/ciclo_experimental_1/data/data_blur/train/Abuse004_x264-beecf78556_0_flip_lr_blur.mp4,/content/drive/MyDrive/ucf_experiments/ciclo_experimental_1/data/data_crop/train/Abuse004_x264-beecf78556_0_flip_lr_crop.mp4,0
2078,/content/drive/MyDrive/ucf_experiments/ciclo_experimental_1/data/data_blur/train/Assault033_x264-9f67aff68b_1_flip_lr_blur.mp4,/content/drive/MyDrive/ucf_experiments/ciclo_experimental_1/data/data_crop/train/Assault033_x264-9f67aff68b_1_flip_lr_crop.mp4,1
2079,/content/drive/MyDrive/ucf_experiments/ciclo_experimental_1/data/data_blur/train/Abuse023_x264-9e8a64561b_1_flip_lr_blur.mp4,/content/drive/MyDrive/ucf_experiments/ciclo_experimental_1/data/data_crop/train/Abuse023_x264-9e8a64561b_1_flip_lr_crop.mp4,1
2080,/content/drive/MyDrive/ucf_experiments/ciclo_experimental_1/data/data_blur/train/Assault030_x264-620dccf32e_0_flip_lr_blur.mp4,/content/drive/MyDrive/ucf_experiments/ciclo_experimental_1/data/data_crop/train/Assault030_x264-620dccf32e_0_flip_lr_crop.mp4,0
2081,/content/drive/MyDrive/ucf_experiments/ciclo_experimental_1/data/data_blur/train/Assault003_x264-3cd6c26e95_0_flip_lr_blur.mp4,/content/drive/MyDrive/ucf_experiments/ciclo_experimental_1/data/data_crop/train/Assault003_x264-3cd6c26e95_0_flip_lr_crop.mp4,0
2082,/content/drive/MyDrive/ucf_experiments/ciclo_experimental_1/data/data_blur/train/Assault001_x264-d02cbc7d3e_0_flip_lr_blur.mp4,/content/drive/MyDrive/ucf_experiments/ciclo_experimental_1/data/data_crop/train/Assault001_x264-d02cbc7d3e_0_flip_lr_crop.mp4,0
2083,/content/drive/MyDrive/ucf_experiments/ciclo_experimental_1/data/data_blur/train/Abuse022_x264-f558659033_1_flip_lr_blur.mp4,/content/drive/MyDrive/ucf_experiments/ciclo_experimental_1/data/data_crop/train/Abuse022_x264-f558659033_1_flip_lr_crop.mp4,1
2084,/content/drive/MyDrive/ucf_experiments/ciclo_experimental_1/data/data_blur/train/Fighting027_x264-f1d4cbc702_0_flip_lr_blur.mp4,/content/drive/MyDrive/ucf_experiments/ciclo_experimental_1/data/data_crop/train/Fighting027_x264-f1d4cbc702_0_flip_lr_crop.mp4,0
2085,/content/drive/MyDrive/ucf_experiments/ciclo_experimental_1/data/data_blur/train/Robbery023_x264-19b8d8d50d_1_flip_lr_blur.mp4,/content/drive/MyDrive/ucf_experiments/ciclo_experimental_1/data/data_crop/train/Robbery023_x264-19b8d8d50d_1_flip_lr_crop.mp4,1
2086,/content/drive/MyDrive/ucf_experiments/ciclo_experimental_1/data/data_blur/train/Fighting007_x264-1261808100_1_flip_lr_blur.mp4,/content/drive/MyDrive/ucf_experiments/ciclo_experimental_1/data/data_crop/train/Fighting007_x264-1261808100_1_flip_lr_crop.mp4,1
2087,/content/drive/MyDrive/ucf_experiments/ciclo_experimental_1/data/data_blur/train/Fighting028_x264-b721d52d51_0_flip_lr_blur.mp4,/content/drive/MyDrive/ucf_experiments/ciclo_experimental_1/data/data_crop/train/Fighting028_x264-b721d52d51_0_flip_lr_crop.mp4,0
2088,/content/drive/MyDrive/ucf_experiments/ciclo_experimental_1/data/data_blur/train/Abuse050_x264-a9160c2159_1_flip_lr_blur.mp4,/content/drive/MyDrive/ucf_experiments/ciclo_experimental_1/data/data_crop/train/Abuse050_x264-a9160c2159_1_flip_lr_crop.mp4,1
2089,/content/drive/MyDrive/ucf_experiments/ciclo_experimental_1/data/data_blur/train/Arrest025_x264-08b8c7ff36_1_flip_lr_blur.mp4,/content/drive/MyDrive/ucf_experiments/ciclo_experimental_1/data/data_crop/train/Arrest025_x264-08b8c7ff36_1_flip_lr_crop.mp4,1
2090,/content/drive/MyDrive/ucf_experiments/ciclo_experimental_1/data/data_blur/train/Assault002_x264-0280690094_0_flip_lr_blur.mp4,/content/drive/MyDrive/ucf_experiments/ciclo_experimental_1/data/data_crop/train/Assault002_x264-0280690094_0_flip_lr_crop.mp4,0
2091,/content/drive/MyDrive/ucf_experiments/ciclo_experimental_1/data/data_blur/train/Robbery053_x264-e57f503874_0_flip_lr_blur.mp4,/content/drive/MyDrive/ucf_experiments/ciclo_experimental_1/data/data_crop/train/Robbery053_x264-e57f503874_0_flip_lr_crop.mp4,0
2092,/content/drive/MyDrive/ucf_experiments/ciclo_experimental_1/data/data_blur/train/Robbery072_x264-8fac59ab31_0_flip_lr_blur.mp4,/content/drive/MyDrive/ucf_experiments/ciclo_experimental_1/data/data_crop/train/Robbery072_x264-8fac59ab31_0_flip_lr_crop.mp4,0
2093,/content/drive/MyDrive/ucf_experiments/ciclo_experimental_1/data/data_blur/train/Fighting028_x264-24cf7fa6c1_1_flip_lr_blur.mp4,/content/drive/MyDrive/ucf_experiments/ciclo_experimental_1/data/data_crop/train/Fighting028_x264-24cf7fa6c1_1_flip_lr_crop.mp4,1
2094,/content/drive/MyDrive/ucf_experiments/ciclo_experimental_1/data/data_blur/train/Robbery043_x264-ec5a0e40d7_0_flip_lr_blur.mp4,/content/drive/MyDrive/ucf_experiments/ciclo_experimental_1/data/data_crop/train/Robbery043_x264-ec5a0e40d7_0_flip_lr_crop.mp4,0
2095,/content/drive/MyDrive/ucf_experiments/ciclo_experimental_1/data/data_blur/train/Assault035_x264-8b8fb5d921_1_flip_lr_blur.mp4,/content/drive/MyDrive/ucf_experiments/ciclo_experimental_1/data/data_crop/train/Assault035_x264-8b8fb5d921_1_flip_lr_crop.mp4,1
2096,/content/drive/MyDrive/ucf_experiments/ciclo_experimental_1/data/data_blur/train/Arrest038_x264-ad8020c780_0_flip_lr_blur.mp4,/content/drive/MyDrive/ucf_experiments/ciclo_experimental_1/data/data_crop/train/Arrest038_x264-ad8020c780_0_flip_lr_crop.mp4,0
2097,/content/drive/MyDrive/ucf_experiments/ciclo_experimental_1/data/data_blur/train/Arrest025_x264-fef8ab8607_1_flip_lr_blur.mp4,/content/drive/MyDrive/ucf_experiments/ciclo_experimental_1/data/data_crop/train/Arrest025_x264-fef8ab8607_1_flip_lr_crop.mp4,1
2098,/content/drive/MyDrive/ucf_experiments/ciclo_experimental_1/data/data_blur/train/Abuse004_x264-4eb47c2c7f_0_flip_lr_blur.mp4,/content/drive/MyDrive/ucf_experiments/ciclo_experimental_1/data/data_crop/train/Abuse004_x264-4eb47c2c7f_0_flip_lr_crop.mp4,0
2099,/content/drive/MyDrive/ucf_experiments/ciclo_experimental_1/data/data_blur/train/Fighting024_x264-585591908f_0_flip_lr_blur.mp4,/content/drive/MyDrive/ucf_experiments/ciclo_experimental_1/data/data_crop/train/Fighting024_x264-585591908f_0_flip_lr_crop.mp4,0
2100,/content/drive/MyDrive/ucf_experiments/ciclo_experimental_1/data/data_blur/train/Robbery014_x264-eb8a7d4509_1_flip_lr_blur.mp4,/content/drive/MyDrive/ucf_experiments/ciclo_experimental_1/data/data_crop/train/Robbery014_x264-eb8a7d4509_1_flip_lr_crop.mp4,1
2101,/content/drive/MyDrive/ucf_experiments/ciclo_experimental_1/data/data_blur/train/Robbery066_x264-19cd10a726_0_flip_lr_blur.mp4,/content/drive/MyDrive/ucf_experiments/ciclo_experimental_1/data/data_crop/train/Robbery066_x264-19cd10a726_0_flip_lr_crop.mp4,0
2102,/content/drive/MyDrive/ucf_experiments/ciclo_experimental_1/data/data_blur/train/Fighting039_x264-04d002b17a_0_flip_lr_blur.mp4,/content/drive/MyDrive/ucf_experiments/ciclo_experimental_1/data/data_crop/train/Fighting039_x264-04d002b17a_0_flip_lr_crop.mp4,0
2103,/content/drive/MyDrive/ucf_experiments/ciclo_experimental_1/data/data_blur/train/Fighting028_x264-ff8368ff07_1_flip_lr_blur.mp4,/content/drive/MyDrive/ucf_experiments/ciclo_experimental_1/data/data_crop/train/Fighting028_x264-ff8368ff07_1_flip_lr_crop.mp4,1
2104,/content/drive/MyDrive/ucf_experiments/ciclo_experimental_1/data/data_blur/train/Robbery047_x264-423c556187_1_flip_lr_blur.mp4,/content/drive/MyDrive/ucf_experiments/ciclo_experimental_1/data/data_crop/train/Robbery047_x264-423c556187_1_flip_lr_crop.mp4,1
2105,/content/drive/MyDrive/ucf_experiments/ciclo_experimental_1/data/data_blur/train/Arrest046_x264-bd1de54ba3_1_flip_lr_blur.mp4,/content/drive/MyDrive/ucf_experiments/ciclo_experimental_1/data/data_crop/train/Arrest046_x264-bd1de54ba3_1_flip_lr_crop.mp4,1
2106,/content/drive/MyDrive/ucf_experiments/ciclo_experimental_1/data/data_blur/train/Robbery096_x264-0d6f5f649d_0_flip_lr_blur.mp4,/content/drive/MyDrive/ucf_experiments/ciclo_experimental_1/data/data_crop/train/Robbery096_x264-0d6f5f649d_0_flip_lr_crop.mp4,0
2107,/content/drive/MyDrive/ucf_experiments/ciclo_experimental_1/data/data_blur/train/Assault050_x264-79260e87aa_1_flip_lr_blur.mp4,/content/drive/MyDrive/ucf_experiments/ciclo_experimental_1/data/data_crop/train/Assault050_x264-79260e87aa_1_flip_lr_crop.mp4,1
2108,/content/drive/MyDrive/ucf_experiments/ciclo_experimental_1/data/data_blur/train/Arrest051_x264-cd391e2398_0_flip_lr_blur.mp4,/content/drive/MyDrive/ucf_experiments/ciclo_experimental_1/data/data_crop/train/Arrest051_x264-cd391e2398_0_flip_lr_crop.mp4,0
2109,/content/drive/MyDrive/ucf_experiments/ciclo_experimental_1/data/data_blur/train/Robbery062_x264-e398480904_1_flip_lr_blur.mp4,/content/drive/MyDrive/ucf_experiments/ciclo_experimental_1/data/data_crop/train/Robbery062_x264-e398480904_1_flip_lr_crop.mp4,1
2110,/content/drive/MyDrive/ucf_experiments/ciclo_experimental_1/data/data_blur/train/Abuse045_x264-4a7dd4845f_1_flip_lr_blur.mp4,/content/drive/MyDrive/ucf_experiments/ciclo_experimental_1/data/data_crop/train/Abuse045_x264-4a7dd4845f_1_flip_lr_crop.mp4,1
2111,/content/drive/MyDrive/ucf_experiments/ciclo_experimental_1/data/data_blur/train/Robbery016_x264-6d8da0d4f9_1_flip_lr_blur.mp4,/content/drive/MyDrive/ucf_experiments/ciclo_experimental_1/data/data_crop/train/Robbery016_x264-6d8da0d4f9_1_flip_lr_crop.mp4,1
2112,/content/drive/MyDrive/ucf_experiments/ciclo_experimental_1/data/data_blur/train/Abuse023_x264-4d86ce7d5c_1_flip_lr_blur.mp4,/content/drive/MyDrive/ucf_experiments/ciclo_experimental_1/data/data_crop/train/Abuse023_x264-4d86ce7d5c_1_flip_lr_crop.mp4,1
2113,/content/drive/MyDrive/ucf_experiments/ciclo_experimental_1/data/data_blur/train/Fighting039_x264-1bedc597e3_1_flip_lr_blur.mp4,/content/drive/MyDrive/ucf_experiments/ciclo_experimental_1/data/data_crop/train/Fighting039_x264-1bedc597e3_1_flip_lr_crop.mp4,1
2114,/content/drive/MyDrive/ucf_experiments/ciclo_experimental_1/data/data_blur/train/Arrest009_x264-f718d6694a_0_flip_lr_blur.mp4,/content/drive/MyDrive/ucf_experiments/ciclo_experimental_1/data/data_crop/train/Arrest009_x264-f718d6694a_0_flip_lr_crop.mp4,0
2115,/content/drive/MyDrive/ucf_experiments/ciclo_experimental_1/data/data_blur/train/Arrest023_x264-17711d5f29_1_flip_lr_blur.mp4,/content/drive/MyDrive/ucf_experiments/ciclo_experimental_1/data/data_crop/train/Arrest023_x264-17711d5f29_1_flip_lr_crop.mp4,1
2116,/content/drive/MyDrive/ucf_experiments/ciclo_experimental_1/data/data_blur/train/Arrest011_x264-cdd8f076bf_1_flip_lr_blur.mp4,/content/drive/MyDrive/ucf_experiments/ciclo_experimental_1/data/data_crop/train/Arrest011_x264-cdd8f076bf_1_flip_lr_crop.mp4,1
2117,/content/drive/MyDrive/ucf_experiments/ciclo_experimental_1/data/data_blur/train/Robbery078_x264-89e9f657d1_1_flip_lr_blur.mp4,/content/drive/MyDrive/ucf_experiments/ciclo_experimental_1/data/data_crop/train/Robbery078_x264-89e9f657d1_1_flip_lr_crop.mp4,1
2118,/content/drive/MyDrive/ucf_experiments/ciclo_experimental_1/data/data_blur/train/Fighting013_x264-53b9ae7762_1_flip_lr_blur.mp4,/content/drive/MyDrive/ucf_experiments/ciclo_experimental_1/data/data_crop/train/Fighting013_x264-53b9ae7762_1_flip_lr_crop.mp4,1
2119,/content/drive/MyDrive/ucf_experiments/ciclo_experimental_1/data/data_blur/train/Abuse006_x264-d51dbb6246_1_flip_lr_blur.mp4,/content/drive/MyDrive/ucf_experiments/ciclo_experimental_1/data/data_crop/train/Abuse006_x264-d51dbb6246_1_flip_lr_crop.mp4,1
2120,/content/drive/MyDrive/ucf_experiments/ciclo_experimental_1/data/data_blur/train/Assault007_x264-b5d60eef0f_1_flip_lr_blur.mp4,/content/drive/MyDrive/ucf_experiments/ciclo_experimental_1/data/data_crop/train/Assault007_x264-b5d60eef0f_1_flip_lr_crop.mp4,1
2121,/content/drive/MyDrive/ucf_experiments/ciclo_experimental_1/data/data_blur/train/Fighting039_x264-937c2bed76_0_flip_lr_blur.mp4,/content/drive/MyDrive/ucf_experiments/ciclo_experimental_1/data/data_crop/train/Fighting039_x264-937c2bed76_0_flip_lr_crop.mp4,0
2122,/content/drive/MyDrive/ucf_experiments/ciclo_experimental_1/data/data_blur/train/Assault045_x264-58344c5f62_0_flip_lr_blur.mp4,/content/drive/MyDrive/ucf_experiments/ciclo_experimental_1/data/data_crop/train/Assault045_x264-58344c5f62_0_flip_lr_crop.mp4,0
2123,/content/drive/MyDrive/ucf_experiments/ciclo_experimental_1/data/data_blur/train/Abuse048_x264-a82e7f83c0_1_flip_lr_blur.mp4,/content/drive/MyDrive/ucf_experiments/ciclo_experimental_1/data/data_crop/train/Abuse048_x264-a82e7f83c0_1_flip_lr_crop.mp4,1
2124,/content/drive/MyDrive/ucf_experiments/ciclo_experimental_1/data/data_blur/train/Abuse024_x264-0e0f5317b2_0_flip_lr_blur.mp4,/content/drive/MyDrive/ucf_experiments/ciclo_experimental_1/data/data_crop/train/Abuse024_x264-0e0f5317b2_0_flip_lr_crop.mp4,0
2125,/content/drive/MyDrive/ucf_experiments/ciclo_experimental_1/data/data_blur/train/Robbery036_x264-a7afef3076_0_flip_lr_blur.mp4,/content/drive/MyDrive/ucf_experiments/ciclo_experimental_1/data/data_crop/train/Robbery036_x264-a7afef3076_0_flip_lr_crop.mp4,0
2126,/content/drive/MyDrive/ucf_experiments/ciclo_experimental_1/data/data_blur/train/Assault033_x264-16c5eb06f1_0_flip_lr_blur.mp4,/content/drive/MyDrive/ucf_experiments/ciclo_experimental_1/data/data_crop/train/Assault033_x264-16c5eb06f1_0_flip_lr_crop.mp4,0
2127,/content/drive/MyDrive/ucf_experiments/ciclo_experimental_1/data/data_blur/train/Arrest011_x264-583cd653c4_1_flip_lr_blur.mp4,/content/drive/MyDrive/ucf_experiments/ciclo_experimental_1/data/data_crop/train/Arrest011_x264-583cd653c4_1_flip_lr_crop.mp4,1
2128,/content/drive/MyDrive/ucf_experiments/ciclo_experimental_1/data/data_blur/train/Arrest037_x264-2176cff7e7_1_flip_lr_blur.mp4,/content/drive/MyDrive/ucf_experiments/ciclo_experimental_1/data/data_crop/train/Arrest037_x264-2176cff7e7_1_flip_lr_crop.mp4,1
2129,/content/drive/MyDrive/ucf_experiments/ciclo_experimental_1/data/data_blur/train/Robbery042_x264-6b47fe90ed_0_flip_lr_blur.mp4,/content/drive/MyDrive/ucf_experiments/ciclo_experimental_1/data/data_crop/train/Robbery042_x264-6b47fe90ed_0_flip_lr_crop.mp4,0
2130,/content/drive/MyDrive/ucf_experiments/ciclo_experimental_1/data/data_blur/train/Arrest029_x264-9eb3069889_0_flip_lr_blur.mp4,/content/drive/MyDrive/ucf_experiments/ciclo_experimental_1/data/data_crop/train/Arrest029_x264-9eb3069889_0_flip_lr_crop.mp4,0
2131,/content/drive/MyDrive/ucf_experiments/ciclo_experimental_1/data/data_blur/train/Arrest003_x264-70fd9e271d_1_flip_lr_blur.mp4,/content/drive/MyDrive/ucf_experiments/ciclo_experimental_1/data/data_crop/train/Arrest003_x264-70fd9e271d_1_flip_lr_crop.mp4,1
2132,/content/drive/MyDrive/ucf_experiments/ciclo_experimental_1/data/data_blur/train/Robbery096_x264-5c6db777a5_0_flip_lr_blur.mp4,/content/drive/MyDrive/ucf_experiments/ciclo_experimental_1/data/data_crop/train/Robbery096_x264-5c6db777a5_0_flip_lr_crop.mp4,0
2133,/content/drive/MyDrive/ucf_experiments/ciclo_experimental_1/data/data_blur/train/Robbery066_x264-b250c195a8_0_flip_lr_blur.mp4,/content/drive/MyDrive/ucf_experiments/ciclo_experimental_1/data/data_crop/train/Robbery066_x264-b250c195a8_0_flip_lr_crop.mp4,0
2134,/content/drive/MyDrive/ucf_experiments/ciclo_experimental_1/data/data_blur/train/Robbery078_x264-2ddd237403_1_flip_lr_blur.mp4,/content/drive/MyDrive/ucf_experiments/ciclo_experimental_1/data/data_crop/train/Robbery078_x264-2ddd237403_1_flip_lr_crop.mp4,1
2135,/content/drive/MyDrive/ucf_experiments/ciclo_experimental_1/data/data_blur/train/Fighting026_x264-9602f407d2_0_flip_lr_blur.mp4,/content/drive/MyDrive/ucf_experiments/ciclo_experimental_1/data/data_crop/train/Fighting026_x264-9602f407d2_0_flip_lr_crop.mp4,0
2136,/content/drive/MyDrive/ucf_experiments/ciclo_experimental_1/data/data_blur/train/Robbery081_x264-51832fd16d_1_flip_lr_blur.mp4,/content/drive/MyDrive/ucf_experiments/ciclo_experimental_1/data/data_crop/train/Robbery081_x264-51832fd16d_1_flip_lr_crop.mp4,1
2137,/content/drive/MyDrive/ucf_experiments/ciclo_experimental_1/data/data_blur/train/Assault047_x264-964f237ab6_0_flip_lr_blur.mp4,/content/drive/MyDrive/ucf_experiments/ciclo_experimental_1/data/data_crop/train/Assault047_x264-964f237ab6_0_flip_lr_crop.mp4,0
2138,/content/drive/MyDrive/ucf_experiments/ciclo_experimental_1/data/data_blur/train/Fighting006_x264-e20270010d_1_flip_lr_blur.mp4,/content/drive/MyDrive/ucf_experiments/ciclo_experimental_1/data/data_crop/train/Fighting006_x264-e20270010d_1_flip_lr_crop.mp4,1
2139,/content/drive/MyDrive/ucf_experiments/ciclo_experimental_1/data/data_blur/train/Abuse042_x264-2e3b959e46_0_flip_lr_blur.mp4,/content/drive/MyDrive/ucf_experiments/ciclo_experimental_1/data/data_crop/train/Abuse042_x264-2e3b959e46_0_flip_lr_crop.mp4,0
2140,/content/drive/MyDrive/ucf_experiments/ciclo_experimental_1/data/data_blur/train/Robbery027_x264-00035952f7_1_flip_lr_blur.mp4,/content/drive/MyDrive/ucf_experiments/ciclo_experimental_1/data/data_crop/train/Robbery027_x264-00035952f7_1_flip_lr_crop.mp4,1
2141,/content/drive/MyDrive/ucf_experiments/ciclo_experimental_1/data/data_blur/train/Fighting034_x264-51c95479fe_1_flip_lr_blur.mp4,/content/drive/MyDrive/ucf_experiments/ciclo_experimental_1/data/data_crop/train/Fighting034_x264-51c95479fe_1_flip_lr_crop.mp4,1
2142,/content/drive/MyDrive/ucf_experiments/ciclo_experimental_1/data/data_blur/train/Robbery081_x264-985939a3bb_1_flip_lr_blur.mp4,/content/drive/MyDrive/ucf_experiments/ciclo_experimental_1/data/data_crop/train/Robbery081_x264-985939a3bb_1_flip_lr_crop.mp4,1
2143,/content/drive/MyDrive/ucf_experiments/ciclo_experimental_1/data/data_blur/train/Robbery016_x264-e3dc07f08c_0_flip_lr_blur.mp4,/content/drive/MyDrive/ucf_experiments/ciclo_experimental_1/data/data_crop/train/Robbery016_x264-e3dc07f08c_0_flip_lr_crop.mp4,0
2144,/content/drive/MyDrive/ucf_experiments/ciclo_experimental_1/data/data_blur/train/Arrest037_x264-c7f3a5c118_1_flip_lr_blur.mp4,/content/drive/MyDrive/ucf_experiments/ciclo_experimental_1/data/data_crop/train/Arrest037_x264-c7f3a5c118_1_flip_lr_crop.mp4,1
2145,/content/drive/MyDrive/ucf_experiments/ciclo_experimental_1/data/data_blur/train/Robbery052_x264-93f484f3e4_1_flip_lr_blur.mp4,/content/drive/MyDrive/ucf_experiments/ciclo_experimental_1/data/data_crop/train/Robbery052_x264-93f484f3e4_1_flip_lr_crop.mp4,1
2146,/content/drive/MyDrive/ucf_experiments/ciclo_experimental_1/data/data_blur/train/Arrest032_x264-2384ef804b_1_flip_lr_blur.mp4,/content/drive/MyDrive/ucf_experiments/ciclo_experimental_1/data/data_crop/train/Arrest032_x264-2384ef804b_1_flip_lr_crop.mp4,1
2147,/content/drive/MyDrive/ucf_experiments/ciclo_experimental_1/data/data_blur/train/Robbery105_x264-ae14428f7e_0_flip_lr_blur.mp4,/content/drive/MyDrive/ucf_experiments/ciclo_experimental_1/data/data_crop/train/Robbery105_x264-ae14428f7e_0_flip_lr_crop.mp4,0
2148,/content/drive/MyDrive/ucf_experiments/ciclo_experimental_1/data/data_blur/train/Robbery088_x264-4c31dec38e_1_flip_lr_blur.mp4,/content/drive/MyDrive/ucf_experiments/ciclo_experimental_1/data/data_crop/train/Robbery088_x264-4c31dec38e_1_flip_lr_crop.mp4,1
2149,/content/drive/MyDrive/ucf_experiments/ciclo_experimental_1/data/data_blur/train/Abuse042_x264-a90b6843e5_1_flip_lr_blur.mp4,/content/drive/MyDrive/ucf_experiments/ciclo_experimental_1/data/data_crop/train/Abuse042_x264-a90b6843e5_1_flip_lr_crop.mp4,1
2150,/content/drive/MyDrive/ucf_experiments/ciclo_experimental_1/data/data_blur/train/Robbery097_x264-3ce701ea1a_0_flip_lr_blur.mp4,/content/drive/MyDrive/ucf_experiments/ciclo_experimental_1/data/data_crop/train/Robbery097_x264-3ce701ea1a_0_flip_lr_crop.mp4,0
2151,/content/drive/MyDrive/ucf_experiments/ciclo_experimental_1/data/data_blur/train/Robbery066_x264-244938656f_0_flip_lr_blur.mp4,/content/drive/MyDrive/ucf_experiments/ciclo_experimental_1/data/data_crop/train/Robbery066_x264-244938656f_0_flip_lr_crop.mp4,0
2152,/content/drive/MyDrive/ucf_experiments/ciclo_experimental_1/data/data_blur/train/Robbery026_x264-dab1fd816e_0_flip_lr_blur.mp4,/content/drive/MyDrive/ucf_experiments/ciclo_experimental_1/data/data_crop/train/Robbery026_x264-dab1fd816e_0_flip_lr_crop.mp4,0
2153,/content/drive/MyDrive/ucf_experiments/ciclo_experimental_1/data/data_blur/train/Robbery030_x264-063f129aae_0_flip_lr_blur.mp4,/content/drive/MyDrive/ucf_experiments/ciclo_experimental_1/data/data_crop/train/Robbery030_x264-063f129aae_0_flip_lr_crop.mp4,0
2154,/content/drive/MyDrive/ucf_experiments/ciclo_experimental_1/data/data_blur/train/Arrest006_x264-50dae6fc8a_1_flip_lr_blur.mp4,/content/drive/MyDrive/ucf_experiments/ciclo_experimental_1/data/data_crop/train/Arrest006_x264-50dae6fc8a_1_flip_lr_crop.mp4,1
2155,/content/drive/MyDrive/ucf_experiments/ciclo_experimental_1/data/data_blur/train/Robbery049_x264-f29e1b90ff_1_flip_lr_blur.mp4,/content/drive/MyDrive/ucf_experiments/ciclo_experimental_1/data/data_crop/train/Robbery049_x264-f29e1b90ff_1_flip_lr_crop.mp4,1
2156,/content/drive/MyDrive/ucf_experiments/ciclo_experimental_1/data/data_blur/train/Robbery019_x264-665879b03c_1_flip_lr_blur.mp4,/content/drive/MyDrive/ucf_experiments/ciclo_experimental_1/data/data_crop/train/Robbery019_x264-665879b03c_1_flip_lr_crop.mp4,1
2157,/content/drive/MyDrive/ucf_experiments/ciclo_experimental_1/data/data_blur/train/Assault026_x264-a6478e6271_1_flip_lr_blur.mp4,/content/drive/MyDrive/ucf_experiments/ciclo_experimental_1/data/data_crop/train/Assault026_x264-a6478e6271_1_flip_lr_crop.mp4,1
2158,/content/drive/MyDrive/ucf_experiments/ciclo_experimental_1/data/data_blur/train/Fighting040_x264-36bef0a9aa_0_flip_lr_blur.mp4,/content/drive/MyDrive/ucf_experiments/ciclo_experimental_1/data/data_crop/train/Fighting040_x264-36bef0a9aa_0_flip_lr_crop.mp4,0
2159,/content/drive/MyDrive/ucf_experiments/ciclo_experimental_1/data/data_blur/train/Arrest035_x264-e96c2122aa_1_flip_lr_blur.mp4,/content/drive/MyDrive/ucf_experiments/ciclo_experimental_1/data/data_crop/train/Arrest035_x264-e96c2122aa_1_flip_lr_crop.mp4,1
2160,/content/drive/MyDrive/ucf_experiments/ciclo_experimental_1/data/data_blur/train/Abuse050_x264-7ef384aa13_1_flip_lr_blur.mp4,/content/drive/MyDrive/ucf_experiments/ciclo_experimental_1/data/data_crop/train/Abuse050_x264-7ef384aa13_1_flip_lr_crop.mp4,1
2161,/content/drive/MyDrive/ucf_experiments/ciclo_experimental_1/data/data_blur/train/Fighting014_x264-d81d843a74_0_flip_lr_blur.mp4,/content/drive/MyDrive/ucf_experiments/ciclo_experimental_1/data/data_crop/train/Fighting014_x264-d81d843a74_0_flip_lr_crop.mp4,0
2162,/content/drive/MyDrive/ucf_experiments/ciclo_experimental_1/data/data_blur/train/Robbery082_x264-4cd21e5045_0_flip_lr_blur.mp4,/content/drive/MyDrive/ucf_experiments/ciclo_experimental_1/data/data_crop/train/Robbery082_x264-4cd21e5045_0_flip_lr_crop.mp4,0
2163,/content/drive/MyDrive/ucf_experiments/ciclo_experimental_1/data/data_blur/train/Fighting051_x264-7d052940d5_0_flip_lr_blur.mp4,/content/drive/MyDrive/ucf_experiments/ciclo_experimental_1/data/data_crop/train/Fighting051_x264-7d052940d5_0_flip_lr_crop.mp4,0
2164,/content/drive/MyDrive/ucf_experiments/ciclo_experimental_1/data/data_blur/train/Robbery060_x264-af196ed162_0_flip_lr_blur.mp4,/content/drive/MyDrive/ucf_experiments/ciclo_experimental_1/data/data_crop/train/Robbery060_x264-af196ed162_0_flip_lr_crop.mp4,0
2165,/content/drive/MyDrive/ucf_experiments/ciclo_experimental_1/data/data_blur/train/Fighting021_x264-f187c57159_0_flip_lr_blur.mp4,/content/drive/MyDrive/ucf_experiments/ciclo_experimental_1/data/data_crop/train/Fighting021_x264-f187c57159_0_flip_lr_crop.mp4,0
2166,/content/drive/MyDrive/ucf_experiments/ciclo_experimental_1/data/data_blur/train/Assault035_x264-a92e5ba357_1_flip_lr_blur.mp4,/content/drive/MyDrive/ucf_experiments/ciclo_experimental_1/data/data_crop/train/Assault035_x264-a92e5ba357_1_flip_lr_crop.mp4,1
2167,/content/drive/MyDrive/ucf_experiments/ciclo_experimental_1/data/data_blur/train/Robbery042_x264-d031313e1c_0_flip_lr_blur.mp4,/content/drive/MyDrive/ucf_experiments/ciclo_experimental_1/data/data_crop/train/Robbery042_x264-d031313e1c_0_flip_lr_crop.mp4,0
2168,/content/drive/MyDrive/ucf_experiments/ciclo_experimental_1/data/data_blur/train/Assault030_x264-0c06162026_0_flip_lr_blur.mp4,/content/drive/MyDrive/ucf_experiments/ciclo_experimental_1/data/data_crop/train/Assault030_x264-0c06162026_0_flip_lr_crop.mp4,0
2169,/content/drive/MyDrive/ucf_experiments/ciclo_experimental_1/data/data_blur/train/Fighting028_x264-96d4dcab5e_0_flip_lr_blur.mp4,/content/drive/MyDrive/ucf_experiments/ciclo_experimental_1/data/data_crop/train/Fighting028_x264-96d4dcab5e_0_flip_lr_crop.mp4,0
2170,/content/drive/MyDrive/ucf_experiments/ciclo_experimental_1/data/data_blur/train/Robbery032_x264-b9b9efdcc9_0_flip_lr_blur.mp4,/content/drive/MyDrive/ucf_experiments/ciclo_experimental_1/data/data_crop/train/Robbery032_x264-b9b9efdcc9_0_flip_lr_crop.mp4,0
2171,/content/drive/MyDrive/ucf_experiments/ciclo_experimental_1/data/data_blur/train/Abuse031_x264-dede7658a2_0_flip_lr_blur.mp4,/content/drive/MyDrive/ucf_experiments/ciclo_experimental_1/data/data_crop/train/Abuse031_x264-dede7658a2_0_flip_lr_crop.mp4,0
2172,/content/drive/MyDrive/ucf_experiments/ciclo_experimental_1/data/data_blur/train/Robbery100_x264-c198e2163a_1_flip_lr_blur.mp4,/content/drive/MyDrive/ucf_experiments/ciclo_experimental_1/data/data_crop/train/Robbery100_x264-c198e2163a_1_flip_lr_crop.mp4,1
2173,/content/drive/MyDrive/ucf_experiments/ciclo_experimental_1/data/data_blur/train/Assault040_x264-45b8e28f49_1_flip_lr_blur.mp4,/content/drive/MyDrive/ucf_experiments/ciclo_experimental_1/data/data_crop/train/Assault040_x264-45b8e28f49_1_flip_lr_crop.mp4,1
2174,/content/drive/MyDrive/ucf_experiments/ciclo_experimental_1/data/data_blur/train/Abuse018_x264-c6d5701e6a_1_flip_lr_blur.mp4,/content/drive/MyDrive/ucf_experiments/ciclo_experimental_1/data/data_crop/train/Abuse018_x264-c6d5701e6a_1_flip_lr_crop.mp4,1
2175,/content/drive/MyDrive/ucf_experiments/ciclo_experimental_1/data/data_blur/train/Arrest029_x264-3a2206ab74_1_flip_lr_blur.mp4,/content/drive/MyDrive/ucf_experiments/ciclo_experimental_1/data/data_crop/train/Arrest029_x264-3a2206ab74_1_flip_lr_crop.mp4,1
2176,/content/drive/MyDrive/ucf_experiments/ciclo_experimental_1/data/data_blur/train/Fighting009_x264-6299cf4476_0_flip_lr_blur.mp4,/content/drive/MyDrive/ucf_experiments/ciclo_experimental_1/data/data_crop/train/Fighting009_x264-6299cf4476_0_flip_lr_crop.mp4,0
2177,/content/drive/MyDrive/ucf_experiments/ciclo_experimental_1/data/data_blur/train/Arrest028_x264-fd1493d1db_1_flip_lr_blur.mp4,/content/drive/MyDrive/ucf_experiments/ciclo_experimental_1/data/data_crop/train/Arrest028_x264-fd1493d1db_1_flip_lr_crop.mp4,1
2178,/content/drive/MyDrive/ucf_experiments/ciclo_experimental_1/data/data_blur/train/Fighting034_x264-3c7a609e4a_1_flip_lr_blur.mp4,/content/drive/MyDrive/ucf_experiments/ciclo_experimental_1/data/data_crop/train/Fighting034_x264-3c7a609e4a_1_flip_lr_crop.mp4,1
2179,/content/drive/MyDrive/ucf_experiments/ciclo_experimental_1/data/data_blur/train/Abuse031_x264-4a40683b92_1_flip_lr_blur.mp4,/content/drive/MyDrive/ucf_experiments/ciclo_experimental_1/data/data_crop/train/Abuse031_x264-4a40683b92_1_flip_lr_crop.mp4,1
2180,/content/drive/MyDrive/ucf_experiments/ciclo_experimental_1/data/data_blur/train/Abuse022_x264-2d95e67a32_1_flip_lr_blur.mp4,/content/drive/MyDrive/ucf_experiments/ciclo_experimental_1/data/data_crop/train/Abuse022_x264-2d95e67a32_1_flip_lr_crop.mp4,1
2181,/content/drive/MyDrive/ucf_experiments/ciclo_experimental_1/data/data_blur/train/Fighting026_x264-52cd6c66a1_1_flip_lr_blur.mp4,/content/drive/MyDrive/ucf_experiments/ciclo_experimental_1/data/data_crop/train/Fighting026_x264-52cd6c66a1_1_flip_lr_crop.mp4,1
2182,/content/drive/MyDrive/ucf_experiments/ciclo_experimental_1/data/data_blur/train/Robbery025_x264-f9fa934ee8_1_flip_lr_blur.mp4,/content/drive/MyDrive/ucf_experiments/ciclo_experimental_1/data/data_crop/train/Robbery025_x264-f9fa934ee8_1_flip_lr_crop.mp4,1
2183,/content/drive/MyDrive/ucf_experiments/ciclo_experimental_1/data/data_blur/train/Arrest050_x264-56aedbf099_0_flip_lr_blur.mp4,/content/drive/MyDrive/ucf_experiments/ciclo_experimental_1/data/data_crop/train/Arrest050_x264-56aedbf099_0_flip_lr_crop.mp4,0
2184,/content/drive/MyDrive/ucf_experiments/ciclo_experimental_1/data/data_blur/train/Fighting036_x264-2266fe4c9b_1_flip_lr_blur.mp4,/content/drive/MyDrive/ucf_experiments/ciclo_experimental_1/data/data_crop/train/Fighting036_x264-2266fe4c9b_1_flip_lr_crop.mp4,1
2185,/content/drive/MyDrive/ucf_experiments/ciclo_experimental_1/data/data_blur/train/Abuse047_x264-c71c3c3126_0_flip_lr_blur.mp4,/content/drive/MyDrive/ucf_experiments/ciclo_experimental_1/data/data_crop/train/Abuse047_x264-c71c3c3126_0_flip_lr_crop.mp4,0
2186,/content/drive/MyDrive/ucf_experiments/ciclo_experimental_1/data/data_blur/train/Robbery043_x264-01d49003a9_0_flip_lr_blur.mp4,/content/drive/MyDrive/ucf_experiments/ciclo_experimental_1/data/data_crop/train/Robbery043_x264-01d49003a9_0_flip_lr_crop.mp4,0
2187,/content/drive/MyDrive/ucf_experiments/ciclo_experimental_1/data/data_blur/train/Fighting004_x264-593908b2a8_1_flip_lr_blur.mp4,/content/drive/MyDrive/ucf_experiments/ciclo_experimental_1/data/data_crop/train/Fighting004_x264-593908b2a8_1_flip_lr_crop.mp4,1
2188,/content/drive/MyDrive/ucf_experiments/ciclo_experimental_1/data/data_blur/train/Fighting027_x264-bdc09555ea_0_flip_lr_blur.mp4,/content/drive/MyDrive/ucf_experiments/ciclo_experimental_1/data/data_crop/train/Fighting027_x264-bdc09555ea_0_flip_lr_crop.mp4,0
2189,/content/drive/MyDrive/ucf_experiments/ciclo_experimental_1/data/data_blur/train/Arrest002_x264-cda300425d_1_flip_lr_blur.mp4,/content/drive/MyDrive/ucf_experiments/ciclo_experimental_1/data/data_crop/train/Arrest002_x264-cda300425d_1_flip_lr_crop.mp4,1
2190,/content/drive/MyDrive/ucf_experiments/ciclo_experimental_1/data/data_blur/train/Robbery070_x264-9a2e3a6f0a_1_flip_lr_blur.mp4,/content/drive/MyDrive/ucf_experiments/ciclo_experimental_1/data/data_crop/train/Robbery070_x264-9a2e3a6f0a_1_flip_lr_crop.mp4,1
2191,/content/drive/MyDrive/ucf_experiments/ciclo_experimental_1/data/data_blur/train/Abuse036_x264-e61b66e507_0_flip_lr_blur.mp4,/content/drive/MyDrive/ucf_experiments/ciclo_experimental_1/data/data_crop/train/Abuse036_x264-e61b66e507_0_flip_lr_crop.mp4,0
2192,/content/drive/MyDrive/ucf_experiments/ciclo_experimental_1/data/data_blur/train/Abuse046_x264-bd51362758_0_flip_lr_blur.mp4,/content/drive/MyDrive/ucf_experiments/ciclo_experimental_1/data/data_crop/train/Abuse046_x264-bd51362758_0_flip_lr_crop.mp4,0
2193,/content/drive/MyDrive/ucf_experiments/ciclo_experimental_1/data/data_blur/train/Robbery056_x264-b9395f494f_1_flip_lr_blur.mp4,/content/drive/MyDrive/ucf_experiments/ciclo_experimental_1/data/data_crop/train/Robbery056_x264-b9395f494f_1_flip_lr_crop.mp4,1
2194,/content/drive/MyDrive/ucf_experiments/ciclo_experimental_1/data/data_blur/train/Robbery080_x264-1f02c33c6c_1_flip_lr_blur.mp4,/content/drive/MyDrive/ucf_experiments/ciclo_experimental_1/data/data_crop/train/Robbery080_x264-1f02c33c6c_1_flip_lr_crop.mp4,1
2195,/content/drive/MyDrive/ucf_experiments/ciclo_experimental_1/data/data_blur/train/Fighting035_x264-0a742c1149_0_flip_lr_blur.mp4,/content/drive/MyDrive/ucf_experiments/ciclo_experimental_1/data/data_crop/train/Fighting035_x264-0a742c1149_0_flip_lr_crop.mp4,0
2196,/content/drive/MyDrive/ucf_experiments/ciclo_experimental_1/data/data_blur/train/Robbery081_x264-e80ca213d4_0_flip_lr_blur.mp4,/content/drive/MyDrive/ucf_experiments/ciclo_experimental_1/data/data_crop/train/Robbery081_x264-e80ca213d4_0_flip_lr_crop.mp4,0
2197,/content/drive/MyDrive/ucf_experiments/ciclo_experimental_1/data/data_blur/train/Fighting034_x264-fa7e1dfd85_0_flip_lr_blur.mp4,/content/drive/MyDrive/ucf_experiments/ciclo_experimental_1/data/data_crop/train/Fighting034_x264-fa7e1dfd85_0_flip_lr_crop.mp4,0
2198,/content/drive/MyDrive/ucf_experiments/ciclo_experimental_1/data/data_blur/train/Robbery017_x264-6635abb18c_0_flip_lr_blur.mp4,/content/drive/MyDrive/ucf_experiments/ciclo_experimental_1/data/data_crop/train/Robbery017_x264-6635abb18c_0_flip_lr_crop.mp4,0
2199,/content/drive/MyDrive/ucf_experiments/ciclo_experimental_1/data/data_blur/train/Fighting025_x264-99580aead6_0_flip_lr_blur.mp4,/content/drive/MyDrive/ucf_experiments/ciclo_experimental_1/data/data_crop/train/Fighting025_x264-99580aead6_0_flip_lr_crop.mp4,0
2200,/content/drive/MyDrive/ucf_experiments/ciclo_experimental_1/data/data_blur/train/Fighting040_x264-7d83e893dd_0_flip_lr_blur.mp4,/content/drive/MyDrive/ucf_experiments/ciclo_experimental_1/data/data_crop/train/Fighting040_x264-7d83e893dd_0_flip_lr_crop.mp4,0
2201,/content/drive/MyDrive/ucf_experiments/ciclo_experimental_1/data/data_blur/train/Abuse031_x264-33a1469e74_1_flip_lr_blur.mp4,/content/drive/MyDrive/ucf_experiments/ciclo_experimental_1/data/data_crop/train/Abuse031_x264-33a1469e74_1_flip_lr_crop.mp4,1
2202,/content/drive/MyDrive/ucf_experiments/ciclo_experimental_1/data/data_blur/train/Fighting021_x264-de9333a56d_0_flip_lr_blur.mp4,/content/drive/MyDrive/ucf_experiments/ciclo_experimental_1/data/data_crop/train/Fighting021_x264-de9333a56d_0_flip_lr_crop.mp4,0
2203,/content/drive/MyDrive/ucf_experiments/ciclo_experimental_1/data/data_blur/train/Fighting028_x264-6b32010444_1_flip_lr_blur.mp4,/content/drive/MyDrive/ucf_experiments/ciclo_experimental_1/data/data_crop/train/Fighting028_x264-6b32010444_1_flip_lr_crop.mp4,1
2204,/content/drive/MyDrive/ucf_experiments/ciclo_experimental_1/data/data_blur/train/Assault002_x264-3e19359a19_0_flip_lr_blur.mp4,/content/drive/MyDrive/ucf_experiments/ciclo_experimental_1/data/data_crop/train/Assault002_x264-3e19359a19_0_flip_lr_crop.mp4,0
2205,/content/drive/MyDrive/ucf_experiments/ciclo_experimental_1/data/data_blur/train/Arrest026_x264-e0c72ea4c3_1_flip_lr_blur.mp4,/content/drive/MyDrive/ucf_experiments/ciclo_experimental_1/data/data_crop/train/Arrest026_x264-e0c72ea4c3_1_flip_lr_crop.mp4,1
2206,/content/drive/MyDrive/ucf_experiments/ciclo_experimental_1/data/data_blur/train/Assault052_x264-a522769d3f_0_flip_lr_blur.mp4,/content/drive/MyDrive/ucf_experiments/ciclo_experimental_1/data/data_crop/train/Assault052_x264-a522769d3f_0_flip_lr_crop.mp4,0
2207,/content/drive/MyDrive/ucf_experiments/ciclo_experimental_1/data/data_blur/train/Fighting050_x264-ae4df15038_1_flip_lr_blur.mp4,/content/drive/MyDrive/ucf_experiments/ciclo_experimental_1/data/data_crop/train/Fighting050_x264-ae4df15038_1_flip_lr_crop.mp4,1
2208,/content/drive/MyDrive/ucf_experiments/ciclo_experimental_1/data/data_blur/train/Abuse044_x264-fba5f503fa_1_flip_lr_blur.mp4,/content/drive/MyDrive/ucf_experiments/ciclo_experimental_1/data/data_crop/train/Abuse044_x264-fba5f503fa_1_flip_lr_crop.mp4,1
2209,/content/drive/MyDrive/ucf_experiments/ciclo_experimental_1/data/data_blur/train/Arrest011_x264-ae9dad767d_1_flip_lr_blur.mp4,/content/drive/MyDrive/ucf_experiments/ciclo_experimental_1/data/data_crop/train/Arrest011_x264-ae9dad767d_1_flip_lr_crop.mp4,1
2210,/content/drive/MyDrive/ucf_experiments/ciclo_experimental_1/data/data_blur/train/Robbery082_x264-62ef2625b4_0_flip_lr_blur.mp4,/content/drive/MyDrive/ucf_experiments/ciclo_experimental_1/data/data_crop/train/Robbery082_x264-62ef2625b4_0_flip_lr_crop.mp4,0
2211,/content/drive/MyDrive/ucf_experiments/ciclo_experimental_1/data/data_blur/train/Abuse033_x264-076d7f3f8d_1_flip_lr_blur.mp4,/content/drive/MyDrive/ucf_experiments/ciclo_experimental_1/data/data_crop/train/Abuse033_x264-076d7f3f8d_1_flip_lr_crop.mp4,1
2212,/content/drive/MyDrive/ucf_experiments/ciclo_experimental_1/data/data_blur/train/Fighting032_x264-6e0009fccb_1_flip_lr_blur.mp4,/content/drive/MyDrive/ucf_experiments/ciclo_experimental_1/data/data_crop/train/Fighting032_x264-6e0009fccb_1_flip_lr_crop.mp4,1
2213,/content/drive/MyDrive/ucf_experiments/ciclo_experimental_1/data/data_blur/train/Robbery086_x264-a52396dc8a_0_flip_lr_blur.mp4,/content/drive/MyDrive/ucf_experiments/ciclo_experimental_1/data/data_crop/train/Robbery086_x264-a52396dc8a_0_flip_lr_crop.mp4,0
2214,/content/drive/MyDrive/ucf_experiments/ciclo_experimental_1/data/data_blur/train/Fighting008_x264-ea0f158c7b_0_flip_lr_blur.mp4,/content/drive/MyDrive/ucf_experiments/ciclo_experimental_1/data/data_crop/train/Fighting008_x264-ea0f158c7b_0_flip_lr_crop.mp4,0
2215,/content/drive/MyDrive/ucf_experiments/ciclo_experimental_1/data/data_blur/train/Robbery107_x264-a1d3538276_0_flip_lr_blur.mp4,/content/drive/MyDrive/ucf_experiments/ciclo_experimental_1/data/data_crop/train/Robbery107_x264-a1d3538276_0_flip_lr_crop.mp4,0
2216,/content/drive/MyDrive/ucf_experiments/ciclo_experimental_1/data/data_blur/train/Assault025_x264-29bac60051_1_flip_lr_blur.mp4,/content/drive/MyDrive/ucf_experiments/ciclo_experimental_1/data/data_crop/train/Assault025_x264-29bac60051_1_flip_lr_crop.mp4,1
2217,/content/drive/MyDrive/ucf_experiments/ciclo_experimental_1/data/data_blur/train/Assault040_x264-9fb11fd916_0_flip_lr_blur.mp4,/content/drive/MyDrive/ucf_experiments/ciclo_experimental_1/data/data_crop/train/Assault040_x264-9fb11fd916_0_flip_lr_crop.mp4,0
2218,/content/drive/MyDrive/ucf_experiments/ciclo_experimental_1/data/data_blur/train/Fighting035_x264-9358b49456_0_flip_lr_blur.mp4,/content/drive/MyDrive/ucf_experiments/ciclo_experimental_1/data/data_crop/train/Fighting035_x264-9358b49456_0_flip_lr_crop.mp4,0
2219,/content/drive/MyDrive/ucf_experiments/ciclo_experimental_1/data/data_blur/train/Robbery023_x264-142edf874d_1_flip_lr_blur.mp4,/content/drive/MyDrive/ucf_experiments/ciclo_experimental_1/data/data_crop/train/Robbery023_x264-142edf874d_1_flip_lr_crop.mp4,1
2220,/content/drive/MyDrive/ucf_experiments/ciclo_experimental_1/data/data_blur/train/Fighting034_x264-df9b9060b5_1_flip_lr_blur.mp4,/content/drive/MyDrive/ucf_experiments/ciclo_experimental_1/data/data_crop/train/Fighting034_x264-df9b9060b5_1_flip_lr_crop.mp4,1
2221,/content/drive/MyDrive/ucf_experiments/ciclo_experimental_1/data/data_blur/train/Fighting038_x264-e3c26da75a_1_flip_lr_blur.mp4,/content/drive/MyDrive/ucf_experiments/ciclo_experimental_1/data/data_crop/train/Fighting038_x264-e3c26da75a_1_flip_lr_crop.mp4,1
2222,/content/drive/MyDrive/ucf_experiments/ciclo_experimental_1/data/data_blur/train/Arrest011_x264-1e49eae828_1_flip_lr_blur.mp4,/content/drive/MyDrive/ucf_experiments/ciclo_experimental_1/data/data_crop/train/Arrest011_x264-1e49eae828_1_flip_lr_crop.mp4,1
2223,/content/drive/MyDrive/ucf_experiments/ciclo_experimental_1/data/data_blur/train/Fighting002_x264-6cab5498e0_1_flip_lr_blur.mp4,/content/drive/MyDrive/ucf_experiments/ciclo_experimental_1/data/data_crop/train/Fighting002_x264-6cab5498e0_1_flip_lr_crop.mp4,1
2224,/content/drive/MyDrive/ucf_experiments/ciclo_experimental_1/data/data_blur/train/Robbery019_x264-e4ea878e69_1_flip_lr_blur.mp4,/content/drive/MyDrive/ucf_experiments/ciclo_experimental_1/data/data_crop/train/Robbery019_x264-e4ea878e69_1_flip_lr_crop.mp4,1
2225,/content/drive/MyDrive/ucf_experiments/ciclo_experimental_1/data/data_blur/train/Assault047_x264-5793c1d9ae_0_flip_lr_blur.mp4,/content/drive/MyDrive/ucf_experiments/ciclo_experimental_1/data/data_crop/train/Assault047_x264-5793c1d9ae_0_flip_lr_crop.mp4,0
2226,/content/drive/MyDrive/ucf_experiments/ciclo_experimental_1/data/data_blur/train/Robbery055_x264-daf1df0020_0_flip_lr_blur.mp4,/content/drive/MyDrive/ucf_experiments/ciclo_experimental_1/data/data_crop/train/Robbery055_x264-daf1df0020_0_flip_lr_crop.mp4,0
2227,/content/drive/MyDrive/ucf_experiments/ciclo_experimental_1/data/data_blur/train/Robbery031_x264-65d0d4da9d_1_flip_lr_blur.mp4,/content/drive/MyDrive/ucf_experiments/ciclo_experimental_1/data/data_crop/train/Robbery031_x264-65d0d4da9d_1_flip_lr_crop.mp4,1
2228,/content/drive/MyDrive/ucf_experiments/ciclo_experimental_1/data/data_blur/train/Fighting040_x264-ed356d75d1_1_flip_lr_blur.mp4,/content/drive/MyDrive/ucf_experiments/ciclo_experimental_1/data/data_crop/train/Fighting040_x264-ed356d75d1_1_flip_lr_crop.mp4,1
2229,/content/drive/MyDrive/ucf_experiments/ciclo_experimental_1/data/data_blur/train/Robbery031_x264-9ab93593c7_1_flip_lr_blur.mp4,/content/drive/MyDrive/ucf_experiments/ciclo_experimental_1/data/data_crop/train/Robbery031_x264-9ab93593c7_1_flip_lr_crop.mp4,1
2230,/content/drive/MyDrive/ucf_experiments/ciclo_experimental_1/data/data_blur/train/Assault005_x264-8e1f4dbc02_0_flip_lr_blur.mp4,/content/drive/MyDrive/ucf_experiments/ciclo_experimental_1/data/data_crop/train/Assault005_x264-8e1f4dbc02_0_flip_lr_crop.mp4,0
2231,/content/drive/MyDrive/ucf_experiments/ciclo_experimental_1/data/data_blur/train/Fighting036_x264-8dc7b77961_0_flip_lr_blur.mp4,/content/drive/MyDrive/ucf_experiments/ciclo_experimental_1/data/data_crop/train/Fighting036_x264-8dc7b77961_0_flip_lr_crop.mp4,0
2232,/content/drive/MyDrive/ucf_experiments/ciclo_experimental_1/data/data_blur/train/Arrest044_x264-54cff8ea4f_0_flip_lr_blur.mp4,/content/drive/MyDrive/ucf_experiments/ciclo_experimental_1/data/data_crop/train/Arrest044_x264-54cff8ea4f_0_flip_lr_crop.mp4,0
2233,/content/drive/MyDrive/ucf_experiments/ciclo_experimental_1/data/data_blur/train/Assault028_x264-bec6413344_1_flip_lr_blur.mp4,/content/drive/MyDrive/ucf_experiments/ciclo_experimental_1/data/data_crop/train/Assault028_x264-bec6413344_1_flip_lr_crop.mp4,1
2234,/content/drive/MyDrive/ucf_experiments/ciclo_experimental_1/data/data_blur/train/Robbery039_x264-beca73fdf7_1_flip_lr_blur.mp4,/content/drive/MyDrive/ucf_experiments/ciclo_experimental_1/data/data_crop/train/Robbery039_x264-beca73fdf7_1_flip_lr_crop.mp4,1
2235,/content/drive/MyDrive/ucf_experiments/ciclo_experimental_1/data/data_blur/train/Fighting036_x264-939b4b3341_1_flip_lr_blur.mp4,/content/drive/MyDrive/ucf_experiments/ciclo_experimental_1/data/data_crop/train/Fighting036_x264-939b4b3341_1_flip_lr_crop.mp4,1
2236,/content/drive/MyDrive/ucf_experiments/ciclo_experimental_1/data/data_blur/train/Robbery028_x264-87439bbb9e_0_flip_lr_blur.mp4,/content/drive/MyDrive/ucf_experiments/ciclo_experimental_1/data/data_crop/train/Robbery028_x264-87439bbb9e_0_flip_lr_crop.mp4,0
2237,/content/drive/MyDrive/ucf_experiments/ciclo_experimental_1/data/data_blur/train/Fighting025_x264-d70fbd72e9_0_flip_lr_blur.mp4,/content/drive/MyDrive/ucf_experiments/ciclo_experimental_1/data/data_crop/train/Fighting025_x264-d70fbd72e9_0_flip_lr_crop.mp4,0
2238,/content/drive/MyDrive/ucf_experiments/ciclo_experimental_1/data/data_blur/train/Robbery023_x264-db1db11f3e_1_flip_lr_blur.mp4,/content/drive/MyDrive/ucf_experiments/ciclo_experimental_1/data/data_crop/train/Robbery023_x264-db1db11f3e_1_flip_lr_crop.mp4,1
2239,/content/drive/MyDrive/ucf_experiments/ciclo_experimental_1/data/data_blur/train/Abuse004_x264-a39374b8d1_0_flip_lr_blur.mp4,/content/drive/MyDrive/ucf_experiments/ciclo_experimental_1/data/data_crop/train/Abuse004_x264-a39374b8d1_0_flip_lr_crop.mp4,0
2240,/content/drive/MyDrive/ucf_experiments/ciclo_experimental_1/data/data_blur/train/Abuse026_x264-b29506b6d5_0_flip_lr_blur.mp4,/content/drive/MyDrive/ucf_experiments/ciclo_experimental_1/data/data_crop/train/Abuse026_x264-b29506b6d5_0_flip_lr_crop.mp4,0
2241,/content/drive/MyDrive/ucf_experiments/ciclo_experimental_1/data/data_blur/train/Fighting016_x264-341cff2ef8_1_flip_lr_blur.mp4,/content/drive/MyDrive/ucf_experiments/ciclo_experimental_1/data/data_crop/train/Fighting016_x264-341cff2ef8_1_flip_lr_crop.mp4,1
2242,/content/drive/MyDrive/ucf_experiments/ciclo_experimental_1/data/data_blur/train/Arrest006_x264-c0d45cd0a9_0_flip_lr_blur.mp4,/content/drive/MyDrive/ucf_experiments/ciclo_experimental_1/data/data_crop/train/Arrest006_x264-c0d45cd0a9_0_flip_lr_crop.mp4,0
2243,/content/drive/MyDrive/ucf_experiments/ciclo_experimental_1/data/data_blur/train/Assault020_x264-0827d66432_0_flip_lr_blur.mp4,/content/drive/MyDrive/ucf_experiments/ciclo_experimental_1/data/data_crop/train/Assault020_x264-0827d66432_0_flip_lr_crop.mp4,0
2244,/content/drive/MyDrive/ucf_experiments/ciclo_experimental_1/data/data_blur/train/Fighting008_x264-0dbf4395d3_0_flip_lr_blur.mp4,/content/drive/MyDrive/ucf_experiments/ciclo_experimental_1/data/data_crop/train/Fighting008_x264-0dbf4395d3_0_flip_lr_crop.mp4,0
2245,/content/drive/MyDrive/ucf_experiments/ciclo_experimental_1/data/data_blur/train/Robbery059_x264-84c3dd1f42_0_flip_lr_blur.mp4,/content/drive/MyDrive/ucf_experiments/ciclo_experimental_1/data/data_crop/train/Robbery059_x264-84c3dd1f42_0_flip_lr_crop.mp4,0
2246,/content/drive/MyDrive/ucf_experiments/ciclo_experimental_1/data/data_blur/train/Robbery093_x264-7e3e261b81_0_flip_lr_blur.mp4,/content/drive/MyDrive/ucf_experiments/ciclo_experimental_1/data/data_crop/train/Robbery093_x264-7e3e261b81_0_flip_lr_crop.mp4,0
2247,/content/drive/MyDrive/ucf_experiments/ciclo_experimental_1/data/data_blur/train/Assault035_x264-7d8ca1917f_1_flip_lr_blur.mp4,/content/drive/MyDrive/ucf_experiments/ciclo_experimental_1/data/data_crop/train/Assault035_x264-7d8ca1917f_1_flip_lr_crop.mp4,1
2248,/content/drive/MyDrive/ucf_experiments/ciclo_experimental_1/data/data_blur/train/Fighting050_x264-4d6e37050c_0_flip_lr_blur.mp4,/content/drive/MyDrive/ucf_experiments/ciclo_experimental_1/data/data_crop/train/Fighting050_x264-4d6e37050c_0_flip_lr_crop.mp4,0
2249,/content/drive/MyDrive/ucf_experiments/ciclo_experimental_1/data/data_blur/train/Assault008_x264-e169be7dba_1_flip_lr_blur.mp4,/content/drive/MyDrive/ucf_experiments/ciclo_experimental_1/data/data_crop/train/Assault008_x264-e169be7dba_1_flip_lr_crop.mp4,1
2250,/content/drive/MyDrive/ucf_experiments/ciclo_experimental_1/data/data_blur/train/Robbery019_x264-5f6684c848_1_flip_lr_blur.mp4,/content/drive/MyDrive/ucf_experiments/ciclo_experimental_1/data/data_crop/train/Robbery019_x264-5f6684c848_1_flip_lr_crop.mp4,1
2251,/content/drive/MyDrive/ucf_experiments/ciclo_experimental_1/data/data_blur/train/Robbery015_x264-1eeded577e_0_flip_lr_blur.mp4,/content/drive/MyDrive/ucf_experiments/ciclo_experimental_1/data/data_crop/train/Robbery015_x264-1eeded577e_0_flip_lr_crop.mp4,0
2252,/content/drive/MyDrive/ucf_experiments/ciclo_experimental_1/data/data_blur/train/Abuse043_x264-94744e89c0_1_flip_lr_blur.mp4,/content/drive/MyDrive/ucf_experiments/ciclo_experimental_1/data/data_crop/train/Abuse043_x264-94744e89c0_1_flip_lr_crop.mp4,1
2253,/content/drive/MyDrive/ucf_experiments/ciclo_experimental_1/data/data_blur/train/Fighting016_x264-039dbb6cc7_0_flip_lr_blur.mp4,/content/drive/MyDrive/ucf_experiments/ciclo_experimental_1/data/data_crop/train/Fighting016_x264-039dbb6cc7_0_flip_lr_crop.mp4,0
2254,/content/drive/MyDrive/ucf_experiments/ciclo_experimental_1/data/data_blur/train/Abuse032_x264-19f6e6f52f_1_flip_lr_blur.mp4,/content/drive/MyDrive/ucf_experiments/ciclo_experimental_1/data/data_crop/train/Abuse032_x264-19f6e6f52f_1_flip_lr_crop.mp4,1
2255,/content/drive/MyDrive/ucf_experiments/ciclo_experimental_1/data/data_blur/train/Robbery099_x264-2b16fc1a8d_0_flip_lr_blur.mp4,/content/drive/MyDrive/ucf_experiments/ciclo_experimental_1/data/data_crop/train/Robbery099_x264-2b16fc1a8d_0_flip_lr_crop.mp4,0
2256,/content/drive/MyDrive/ucf_experiments/ciclo_experimental_1/data/data_blur/train/Robbery023_x264-b91528757a_1_flip_lr_blur.mp4,/content/drive/MyDrive/ucf_experiments/ciclo_experimental_1/data/data_crop/train/Robbery023_x264-b91528757a_1_flip_lr_crop.mp4,1
2257,/content/drive/MyDrive/ucf_experiments/ciclo_experimental_1/data/data_blur/train/Assault046_x264-ab3621c471_1_flip_lr_blur.mp4,/content/drive/MyDrive/ucf_experiments/ciclo_experimental_1/data/data_crop/train/Assault046_x264-ab3621c471_1_flip_lr_crop.mp4,1
2258,/content/drive/MyDrive/ucf_experiments/ciclo_experimental_1/data/data_blur/train/Assault051_x264-29d2f0cf46_0_flip_lr_blur.mp4,/content/drive/MyDrive/ucf_experiments/ciclo_experimental_1/data/data_crop/train/Assault051_x264-29d2f0cf46_0_flip_lr_crop.mp4,0
2259,/content/drive/MyDrive/ucf_experiments/ciclo_experimental_1/data/data_blur/train/Robbery056_x264-7a610d6024_1_flip_lr_blur.mp4,/content/drive/MyDrive/ucf_experiments/ciclo_experimental_1/data/data_crop/train/Robbery056_x264-7a610d6024_1_flip_lr_crop.mp4,1
2260,/content/drive/MyDrive/ucf_experiments/ciclo_experimental_1/data/data_blur/train/Fighting002_x264-4dee58c6d1_0_flip_lr_blur.mp4,/content/drive/MyDrive/ucf_experiments/ciclo_experimental_1/data/data_crop/train/Fighting002_x264-4dee58c6d1_0_flip_lr_crop.mp4,0
2261,/content/drive/MyDrive/ucf_experiments/ciclo_experimental_1/data/data_blur/train/Robbery046_x264-9650107d45_1_flip_lr_blur.mp4,/content/drive/MyDrive/ucf_experiments/ciclo_experimental_1/data/data_crop/train/Robbery046_x264-9650107d45_1_flip_lr_crop.mp4,1
2262,/content/drive/MyDrive/ucf_experiments/ciclo_experimental_1/data/data_blur/train/Robbery037_x264-cdbd3b8290_0_flip_lr_blur.mp4,/content/drive/MyDrive/ucf_experiments/ciclo_experimental_1/data/data_crop/train/Robbery037_x264-cdbd3b8290_0_flip_lr_crop.mp4,0
2263,/content/drive/MyDrive/ucf_experiments/ciclo_experimental_1/data/data_blur/train/Assault016_x264-6dd365a79f_1_flip_lr_blur.mp4,/content/drive/MyDrive/ucf_experiments/ciclo_experimental_1/data/data_crop/train/Assault016_x264-6dd365a79f_1_flip_lr_crop.mp4,1
2264,/content/drive/MyDrive/ucf_experiments/ciclo_experimental_1/data/data_blur/train/Abuse011_x264-c49cf92f13_1_flip_lr_blur.mp4,/content/drive/MyDrive/ucf_experiments/ciclo_experimental_1/data/data_crop/train/Abuse011_x264-c49cf92f13_1_flip_lr_crop.mp4,1
2265,/content/drive/MyDrive/ucf_experiments/ciclo_experimental_1/data/data_blur/train/Assault032_x264-67f5f5e964_1_flip_lr_blur.mp4,/content/drive/MyDrive/ucf_experiments/ciclo_experimental_1/data/data_crop/train/Assault032_x264-67f5f5e964_1_flip_lr_crop.mp4,1
2266,/content/drive/MyDrive/ucf_experiments/ciclo_experimental_1/data/data_blur/train/Robbery097_x264-7cb7ae0ced_0_flip_lr_blur.mp4,/content/drive/MyDrive/ucf_experiments/ciclo_experimental_1/data/data_crop/train/Robbery097_x264-7cb7ae0ced_0_flip_lr_crop.mp4,0
2267,/content/drive/MyDrive/ucf_experiments/ciclo_experimental_1/data/data_blur/train/Fighting013_x264-4d1dbb98bf_1_flip_lr_blur.mp4,/content/drive/MyDrive/ucf_experiments/ciclo_experimental_1/data/data_crop/train/Fighting013_x264-4d1dbb98bf_1_flip_lr_crop.mp4,1
2268,/content/drive/MyDrive/ucf_experiments/ciclo_experimental_1/data/data_blur/train/Fighting002_x264-e1d28bde34_1_flip_lr_blur.mp4,/content/drive/MyDrive/ucf_experiments/ciclo_experimental_1/data/data_crop/train/Fighting002_x264-e1d28bde34_1_flip_lr_crop.mp4,1
2269,/content/drive/MyDrive/ucf_experiments/ciclo_experimental_1/data/data_blur/train/Fighting008_x264-263a2b69a2_0_flip_lr_blur.mp4,/content/drive/MyDrive/ucf_experiments/ciclo_experimental_1/data/data_crop/train/Fighting008_x264-263a2b69a2_0_flip_lr_crop.mp4,0
2270,/content/drive/MyDrive/ucf_experiments/ciclo_experimental_1/data/data_blur/train/Fighting013_x264-92787a1337_0_flip_lr_blur.mp4,/content/drive/MyDrive/ucf_experiments/ciclo_experimental_1/data/data_crop/train/Fighting013_x264-92787a1337_0_flip_lr_crop.mp4,0
2271,/content/drive/MyDrive/ucf_experiments/ciclo_experimental_1/data/data_blur/train/Abuse034_x264-d53919722b_0_flip_lr_blur.mp4,/content/drive/MyDrive/ucf_experiments/ciclo_experimental_1/data/data_crop/train/Abuse034_x264-d53919722b_0_flip_lr_crop.mp4,0
2272,/content/drive/MyDrive/ucf_experiments/ciclo_experimental_1/data/data_blur/train/Robbery030_x264-edbacf3d68_0_flip_lr_blur.mp4,/content/drive/MyDrive/ucf_experiments/ciclo_experimental_1/data/data_crop/train/Robbery030_x264-edbacf3d68_0_flip_lr_crop.mp4,0
2273,/content/drive/MyDrive/ucf_experiments/ciclo_experimental_1/data/data_blur/train/Fighting044_x264-128d609712_1_flip_lr_blur.mp4,/content/drive/MyDrive/ucf_experiments/ciclo_experimental_1/data/data_crop/train/Fighting044_x264-128d609712_1_flip_lr_crop.mp4,1
2274,/content/drive/MyDrive/ucf_experiments/ciclo_experimental_1/data/data_blur/train/Arrest002_x264-e132d9a9b0_0_flip_lr_blur.mp4,/content/drive/MyDrive/ucf_experiments/ciclo_experimental_1/data/data_crop/train/Arrest002_x264-e132d9a9b0_0_flip_lr_crop.mp4,0
2275,/content/drive/MyDrive/ucf_experiments/ciclo_experimental_1/data/data_blur/train/Arrest005_x264-cd0359def3_1_flip_lr_blur.mp4,/content/drive/MyDrive/ucf_experiments/ciclo_experimental_1/data/data_crop/train/Arrest005_x264-cd0359def3_1_flip_lr_crop.mp4,1
2276,/content/drive/MyDrive/ucf_experiments/ciclo_experimental_1/data/data_blur/train/Robbery072_x264-444cb56441_0_flip_lr_blur.mp4,/content/drive/MyDrive/ucf_experiments/ciclo_experimental_1/data/data_crop/train/Robbery072_x264-444cb56441_0_flip_lr_crop.mp4,0
2277,/content/drive/MyDrive/ucf_experiments/ciclo_experimental_1/data/data_blur/train/Fighting049_x264-cbea01e3e6_1_flip_lr_blur.mp4,/content/drive/MyDrive/ucf_experiments/ciclo_experimental_1/data/data_crop/train/Fighting049_x264-cbea01e3e6_1_flip_lr_crop.mp4,1
2278,/content/drive/MyDrive/ucf_experiments/ciclo_experimental_1/data/data_blur/train/Abuse036_x264-9af4095ca8_0_flip_lr_blur.mp4,/content/drive/MyDrive/ucf_experiments/ciclo_experimental_1/data/data_crop/train/Abuse036_x264-9af4095ca8_0_flip_lr_crop.mp4,0
2279,/content/drive/MyDrive/ucf_experiments/ciclo_experimental_1/data/data_blur/train/Fighting011_x264-0b327e729d_0_flip_lr_blur.mp4,/content/drive/MyDrive/ucf_experiments/ciclo_experimental_1/data/data_crop/train/Fighting011_x264-0b327e729d_0_flip_lr_crop.mp4,0
2280,/content/drive/MyDrive/ucf_experiments/ciclo_experimental_1/data/data_blur/train/Fighting006_x264-ee6f3da75a_0_flip_lr_blur.mp4,/content/drive/MyDrive/ucf_experiments/ciclo_experimental_1/data/data_crop/train/Fighting006_x264-ee6f3da75a_0_flip_lr_crop.mp4,0
2281,/content/drive/MyDrive/ucf_experiments/ciclo_experimental_1/data/data_blur/train/Assault036_x264-aca114dcaa_1_flip_lr_blur.mp4,/content/drive/MyDrive/ucf_experiments/ciclo_experimental_1/data/data_crop/train/Assault036_x264-aca114dcaa_1_flip_lr_crop.mp4,1
2282,/content/drive/MyDrive/ucf_experiments/ciclo_experimental_1/data/data_blur/train/Abuse033_x264-2585af462e_1_flip_lr_blur.mp4,/content/drive/MyDrive/ucf_experiments/ciclo_experimental_1/data/data_crop/train/Abuse033_x264-2585af462e_1_flip_lr_crop.mp4,1
2283,/content/drive/MyDrive/ucf_experiments/ciclo_experimental_1/data/data_blur/train/Arrest026_x264-d79ef25108_0_flip_lr_blur.mp4,/content/drive/MyDrive/ucf_experiments/ciclo_experimental_1/data/data_crop/train/Arrest026_x264-d79ef25108_0_flip_lr_crop.mp4,0
2284,/content/drive/MyDrive/ucf_experiments/ciclo_experimental_1/data/data_blur/train/Fighting021_x264-5abf444a95_1_flip_lr_blur.mp4,/content/drive/MyDrive/ucf_experiments/ciclo_experimental_1/data/data_crop/train/Fighting021_x264-5abf444a95_1_flip_lr_crop.mp4,1
2285,/content/drive/MyDrive/ucf_experiments/ciclo_experimental_1/data/data_blur/train/Robbery009_x264-fa837458ea_0_flip_lr_blur.mp4,/content/drive/MyDrive/ucf_experiments/ciclo_experimental_1/data/data_crop/train/Robbery009_x264-fa837458ea_0_flip_lr_crop.mp4,0
2286,/content/drive/MyDrive/ucf_experiments/ciclo_experimental_1/data/data_blur/train/Abuse015_x264-0f19d375dc_1_flip_lr_blur.mp4,/content/drive/MyDrive/ucf_experiments/ciclo_experimental_1/data/data_crop/train/Abuse015_x264-0f19d375dc_1_flip_lr_crop.mp4,1
2287,/content/drive/MyDrive/ucf_experiments/ciclo_experimental_1/data/data_blur/train/Fighting024_x264-8c57022ff3_1_flip_lr_blur.mp4,/content/drive/MyDrive/ucf_experiments/ciclo_experimental_1/data/data_crop/train/Fighting024_x264-8c57022ff3_1_flip_lr_crop.mp4,1
2288,/content/drive/MyDrive/ucf_experiments/ciclo_experimental_1/data/data_blur/train/Abuse006_x264-f1ee69f1de_0_flip_lr_blur.mp4,/content/drive/MyDrive/ucf_experiments/ciclo_experimental_1/data/data_crop/train/Abuse006_x264-f1ee69f1de_0_flip_lr_crop.mp4,0
2289,/content/drive/MyDrive/ucf_experiments/ciclo_experimental_1/data/data_blur/train/Abuse011_x264-bc1237d005_1_flip_lr_blur.mp4,/content/drive/MyDrive/ucf_experiments/ciclo_experimental_1/data/data_crop/train/Abuse011_x264-bc1237d005_1_flip_lr_crop.mp4,1
2290,/content/drive/MyDrive/ucf_experiments/ciclo_experimental_1/data/data_blur/train/Abuse031_x264-17dee65dde_0_flip_lr_blur.mp4,/content/drive/MyDrive/ucf_experiments/ciclo_experimental_1/data/data_crop/train/Abuse031_x264-17dee65dde_0_flip_lr_crop.mp4,0
2291,/content/drive/MyDrive/ucf_experiments/ciclo_experimental_1/data/data_blur/train/Arrest025_x264-5a94da110a_0_flip_lr_blur.mp4,/content/drive/MyDrive/ucf_experiments/ciclo_experimental_1/data/data_crop/train/Arrest025_x264-5a94da110a_0_flip_lr_crop.mp4,0
2292,/content/drive/MyDrive/ucf_experiments/ciclo_experimental_1/data/data_blur/train/Robbery042_x264-33ef4eb699_0_flip_lr_blur.mp4,/content/drive/MyDrive/ucf_experiments/ciclo_experimental_1/data/data_crop/train/Robbery042_x264-33ef4eb699_0_flip_lr_crop.mp4,0
2293,/content/drive/MyDrive/ucf_experiments/ciclo_experimental_1/data/data_blur/train/Robbery034_x264-f4dc7227d4_1_flip_lr_blur.mp4,/content/drive/MyDrive/ucf_experiments/ciclo_experimental_1/data/data_crop/train/Robbery034_x264-f4dc7227d4_1_flip_lr_crop.mp4,1
2294,/content/drive/MyDrive/ucf_experiments/ciclo_experimental_1/data/data_blur/train/Assault003_x264-edcfd39732_1_flip_lr_blur.mp4,/content/drive/MyDrive/ucf_experiments/ciclo_experimental_1/data/data_crop/train/Assault003_x264-edcfd39732_1_flip_lr_crop.mp4,1
2295,/content/drive/MyDrive/ucf_experiments/ciclo_experimental_1/data/data_blur/train/Robbery053_x264-8ad6a12846_0_flip_lr_blur.mp4,/content/drive/MyDrive/ucf_experiments/ciclo_experimental_1/data/data_crop/train/Robbery053_x264-8ad6a12846_0_flip_lr_crop.mp4,0
2296,/content/drive/MyDrive/ucf_experiments/ciclo_experimental_1/data/data_blur/train/Robbery097_x264-053dba9ce7_0_flip_lr_blur.mp4,/content/drive/MyDrive/ucf_experiments/ciclo_experimental_1/data/data_crop/train/Robbery097_x264-053dba9ce7_0_flip_lr_crop.mp4,0
2297,/content/drive/MyDrive/ucf_experiments/ciclo_experimental_1/data/data_blur/train/Assault050_x264-1a2a007dce_1_flip_lr_blur.mp4,/content/drive/MyDrive/ucf_experiments/ciclo_experimental_1/data/data_crop/train/Assault050_x264-1a2a007dce_1_flip_lr_crop.mp4,1
2298,/content/drive/MyDrive/ucf_experiments/ciclo_experimental_1/data/data_blur/train/Robbery019_x264-0d8127009d_1_flip_lr_blur.mp4,/content/drive/MyDrive/ucf_experiments/ciclo_experimental_1/data/data_crop/train/Robbery019_x264-0d8127009d_1_flip_lr_crop.mp4,1
2299,/content/drive/MyDrive/ucf_experiments/ciclo_experimental_1/data/data_blur/train/Arrest021_x264-136a1f9281_1_flip_lr_blur.mp4,/content/drive/MyDrive/ucf_experiments/ciclo_experimental_1/data/data_crop/train/Arrest021_x264-136a1f9281_1_flip_lr_crop.mp4,1
2300,/content/drive/MyDrive/ucf_experiments/ciclo_experimental_1/data/data_blur/train/Abuse022_x264-c601eb562e_0_flip_lr_blur.mp4,/content/drive/MyDrive/ucf_experiments/ciclo_experimental_1/data/data_crop/train/Abuse022_x264-c601eb562e_0_flip_lr_crop.mp4,0
2301,/content/drive/MyDrive/ucf_experiments/ciclo_experimental_1/data/data_blur/train/Assault051_x264-458eed5370_1_flip_lr_blur.mp4,/content/drive/MyDrive/ucf_experiments/ciclo_experimental_1/data/data_crop/train/Assault051_x264-458eed5370_1_flip_lr_crop.mp4,1
2302,/content/drive/MyDrive/ucf_experiments/ciclo_experimental_1/data/data_blur/train/Arrest009_x264-c2fa059d92_1_flip_lr_blur.mp4,/content/drive/MyDrive/ucf_experiments/ciclo_experimental_1/data/data_crop/train/Arrest009_x264-c2fa059d92_1_flip_lr_crop.mp4,1
2303,/content/drive/MyDrive/ucf_experiments/ciclo_experimental_1/data/data_blur/train/Fighting016_x264-57f27fc364_1_flip_lr_blur.mp4,/content/drive/MyDrive/ucf_experiments/ciclo_experimental_1/data/data_crop/train/Fighting016_x264-57f27fc364_1_flip_lr_crop.mp4,1
2304,/content/drive/MyDrive/ucf_experiments/ciclo_experimental_1/data/data_blur/train/Fighting014_x264-6c2d9cb66e_0_flip_lr_blur.mp4,/content/drive/MyDrive/ucf_experiments/ciclo_experimental_1/data/data_crop/train/Fighting014_x264-6c2d9cb66e_0_flip_lr_crop.mp4,0
2305,/content/drive/MyDrive/ucf_experiments/ciclo_experimental_1/data/data_blur/train/Abuse005_x264-2a6ffbaa7e_0_flip_lr_blur.mp4,/content/drive/MyDrive/ucf_experiments/ciclo_experimental_1/data/data_crop/train/Abuse005_x264-2a6ffbaa7e_0_flip_lr_crop.mp4,0
2306,/content/drive/MyDrive/ucf_experiments/ciclo_experimental_1/data/data_blur/train/Arrest006_x264-108765186d_0_flip_lr_blur.mp4,/content/drive/MyDrive/ucf_experiments/ciclo_experimental_1/data/data_crop/train/Arrest006_x264-108765186d_0_flip_lr_crop.mp4,0
2307,/content/drive/MyDrive/ucf_experiments/ciclo_experimental_1/data/data_blur/train/Fighting008_x264-1ec59de935_0_flip_lr_blur.mp4,/content/drive/MyDrive/ucf_experiments/ciclo_experimental_1/data/data_crop/train/Fighting008_x264-1ec59de935_0_flip_lr_crop.mp4,0
2308,/content/drive/MyDrive/ucf_experiments/ciclo_experimental_1/data/data_blur/train/Abuse035_x264-6d7ea795b9_0_flip_lr_blur.mp4,/content/drive/MyDrive/ucf_experiments/ciclo_experimental_1/data/data_crop/train/Abuse035_x264-6d7ea795b9_0_flip_lr_crop.mp4,0
2309,/content/drive/MyDrive/ucf_experiments/ciclo_experimental_1/data/data_blur/train/Abuse018_x264-1a74c4a21c_0_flip_lr_blur.mp4,/content/drive/MyDrive/ucf_experiments/ciclo_experimental_1/data/data_crop/train/Abuse018_x264-1a74c4a21c_0_flip_lr_crop.mp4,0
2310,/content/drive/MyDrive/ucf_experiments/ciclo_experimental_1/data/data_blur/train/Fighting035_x264-2a116b7a5e_0_flip_lr_blur.mp4,/content/drive/MyDrive/ucf_experiments/ciclo_experimental_1/data/data_crop/train/Fighting035_x264-2a116b7a5e_0_flip_lr_crop.mp4,0
2311,/content/drive/MyDrive/ucf_experiments/ciclo_experimental_1/data/data_blur/train/Abuse022_x264-923cb22da8_1_flip_lr_blur.mp4,/content/drive/MyDrive/ucf_experiments/ciclo_experimental_1/data/data_crop/train/Abuse022_x264-923cb22da8_1_flip_lr_crop.mp4,1
2312,/content/drive/MyDrive/ucf_experiments/ciclo_experimental_1/data/data_blur/train/Abuse036_x264-4d427195e8_0_flip_lr_blur.mp4,/content/drive/MyDrive/ucf_experiments/ciclo_experimental_1/data/data_crop/train/Abuse036_x264-4d427195e8_0_flip_lr_crop.mp4,0
2313,/content/drive/MyDrive/ucf_experiments/ciclo_experimental_1/data/data_blur/train/Assault032_x264-8227c5aaa6_0_flip_lr_blur.mp4,/content/drive/MyDrive/ucf_experiments/ciclo_experimental_1/data/data_crop/train/Assault032_x264-8227c5aaa6_0_flip_lr_crop.mp4,0
2314,/content/drive/MyDrive/ucf_experiments/ciclo_experimental_1/data/data_blur/train/Arrest035_x264-06e273224b_1_flip_lr_blur.mp4,/content/drive/MyDrive/ucf_experiments/ciclo_experimental_1/data/data_crop/train/Arrest035_x264-06e273224b_1_flip_lr_crop.mp4,1
2315,/content/drive/MyDrive/ucf_experiments/ciclo_experimental_1/data/data_blur/train/Abuse050_x264-cbbb892087_0_flip_lr_blur.mp4,/content/drive/MyDrive/ucf_experiments/ciclo_experimental_1/data/data_crop/train/Abuse050_x264-cbbb892087_0_flip_lr_crop.mp4,0
2316,/content/drive/MyDrive/ucf_experiments/ciclo_experimental_1/data/data_blur/train/Assault031_x264-75d4e4ad62_0_flip_lr_blur.mp4,/content/drive/MyDrive/ucf_experiments/ciclo_experimental_1/data/data_crop/train/Assault031_x264-75d4e4ad62_0_flip_lr_crop.mp4,0
2317,/content/drive/MyDrive/ucf_experiments/ciclo_experimental_1/data/data_blur/train/Abuse026_x264-753e5b4b18_0_flip_lr_blur.mp4,/content/drive/MyDrive/ucf_experiments/ciclo_experimental_1/data/data_crop/train/Abuse026_x264-753e5b4b18_0_flip_lr_crop.mp4,0
2318,/content/drive/MyDrive/ucf_experiments/ciclo_experimental_1/data/data_blur/train/Robbery032_x264-1cea1173c8_0_flip_lr_blur.mp4,/content/drive/MyDrive/ucf_experiments/ciclo_experimental_1/data/data_crop/train/Robbery032_x264-1cea1173c8_0_flip_lr_crop.mp4,0
2319,/content/drive/MyDrive/ucf_experiments/ciclo_experimental_1/data/data_blur/train/Assault014_x264-d22547a600_0_flip_lr_blur.mp4,/content/drive/MyDrive/ucf_experiments/ciclo_experimental_1/data/data_crop/train/Assault014_x264-d22547a600_0_flip_lr_crop.mp4,0
2320,/content/drive/MyDrive/ucf_experiments/ciclo_experimental_1/data/data_blur/train/Robbery019_x264-13f39a3207_0_flip_lr_blur.mp4,/content/drive/MyDrive/ucf_experiments/ciclo_experimental_1/data/data_crop/train/Robbery019_x264-13f39a3207_0_flip_lr_crop.mp4,0
2321,/content/drive/MyDrive/ucf_experiments/ciclo_experimental_1/data/data_blur/train/Assault040_x264-3a541e0f02_1_flip_lr_blur.mp4,/content/drive/MyDrive/ucf_experiments/ciclo_experimental_1/data/data_crop/train/Assault040_x264-3a541e0f02_1_flip_lr_crop.mp4,1
2322,/content/drive/MyDrive/ucf_experiments/ciclo_experimental_1/data/data_blur/train/Assault019_x264-5154054b75_1_flip_lr_blur.mp4,/content/drive/MyDrive/ucf_experiments/ciclo_experimental_1/data/data_crop/train/Assault019_x264-5154054b75_1_flip_lr_crop.mp4,1
2323,/content/drive/MyDrive/ucf_experiments/ciclo_experimental_1/data/data_blur/train/Robbery020_x264-49f1a108dc_1_flip_lr_blur.mp4,/content/drive/MyDrive/ucf_experiments/ciclo_experimental_1/data/data_crop/train/Robbery020_x264-49f1a108dc_1_flip_lr_crop.mp4,1
2324,/content/drive/MyDrive/ucf_experiments/ciclo_experimental_1/data/data_blur/train/Robbery070_x264-9ec0890c05_1_flip_lr_blur.mp4,/content/drive/MyDrive/ucf_experiments/ciclo_experimental_1/data/data_crop/train/Robbery070_x264-9ec0890c05_1_flip_lr_crop.mp4,1
2325,/content/drive/MyDrive/ucf_experiments/ciclo_experimental_1/data/data_blur/train/Robbery093_x264-9f02d3f253_0_flip_lr_blur.mp4,/content/drive/MyDrive/ucf_experiments/ciclo_experimental_1/data/data_crop/train/Robbery093_x264-9f02d3f253_0_flip_lr_crop.mp4,0
2326,/content/drive/MyDrive/ucf_experiments/ciclo_experimental_1/data/data_blur/train/Robbery029_x264-8531f2b06c_1_flip_lr_blur.mp4,/content/drive/MyDrive/ucf_experiments/ciclo_experimental_1/data/data_crop/train/Robbery029_x264-8531f2b06c_1_flip_lr_crop.mp4,1
2327,/content/drive/MyDrive/ucf_experiments/ciclo_experimental_1/data/data_blur/train/Fighting050_x264-58c9bb8f2b_1_flip_lr_blur.mp4,/content/drive/MyDrive/ucf_experiments/ciclo_experimental_1/data/data_crop/train/Fighting050_x264-58c9bb8f2b_1_flip_lr_crop.mp4,1
2328,/content/drive/MyDrive/ucf_experiments/ciclo_experimental_1/data/data_blur/train/Robbery003_x264-6b12674664_0_flip_lr_blur.mp4,/content/drive/MyDrive/ucf_experiments/ciclo_experimental_1/data/data_crop/train/Robbery003_x264-6b12674664_0_flip_lr_crop.mp4,0
2329,/content/drive/MyDrive/ucf_experiments/ciclo_experimental_1/data/data_blur/train/Robbery009_x264-39c2a980d1_0_flip_lr_blur.mp4,/content/drive/MyDrive/ucf_experiments/ciclo_experimental_1/data/data_crop/train/Robbery009_x264-39c2a980d1_0_flip_lr_crop.mp4,0
2330,/content/drive/MyDrive/ucf_experiments/ciclo_experimental_1/data/data_blur/train/Fighting044_x264-ff63b435eb_1_flip_lr_blur.mp4,/content/drive/MyDrive/ucf_experiments/ciclo_experimental_1/data/data_crop/train/Fighting044_x264-ff63b435eb_1_flip_lr_crop.mp4,1
2331,/content/drive/MyDrive/ucf_experiments/ciclo_experimental_1/data/data_blur/train/Fighting002_x264-a6fcf37cde_0_flip_lr_blur.mp4,/content/drive/MyDrive/ucf_experiments/ciclo_experimental_1/data/data_crop/train/Fighting002_x264-a6fcf37cde_0_flip_lr_crop.mp4,0
2332,/content/drive/MyDrive/ucf_experiments/ciclo_experimental_1/data/data_blur/train/Assault027_x264-168fbea91d_0_flip_lr_blur.mp4,/content/drive/MyDrive/ucf_experiments/ciclo_experimental_1/data/data_crop/train/Assault027_x264-168fbea91d_0_flip_lr_crop.mp4,0
2333,/content/drive/MyDrive/ucf_experiments/ciclo_experimental_1/data/data_blur/train/Assault029_x264-31547dfb32_1_flip_lr_blur.mp4,/content/drive/MyDrive/ucf_experiments/ciclo_experimental_1/data/data_crop/train/Assault029_x264-31547dfb32_1_flip_lr_crop.mp4,1
2334,/content/drive/MyDrive/ucf_experiments/ciclo_experimental_1/data/data_blur/train/Arrest006_x264-62e4d363a0_0_flip_lr_blur.mp4,/content/drive/MyDrive/ucf_experiments/ciclo_experimental_1/data/data_crop/train/Arrest006_x264-62e4d363a0_0_flip_lr_crop.mp4,0
2335,/content/drive/MyDrive/ucf_experiments/ciclo_experimental_1/data/data_blur/train/Robbery064_x264-a44cdd9565_0_flip_lr_blur.mp4,/content/drive/MyDrive/ucf_experiments/ciclo_experimental_1/data/data_crop/train/Robbery064_x264-a44cdd9565_0_flip_lr_crop.mp4,0
2336,/content/drive/MyDrive/ucf_experiments/ciclo_experimental_1/data/data_blur/train/Assault026_x264-1da8dbada4_1_flip_lr_blur.mp4,/content/drive/MyDrive/ucf_experiments/ciclo_experimental_1/data/data_crop/train/Assault026_x264-1da8dbada4_1_flip_lr_crop.mp4,1
2337,/content/drive/MyDrive/ucf_experiments/ciclo_experimental_1/data/data_blur/train/Abuse006_x264-218468410e_0_flip_lr_blur.mp4,/content/drive/MyDrive/ucf_experiments/ciclo_experimental_1/data/data_crop/train/Abuse006_x264-218468410e_0_flip_lr_crop.mp4,0
2338,/content/drive/MyDrive/ucf_experiments/ciclo_experimental_1/data/data_blur/train/Robbery008_x264-5b5c7de78d_0_flip_lr_blur.mp4,/content/drive/MyDrive/ucf_experiments/ciclo_experimental_1/data/data_crop/train/Robbery008_x264-5b5c7de78d_0_flip_lr_crop.mp4,0
2339,/content/drive/MyDrive/ucf_experiments/ciclo_experimental_1/data/data_blur/train/Robbery060_x264-d9bad7e927_0_flip_lr_blur.mp4,/content/drive/MyDrive/ucf_experiments/ciclo_experimental_1/data/data_crop/train/Robbery060_x264-d9bad7e927_0_flip_lr_crop.mp4,0
2340,/content/drive/MyDrive/ucf_experiments/ciclo_experimental_1/data/data_blur/train/Assault030_x264-e66fb092cc_0_flip_lr_blur.mp4,/content/drive/MyDrive/ucf_experiments/ciclo_experimental_1/data/data_crop/train/Assault030_x264-e66fb092cc_0_flip_lr_crop.mp4,0
2341,/content/drive/MyDrive/ucf_experiments/ciclo_experimental_1/data/data_blur/train/Robbery078_x264-cff2223c1f_1_flip_lr_blur.mp4,/content/drive/MyDrive/ucf_experiments/ciclo_experimental_1/data/data_crop/train/Robbery078_x264-cff2223c1f_1_flip_lr_crop.mp4,1
2342,/content/drive/MyDrive/ucf_experiments/ciclo_experimental_1/data/data_blur/train/Abuse009_x264-a043a630f8_0_flip_lr_blur.mp4,/content/drive/MyDrive/ucf_experiments/ciclo_experimental_1/data/data_crop/train/Abuse009_x264-a043a630f8_0_flip_lr_crop.mp4,0
2343,/content/drive/MyDrive/ucf_experiments/ciclo_experimental_1/data/data_blur/train/Abuse029_x264-69776536a2_0_flip_lr_blur.mp4,/content/drive/MyDrive/ucf_experiments/ciclo_experimental_1/data/data_crop/train/Abuse029_x264-69776536a2_0_flip_lr_crop.mp4,0
2344,/content/drive/MyDrive/ucf_experiments/ciclo_experimental_1/data/data_blur/train/Robbery041_x264-304d1a66be_1_flip_lr_blur.mp4,/content/drive/MyDrive/ucf_experiments/ciclo_experimental_1/data/data_crop/train/Robbery041_x264-304d1a66be_1_flip_lr_crop.mp4,1
2345,/content/drive/MyDrive/ucf_experiments/ciclo_experimental_1/data/data_blur/train/Fighting039_x264-09da65993f_1_flip_lr_blur.mp4,/content/drive/MyDrive/ucf_experiments/ciclo_experimental_1/data/data_crop/train/Fighting039_x264-09da65993f_1_flip_lr_crop.mp4,1
2346,/content/drive/MyDrive/ucf_experiments/ciclo_experimental_1/data/data_blur/train/Fighting007_x264-c85782d246_1_flip_lr_blur.mp4,/content/drive/MyDrive/ucf_experiments/ciclo_experimental_1/data/data_crop/train/Fighting007_x264-c85782d246_1_flip_lr_crop.mp4,1
2347,/content/drive/MyDrive/ucf_experiments/ciclo_experimental_1/data/data_blur/train/Abuse050_x264-887bf1c134_1_flip_lr_blur.mp4,/content/drive/MyDrive/ucf_experiments/ciclo_experimental_1/data/data_crop/train/Abuse050_x264-887bf1c134_1_flip_lr_crop.mp4,1
2348,/content/drive/MyDrive/ucf_experiments/ciclo_experimental_1/data/data_blur/train/Abuse041_x264-f60cac70fd_0_flip_lr_blur.mp4,/content/drive/MyDrive/ucf_experiments/ciclo_experimental_1/data/data_crop/train/Abuse041_x264-f60cac70fd_0_flip_lr_crop.mp4,0
2349,/content/drive/MyDrive/ucf_experiments/ciclo_experimental_1/data/data_blur/train/Fighting004_x264-8297ec4327_1_flip_lr_blur.mp4,/content/drive/MyDrive/ucf_experiments/ciclo_experimental_1/data/data_crop/train/Fighting004_x264-8297ec4327_1_flip_lr_crop.mp4,1
2350,/content/drive/MyDrive/ucf_experiments/ciclo_experimental_1/data/data_blur/train/Assault032_x264-56f19eafcc_0_flip_lr_blur.mp4,/content/drive/MyDrive/ucf_experiments/ciclo_experimental_1/data/data_crop/train/Assault032_x264-56f19eafcc_0_flip_lr_crop.mp4,0
2351,/content/drive/MyDrive/ucf_experiments/ciclo_experimental_1/data/data_blur/train/Robbery032_x264-b78c145839_0_flip_lr_blur.mp4,/content/drive/MyDrive/ucf_experiments/ciclo_experimental_1/data/data_crop/train/Robbery032_x264-b78c145839_0_flip_lr_crop.mp4,0
2352,/content/drive/MyDrive/ucf_experiments/ciclo_experimental_1/data/data_blur/train/Fighting016_x264-b84b968f3f_1_flip_lr_blur.mp4,/content/drive/MyDrive/ucf_experiments/ciclo_experimental_1/data/data_crop/train/Fighting016_x264-b84b968f3f_1_flip_lr_crop.mp4,1
2353,/content/drive/MyDrive/ucf_experiments/ciclo_experimental_1/data/data_blur/train/Robbery059_x264-dc0970cb24_0_flip_lr_blur.mp4,/content/drive/MyDrive/ucf_experiments/ciclo_experimental_1/data/data_crop/train/Robbery059_x264-dc0970cb24_0_flip_lr_crop.mp4,0
2354,/content/drive/MyDrive/ucf_experiments/ciclo_experimental_1/data/data_blur/train/Robbery098_x264-115e7cf282_0_flip_lr_blur.mp4,/content/drive/MyDrive/ucf_experiments/ciclo_experimental_1/data/data_crop/train/Robbery098_x264-115e7cf282_0_flip_lr_crop.mp4,0
2355,/content/drive/MyDrive/ucf_experiments/ciclo_experimental_1/data/data_blur/train/Fighting006_x264-9e561d2ceb_1_flip_lr_blur.mp4,/content/drive/MyDrive/ucf_experiments/ciclo_experimental_1/data/data_crop/train/Fighting006_x264-9e561d2ceb_1_flip_lr_crop.mp4,1
2356,/content/drive/MyDrive/ucf_experiments/ciclo_experimental_1/data/data_blur/train/Abuse043_x264-b3db9c7fa9_1_flip_lr_blur.mp4,/content/drive/MyDrive/ucf_experiments/ciclo_experimental_1/data/data_crop/train/Abuse043_x264-b3db9c7fa9_1_flip_lr_crop.mp4,1
2357,/content/drive/MyDrive/ucf_experiments/ciclo_experimental_1/data/data_blur/train/Fighting040_x264-c2dca8fe4f_0_flip_lr_blur.mp4,/content/drive/MyDrive/ucf_experiments/ciclo_experimental_1/data/data_crop/train/Fighting040_x264-c2dca8fe4f_0_flip_lr_crop.mp4,0
2358,/content/drive/MyDrive/ucf_experiments/ciclo_experimental_1/data/data_blur/train/Robbery024_x264-9861d2a3a5_1_flip_lr_blur.mp4,/content/drive/MyDrive/ucf_experiments/ciclo_experimental_1/data/data_crop/train/Robbery024_x264-9861d2a3a5_1_flip_lr_crop.mp4,1
2359,/content/drive/MyDrive/ucf_experiments/ciclo_experimental_1/data/data_blur/train/Robbery078_x264-3b94d71cb8_0_flip_lr_blur.mp4,/content/drive/MyDrive/ucf_experiments/ciclo_experimental_1/data/data_crop/train/Robbery078_x264-3b94d71cb8_0_flip_lr_crop.mp4,0
2360,/content/drive/MyDrive/ucf_experiments/ciclo_experimental_1/data/data_blur/train/Robbery016_x264-8f57096758_0_flip_lr_blur.mp4,/content/drive/MyDrive/ucf_experiments/ciclo_experimental_1/data/data_crop/train/Robbery016_x264-8f57096758_0_flip_lr_crop.mp4,0
2361,/content/drive/MyDrive/ucf_experiments/ciclo_experimental_1/data/data_blur/train/Fighting034_x264-3528b50e23_0_flip_lr_blur.mp4,/content/drive/MyDrive/ucf_experiments/ciclo_experimental_1/data/data_crop/train/Fighting034_x264-3528b50e23_0_flip_lr_crop.mp4,0
2362,/content/drive/MyDrive/ucf_experiments/ciclo_experimental_1/data/data_blur/train/Robbery037_x264-d60ce8d225_0_flip_lr_blur.mp4,/content/drive/MyDrive/ucf_experiments/ciclo_experimental_1/data/data_crop/train/Robbery037_x264-d60ce8d225_0_flip_lr_crop.mp4,0
2363,/content/drive/MyDrive/ucf_experiments/ciclo_experimental_1/data/data_blur/train/Arrest043_x264-af58f82222_1_flip_lr_blur.mp4,/content/drive/MyDrive/ucf_experiments/ciclo_experimental_1/data/data_crop/train/Arrest043_x264-af58f82222_1_flip_lr_crop.mp4,1
2364,/content/drive/MyDrive/ucf_experiments/ciclo_experimental_1/data/data_blur/train/Fighting008_x264-66db778599_0_flip_lr_blur.mp4,/content/drive/MyDrive/ucf_experiments/ciclo_experimental_1/data/data_crop/train/Fighting008_x264-66db778599_0_flip_lr_crop.mp4,0
2365,/content/drive/MyDrive/ucf_experiments/ciclo_experimental_1/data/data_blur/train/Assault019_x264-23080341f0_0_flip_lr_blur.mp4,/content/drive/MyDrive/ucf_experiments/ciclo_experimental_1/data/data_crop/train/Assault019_x264-23080341f0_0_flip_lr_crop.mp4,0
2366,/content/drive/MyDrive/ucf_experiments/ciclo_experimental_1/data/data_blur/train/Assault031_x264-abfdd890bb_0_flip_lr_blur.mp4,/content/drive/MyDrive/ucf_experiments/ciclo_experimental_1/data/data_crop/train/Assault031_x264-abfdd890bb_0_flip_lr_crop.mp4,0
2367,/content/drive/MyDrive/ucf_experiments/ciclo_experimental_1/data/data_blur/train/Arrest023_x264-9a34dccfc3_1_flip_lr_blur.mp4,/content/drive/MyDrive/ucf_experiments/ciclo_experimental_1/data/data_crop/train/Arrest023_x264-9a34dccfc3_1_flip_lr_crop.mp4,1
2368,/content/drive/MyDrive/ucf_experiments/ciclo_experimental_1/data/data_blur/train/Assault036_x264-ae6e4537f7_1_flip_lr_blur.mp4,/content/drive/MyDrive/ucf_experiments/ciclo_experimental_1/data/data_crop/train/Assault036_x264-ae6e4537f7_1_flip_lr_crop.mp4,1
2369,/content/drive/MyDrive/ucf_experiments/ciclo_experimental_1/data/data_blur/train/Robbery034_x264-0235c3d36b_1_flip_lr_blur.mp4,/content/drive/MyDrive/ucf_experiments/ciclo_experimental_1/data/data_crop/train/Robbery034_x264-0235c3d36b_1_flip_lr_crop.mp4,1
2370,/content/drive/MyDrive/ucf_experiments/ciclo_experimental_1/data/data_blur/train/Abuse005_x264-4cb5a648c2_1_flip_lr_blur.mp4,/content/drive/MyDrive/ucf_experiments/ciclo_experimental_1/data/data_crop/train/Abuse005_x264-4cb5a648c2_1_flip_lr_crop.mp4,1
2371,/content/drive/MyDrive/ucf_experiments/ciclo_experimental_1/data/data_blur/train/Fighting034_x264-b8c152a89e_1_flip_lr_blur.mp4,/content/drive/MyDrive/ucf_experiments/ciclo_experimental_1/data/data_crop/train/Fighting034_x264-b8c152a89e_1_flip_lr_crop.mp4,1
2372,/content/drive/MyDrive/ucf_experiments/ciclo_experimental_1/data/data_blur/train/Abuse024_x264-bc4e75b086_0_flip_lr_blur.mp4,/content/drive/MyDrive/ucf_experiments/ciclo_experimental_1/data/data_crop/train/Abuse024_x264-bc4e75b086_0_flip_lr_crop.mp4,0
2373,/content/drive/MyDrive/ucf_experiments/ciclo_experimental_1/data/data_blur/train/Abuse011_x264-ed252553e0_1_flip_lr_blur.mp4,/content/drive/MyDrive/ucf_experiments/ciclo_experimental_1/data/data_crop/train/Abuse011_x264-ed252553e0_1_flip_lr_crop.mp4,1
2374,/content/drive/MyDrive/ucf_experiments/ciclo_experimental_1/data/data_blur/train/Abuse004_x264-5fa349ccfd_1_flip_lr_blur.mp4,/content/drive/MyDrive/ucf_experiments/ciclo_experimental_1/data/data_crop/train/Abuse004_x264-5fa349ccfd_1_flip_lr_crop.mp4,1
2375,/content/drive/MyDrive/ucf_experiments/ciclo_experimental_1/data/data_blur/train/Arrest003_x264-2d6f29eca6_0_flip_lr_blur.mp4,/content/drive/MyDrive/ucf_experiments/ciclo_experimental_1/data/data_crop/train/Arrest003_x264-2d6f29eca6_0_flip_lr_crop.mp4,0
2376,/content/drive/MyDrive/ucf_experiments/ciclo_experimental_1/data/data_blur/train/Abuse026_x264-53c0a7fc21_0_flip_lr_blur.mp4,/content/drive/MyDrive/ucf_experiments/ciclo_experimental_1/data/data_crop/train/Abuse026_x264-53c0a7fc21_0_flip_lr_crop.mp4,0
2377,/content/drive/MyDrive/ucf_experiments/ciclo_experimental_1/data/data_blur/train/Arrest033_x264-c145a51de9_0_flip_lr_blur.mp4,/content/drive/MyDrive/ucf_experiments/ciclo_experimental_1/data/data_crop/train/Arrest033_x264-c145a51de9_0_flip_lr_crop.mp4,0
2378,/content/drive/MyDrive/ucf_experiments/ciclo_experimental_1/data/data_blur/train/Abuse023_x264-60811aa688_1_flip_lr_blur.mp4,/content/drive/MyDrive/ucf_experiments/ciclo_experimental_1/data/data_crop/train/Abuse023_x264-60811aa688_1_flip_lr_crop.mp4,1
2379,/content/drive/MyDrive/ucf_experiments/ciclo_experimental_1/data/data_blur/train/Robbery070_x264-c572bd422d_1_flip_lr_blur.mp4,/content/drive/MyDrive/ucf_experiments/ciclo_experimental_1/data/data_crop/train/Robbery070_x264-c572bd422d_1_flip_lr_crop.mp4,1
2380,/content/drive/MyDrive/ucf_experiments/ciclo_experimental_1/data/data_blur/train/Assault039_x264-716a0f9cfe_0_flip_lr_blur.mp4,/content/drive/MyDrive/ucf_experiments/ciclo_experimental_1/data/data_crop/train/Assault039_x264-716a0f9cfe_0_flip_lr_crop.mp4,0
2381,/content/drive/MyDrive/ucf_experiments/ciclo_experimental_1/data/data_blur/train/Robbery087_x264-2b991a0e73_1_flip_lr_blur.mp4,/content/drive/MyDrive/ucf_experiments/ciclo_experimental_1/data/data_crop/train/Robbery087_x264-2b991a0e73_1_flip_lr_crop.mp4,1
2382,/content/drive/MyDrive/ucf_experiments/ciclo_experimental_1/data/data_blur/train/Arrest008_x264-827ad56993_0_flip_lr_blur.mp4,/content/drive/MyDrive/ucf_experiments/ciclo_experimental_1/data/data_crop/train/Arrest008_x264-827ad56993_0_flip_lr_crop.mp4,0
2383,/content/drive/MyDrive/ucf_experiments/ciclo_experimental_1/data/data_blur/train/Fighting004_x264-18b81a984a_1_flip_lr_blur.mp4,/content/drive/MyDrive/ucf_experiments/ciclo_experimental_1/data/data_crop/train/Fighting004_x264-18b81a984a_1_flip_lr_crop.mp4,1
2384,/content/drive/MyDrive/ucf_experiments/ciclo_experimental_1/data/data_blur/train/Assault051_x264-8828b6a668_0_flip_lr_blur.mp4,/content/drive/MyDrive/ucf_experiments/ciclo_experimental_1/data/data_crop/train/Assault051_x264-8828b6a668_0_flip_lr_crop.mp4,0
2385,/content/drive/MyDrive/ucf_experiments/ciclo_experimental_1/data/data_blur/train/Assault001_x264-58bb1989f6_0_flip_lr_blur.mp4,/content/drive/MyDrive/ucf_experiments/ciclo_experimental_1/data/data_crop/train/Assault001_x264-58bb1989f6_0_flip_lr_crop.mp4,0
2386,/content/drive/MyDrive/ucf_experiments/ciclo_experimental_1/data/data_blur/train/Abuse015_x264-12b2c86ae9_1_flip_lr_blur.mp4,/content/drive/MyDrive/ucf_experiments/ciclo_experimental_1/data/data_crop/train/Abuse015_x264-12b2c86ae9_1_flip_lr_crop.mp4,1
2387,/content/drive/MyDrive/ucf_experiments/ciclo_experimental_1/data/data_blur/train/Abuse022_x264-fd34f90b12_0_flip_lr_blur.mp4,/content/drive/MyDrive/ucf_experiments/ciclo_experimental_1/data/data_crop/train/Abuse022_x264-fd34f90b12_0_flip_lr_crop.mp4,0
2388,/content/drive/MyDrive/ucf_experiments/ciclo_experimental_1/data/data_blur/train/Abuse042_x264-e367f67f8e_0_flip_lr_blur.mp4,/content/drive/MyDrive/ucf_experiments/ciclo_experimental_1/data/data_crop/train/Abuse042_x264-e367f67f8e_0_flip_lr_crop.mp4,0
2389,/content/drive/MyDrive/ucf_experiments/ciclo_experimental_1/data/data_blur/train/Robbery056_x264-1b423f1f27_0_flip_lr_blur.mp4,/content/drive/MyDrive/ucf_experiments/ciclo_experimental_1/data/data_crop/train/Robbery056_x264-1b423f1f27_0_flip_lr_crop.mp4,0
2390,/content/drive/MyDrive/ucf_experiments/ciclo_experimental_1/data/data_blur/train/Assault046_x264-cd53044a9b_0_flip_lr_blur.mp4,/content/drive/MyDrive/ucf_experiments/ciclo_experimental_1/data/data_crop/train/Assault046_x264-cd53044a9b_0_flip_lr_crop.mp4,0
2391,/content/drive/MyDrive/ucf_experiments/ciclo_experimental_1/data/data_blur/train/Robbery043_x264-2b421f448c_0_flip_lr_blur.mp4,/content/drive/MyDrive/ucf_experiments/ciclo_experimental_1/data/data_crop/train/Robbery043_x264-2b421f448c_0_flip_lr_crop.mp4,0
2392,/content/drive/MyDrive/ucf_experiments/ciclo_experimental_1/data/data_blur/train/Fighting051_x264-6a2e2ff5df_1_flip_lr_blur.mp4,/content/drive/MyDrive/ucf_experiments/ciclo_experimental_1/data/data_crop/train/Fighting051_x264-6a2e2ff5df_1_flip_lr_crop.mp4,1
2393,/content/drive/MyDrive/ucf_experiments/ciclo_experimental_1/data/data_blur/train/Assault047_x264-36e671280e_0_flip_lr_blur.mp4,/content/drive/MyDrive/ucf_experiments/ciclo_experimental_1/data/data_crop/train/Assault047_x264-36e671280e_0_flip_lr_crop.mp4,0
2394,/content/drive/MyDrive/ucf_experiments/ciclo_experimental_1/data/data_blur/train/Robbery026_x264-5ceb5d7b8b_0_flip_lr_blur.mp4,/content/drive/MyDrive/ucf_experiments/ciclo_experimental_1/data/data_crop/train/Robbery026_x264-5ceb5d7b8b_0_flip_lr_crop.mp4,0
2395,/content/drive/MyDrive/ucf_experiments/ciclo_experimental_1/data/data_blur/train/Robbery032_x264-490087feaf_0_flip_lr_blur.mp4,/content/drive/MyDrive/ucf_experiments/ciclo_experimental_1/data/data_crop/train/Robbery032_x264-490087feaf_0_flip_lr_crop.mp4,0
2396,/content/drive/MyDrive/ucf_experiments/ciclo_experimental_1/data/data_blur/train/Fighting010_x264-9c8a9b17b6_0_flip_lr_blur.mp4,/content/drive/MyDrive/ucf_experiments/ciclo_experimental_1/data/data_crop/train/Fighting010_x264-9c8a9b17b6_0_flip_lr_crop.mp4,0
2397,/content/drive/MyDrive/ucf_experiments/ciclo_experimental_1/data/data_blur/train/Fighting050_x264-b65c48eece_0_flip_lr_blur.mp4,/content/drive/MyDrive/ucf_experiments/ciclo_experimental_1/data/data_crop/train/Fighting050_x264-b65c48eece_0_flip_lr_crop.mp4,0
2398,/content/drive/MyDrive/ucf_experiments/ciclo_experimental_1/data/data_blur/train/Assault045_x264-09e58b6ca9_0_flip_lr_blur.mp4,/content/drive/MyDrive/ucf_experiments/ciclo_experimental_1/data/data_crop/train/Assault045_x264-09e58b6ca9_0_flip_lr_crop.mp4,0
2399,/content/drive/MyDrive/ucf_experiments/ciclo_experimental_1/data/data_blur/train/Fighting006_x264-242cb6b374_1_flip_lr_blur.mp4,/content/drive/MyDrive/ucf_experiments/ciclo_experimental_1/data/data_crop/train/Fighting006_x264-242cb6b374_1_flip_lr_crop.mp4,1
2400,/content/drive/MyDrive/ucf_experiments/ciclo_experimental_1/data/data_blur/train/Robbery041_x264-04290086f8_1_flip_lr_blur.mp4,/content/drive/MyDrive/ucf_experiments/ciclo_experimental_1/data/data_crop/train/Robbery041_x264-04290086f8_1_flip_lr_crop.mp4,1
2401,/content/drive/MyDrive/ucf_experiments/ciclo_experimental_1/data/data_blur/train/Abuse015_x264-09d2a04b0a_1_flip_lr_blur.mp4,/content/drive/MyDrive/ucf_experiments/ciclo_experimental_1/data/data_crop/train/Abuse015_x264-09d2a04b0a_1_flip_lr_crop.mp4,1
2402,/content/drive/MyDrive/ucf_experiments/ciclo_experimental_1/data/data_blur/train/Robbery057_x264-51a8f8bd71_0_flip_lr_blur.mp4,/content/drive/MyDrive/ucf_experiments/ciclo_experimental_1/data/data_crop/train/Robbery057_x264-51a8f8bd71_0_flip_lr_crop.mp4,0
2403,/content/drive/MyDrive/ucf_experiments/ciclo_experimental_1/data/data_blur/train/Assault040_x264-cd0820234d_1_flip_lr_blur.mp4,/content/drive/MyDrive/ucf_experiments/ciclo_experimental_1/data/data_crop/train/Assault040_x264-cd0820234d_1_flip_lr_crop.mp4,1
2404,/content/drive/MyDrive/ucf_experiments/ciclo_experimental_1/data/data_blur/train/Robbery024_x264-c1e11fdbb1_1_flip_lr_blur.mp4,/content/drive/MyDrive/ucf_experiments/ciclo_experimental_1/data/data_crop/train/Robbery024_x264-c1e11fdbb1_1_flip_lr_crop.mp4,1
2405,/content/drive/MyDrive/ucf_experiments/ciclo_experimental_1/data/data_blur/train/Arrest033_x264-65037a3538_0_flip_lr_blur.mp4,/content/drive/MyDrive/ucf_experiments/ciclo_experimental_1/data/data_crop/train/Arrest033_x264-65037a3538_0_flip_lr_crop.mp4,0
2406,/content/drive/MyDrive/ucf_experiments/ciclo_experimental_1/data/data_blur/train/Assault009_x264-7e748667ed_1_flip_lr_blur.mp4,/content/drive/MyDrive/ucf_experiments/ciclo_experimental_1/data/data_crop/train/Assault009_x264-7e748667ed_1_flip_lr_crop.mp4,1
2407,/content/drive/MyDrive/ucf_experiments/ciclo_experimental_1/data/data_blur/train/Robbery003_x264-46003d0993_1_flip_lr_blur.mp4,/content/drive/MyDrive/ucf_experiments/ciclo_experimental_1/data/data_crop/train/Robbery003_x264-46003d0993_1_flip_lr_crop.mp4,1
2408,/content/drive/MyDrive/ucf_experiments/ciclo_experimental_1/data/data_blur/train/Abuse006_x264-e4b0feea3c_0_flip_lr_blur.mp4,/content/drive/MyDrive/ucf_experiments/ciclo_experimental_1/data/data_crop/train/Abuse006_x264-e4b0feea3c_0_flip_lr_crop.mp4,0
2409,/content/drive/MyDrive/ucf_experiments/ciclo_experimental_1/data/data_blur/train/Robbery090_x264-79009bc6db_1_flip_lr_blur.mp4,/content/drive/MyDrive/ucf_experiments/ciclo_experimental_1/data/data_crop/train/Robbery090_x264-79009bc6db_1_flip_lr_crop.mp4,1
2410,/content/drive/MyDrive/ucf_experiments/ciclo_experimental_1/data/data_blur/train/Arrest016_x264-4482bd8e19_0_flip_lr_blur.mp4,/content/drive/MyDrive/ucf_experiments/ciclo_experimental_1/data/data_crop/train/Arrest016_x264-4482bd8e19_0_flip_lr_crop.mp4,0
2411,/content/drive/MyDrive/ucf_experiments/ciclo_experimental_1/data/data_blur/train/Abuse004_x264-58fb8c4ce6_0_flip_lr_blur.mp4,/content/drive/MyDrive/ucf_experiments/ciclo_experimental_1/data/data_crop/train/Abuse004_x264-58fb8c4ce6_0_flip_lr_crop.mp4,0
2412,/content/drive/MyDrive/ucf_experiments/ciclo_experimental_1/data/data_blur/train/Arrest014_x264-70271fd3a3_0_flip_lr_blur.mp4,/content/drive/MyDrive/ucf_experiments/ciclo_experimental_1/data/data_crop/train/Arrest014_x264-70271fd3a3_0_flip_lr_crop.mp4,0
2413,/content/drive/MyDrive/ucf_experiments/ciclo_experimental_1/data/data_blur/train/Fighting028_x264-002f0f42ab_0_flip_lr_blur.mp4,/content/drive/MyDrive/ucf_experiments/ciclo_experimental_1/data/data_crop/train/Fighting028_x264-002f0f42ab_0_flip_lr_crop.mp4,0
2414,/content/drive/MyDrive/ucf_experiments/ciclo_experimental_1/data/data_blur/train/Abuse015_x264-5b40a5f3f2_0_flip_lr_blur.mp4,/content/drive/MyDrive/ucf_experiments/ciclo_experimental_1/data/data_crop/train/Abuse015_x264-5b40a5f3f2_0_flip_lr_crop.mp4,0
2415,/content/drive/MyDrive/ucf_experiments/ciclo_experimental_1/data/data_blur/train/Fighting048_x264-d435339d91_0_flip_lr_blur.mp4,/content/drive/MyDrive/ucf_experiments/ciclo_experimental_1/data/data_crop/train/Fighting048_x264-d435339d91_0_flip_lr_crop.mp4,0
2416,/content/drive/MyDrive/ucf_experiments/ciclo_experimental_1/data/data_blur/train/Abuse033_x264-7446bd3e0b_1_flip_lr_blur.mp4,/content/drive/MyDrive/ucf_experiments/ciclo_experimental_1/data/data_crop/train/Abuse033_x264-7446bd3e0b_1_flip_lr_crop.mp4,1
2417,/content/drive/MyDrive/ucf_experiments/ciclo_experimental_1/data/data_blur/train/Arrest037_x264-5b97c550d3_1_flip_lr_blur.mp4,/content/drive/MyDrive/ucf_experiments/ciclo_experimental_1/data/data_crop/train/Arrest037_x264-5b97c550d3_1_flip_lr_crop.mp4,1
2418,/content/drive/MyDrive/ucf_experiments/ciclo_experimental_1/data/data_blur/train/Fighting007_x264-2b7a85e859_0_flip_lr_blur.mp4,/content/drive/MyDrive/ucf_experiments/ciclo_experimental_1/data/data_crop/train/Fighting007_x264-2b7a85e859_0_flip_lr_crop.mp4,0
2419,/content/drive/MyDrive/ucf_experiments/ciclo_experimental_1/data/data_blur/train/Fighting004_x264-070cfad90d_1_flip_lr_blur.mp4,/content/drive/MyDrive/ucf_experiments/ciclo_experimental_1/data/data_crop/train/Fighting004_x264-070cfad90d_1_flip_lr_crop.mp4,1
2420,/content/drive/MyDrive/ucf_experiments/ciclo_experimental_1/data/data_blur/train/Robbery057_x264-f30a4e10d8_1_flip_lr_blur.mp4,/content/drive/MyDrive/ucf_experiments/ciclo_experimental_1/data/data_crop/train/Robbery057_x264-f30a4e10d8_1_flip_lr_crop.mp4,1
2421,/content/drive/MyDrive/ucf_experiments/ciclo_experimental_1/data/data_blur/train/Arrest006_x264-743e84c04a_0_flip_lr_blur.mp4,/content/drive/MyDrive/ucf_experiments/ciclo_experimental_1/data/data_crop/train/Arrest006_x264-743e84c04a_0_flip_lr_crop.mp4,0
2422,/content/drive/MyDrive/ucf_experiments/ciclo_experimental_1/data/data_blur/train/Fighting050_x264-b50eb7b6ba_1_flip_lr_blur.mp4,/content/drive/MyDrive/ucf_experiments/ciclo_experimental_1/data/data_crop/train/Fighting050_x264-b50eb7b6ba_1_flip_lr_crop.mp4,1
2423,/content/drive/MyDrive/ucf_experiments/ciclo_experimental_1/data/data_blur/train/Robbery047_x264-a2eed3aecc_1_flip_lr_blur.mp4,/content/drive/MyDrive/ucf_experiments/ciclo_experimental_1/data/data_crop/train/Robbery047_x264-a2eed3aecc_1_flip_lr_crop.mp4,1
2424,/content/drive/MyDrive/ucf_experiments/ciclo_experimental_1/data/data_blur/train/Abuse042_x264-9c8e89ea69_0_flip_lr_blur.mp4,/content/drive/MyDrive/ucf_experiments/ciclo_experimental_1/data/data_crop/train/Abuse042_x264-9c8e89ea69_0_flip_lr_crop.mp4,0
2425,/content/drive/MyDrive/ucf_experiments/ciclo_experimental_1/data/data_blur/train/Fighting051_x264-717cbedafc_1_flip_lr_blur.mp4,/content/drive/MyDrive/ucf_experiments/ciclo_experimental_1/data/data_crop/train/Fighting051_x264-717cbedafc_1_flip_lr_crop.mp4,1
2426,/content/drive/MyDrive/ucf_experiments/ciclo_experimental_1/data/data_blur/train/Abuse024_x264-302e13815a_0_flip_lr_blur.mp4,/content/drive/MyDrive/ucf_experiments/ciclo_experimental_1/data/data_crop/train/Abuse024_x264-302e13815a_0_flip_lr_crop.mp4,0
2427,/content/drive/MyDrive/ucf_experiments/ciclo_experimental_1/data/data_blur/train/Assault046_x264-af2d4a0c8b_1_flip_lr_blur.mp4,/content/drive/MyDrive/ucf_experiments/ciclo_experimental_1/data/data_crop/train/Assault046_x264-af2d4a0c8b_1_flip_lr_crop.mp4,1
2428,/content/drive/MyDrive/ucf_experiments/ciclo_experimental_1/data/data_blur/train/Fighting034_x264-ccb9674bad_1_flip_lr_blur.mp4,/content/drive/MyDrive/ucf_experiments/ciclo_experimental_1/data/data_crop/train/Fighting034_x264-ccb9674bad_1_flip_lr_crop.mp4,1
2429,/content/drive/MyDrive/ucf_experiments/ciclo_experimental_1/data/data_blur/train/Abuse014_x264-315c5c590a_0_flip_lr_blur.mp4,/content/drive/MyDrive/ucf_experiments/ciclo_experimental_1/data/data_crop/train/Abuse014_x264-315c5c590a_0_flip_lr_crop.mp4,0
2430,/content/drive/MyDrive/ucf_experiments/ciclo_experimental_1/data/data_blur/train/Fighting011_x264-3973a1a10b_0_flip_lr_blur.mp4,/content/drive/MyDrive/ucf_experiments/ciclo_experimental_1/data/data_crop/train/Fighting011_x264-3973a1a10b_0_flip_lr_crop.mp4,0
2431,/content/drive/MyDrive/ucf_experiments/ciclo_experimental_1/data/data_blur/train/Robbery082_x264-fb7e2105be_0_flip_lr_blur.mp4,/content/drive/MyDrive/ucf_experiments/ciclo_experimental_1/data/data_crop/train/Robbery082_x264-fb7e2105be_0_flip_lr_crop.mp4,0
2432,/content/drive/MyDrive/ucf_experiments/ciclo_experimental_1/data/data_blur/train/Fighting049_x264-5daa7748fa_1_flip_lr_blur.mp4,/content/drive/MyDrive/ucf_experiments/ciclo_experimental_1/data/data_crop/train/Fighting049_x264-5daa7748fa_1_flip_lr_crop.mp4,1
2433,/content/drive/MyDrive/ucf_experiments/ciclo_experimental_1/data/data_blur/train/Abuse045_x264-cde4054eb4_0_flip_lr_blur.mp4,/content/drive/MyDrive/ucf_experiments/ciclo_experimental_1/data/data_crop/train/Abuse045_x264-cde4054eb4_0_flip_lr_crop.mp4,0
2434,/content/drive/MyDrive/ucf_experiments/ciclo_experimental_1/data/data_blur/train/Arrest046_x264-80f79e8c6f_1_flip_lr_blur.mp4,/content/drive/MyDrive/ucf_experiments/ciclo_experimental_1/data/data_crop/train/Arrest046_x264-80f79e8c6f_1_flip_lr_crop.mp4,1
2435,/content/drive/MyDrive/ucf_experiments/ciclo_experimental_1/data/data_blur/train/Fighting039_x264-060507e14b_1_flip_lr_blur.mp4,/content/drive/MyDrive/ucf_experiments/ciclo_experimental_1/data/data_crop/train/Fighting039_x264-060507e14b_1_flip_lr_crop.mp4,1
2436,/content/drive/MyDrive/ucf_experiments/ciclo_experimental_1/data/data_blur/train/Fighting013_x264-c128bed118_1_flip_lr_blur.mp4,/content/drive/MyDrive/ucf_experiments/ciclo_experimental_1/data/data_crop/train/Fighting013_x264-c128bed118_1_flip_lr_crop.mp4,1
2437,/content/drive/MyDrive/ucf_experiments/ciclo_experimental_1/data/data_blur/train/Arrest033_x264-9ab3eb8984_0_flip_lr_blur.mp4,/content/drive/MyDrive/ucf_experiments/ciclo_experimental_1/data/data_crop/train/Arrest033_x264-9ab3eb8984_0_flip_lr_crop.mp4,0
2438,/content/drive/MyDrive/ucf_experiments/ciclo_experimental_1/data/data_blur/train/Abuse009_x264-11ef1b4a7f_1_flip_lr_blur.mp4,/content/drive/MyDrive/ucf_experiments/ciclo_experimental_1/data/data_crop/train/Abuse009_x264-11ef1b4a7f_1_flip_lr_crop.mp4,1
2439,/content/drive/MyDrive/ucf_experiments/ciclo_experimental_1/data/data_blur/train/Assault017_x264-48dd1b6f34_0_flip_lr_blur.mp4,/content/drive/MyDrive/ucf_experiments/ciclo_experimental_1/data/data_crop/train/Assault017_x264-48dd1b6f34_0_flip_lr_crop.mp4,0
2440,/content/drive/MyDrive/ucf_experiments/ciclo_experimental_1/data/data_blur/train/Robbery080_x264-b72dae9084_0_flip_lr_blur.mp4,/content/drive/MyDrive/ucf_experiments/ciclo_experimental_1/data/data_crop/train/Robbery080_x264-b72dae9084_0_flip_lr_crop.mp4,0
2441,/content/drive/MyDrive/ucf_experiments/ciclo_experimental_1/data/data_blur/train/Abuse004_x264-c9af3aa70d_0_flip_lr_blur.mp4,/content/drive/MyDrive/ucf_experiments/ciclo_experimental_1/data/data_crop/train/Abuse004_x264-c9af3aa70d_0_flip_lr_crop.mp4,0
2442,/content/drive/MyDrive/ucf_experiments/ciclo_experimental_1/data/data_blur/train/Abuse008_x264-927ddeb732_0_flip_lr_blur.mp4,/content/drive/MyDrive/ucf_experiments/ciclo_experimental_1/data/data_crop/train/Abuse008_x264-927ddeb732_0_flip_lr_crop.mp4,0
2443,/content/drive/MyDrive/ucf_experiments/ciclo_experimental_1/data/data_blur/train/Assault052_x264-769b936863_1_flip_lr_blur.mp4,/content/drive/MyDrive/ucf_experiments/ciclo_experimental_1/data/data_crop/train/Assault052_x264-769b936863_1_flip_lr_crop.mp4,1
2444,/content/drive/MyDrive/ucf_experiments/ciclo_experimental_1/data/data_blur/train/Fighting013_x264-3f7bb0c02a_1_flip_lr_blur.mp4,/content/drive/MyDrive/ucf_experiments/ciclo_experimental_1/data/data_crop/train/Fighting013_x264-3f7bb0c02a_1_flip_lr_crop.mp4,1
2445,/content/drive/MyDrive/ucf_experiments/ciclo_experimental_1/data/data_blur/train/Abuse045_x264-aa27b4b81c_1_flip_lr_blur.mp4,/content/drive/MyDrive/ucf_experiments/ciclo_experimental_1/data/data_crop/train/Abuse045_x264-aa27b4b81c_1_flip_lr_crop.mp4,1
2446,/content/drive/MyDrive/ucf_experiments/ciclo_experimental_1/data/data_blur/train/Robbery054_x264-e97c456c45_0_flip_lr_blur.mp4,/content/drive/MyDrive/ucf_experiments/ciclo_experimental_1/data/data_crop/train/Robbery054_x264-e97c456c45_0_flip_lr_crop.mp4,0
2447,/content/drive/MyDrive/ucf_experiments/ciclo_experimental_1/data/data_blur/train/Assault030_x264-ffc32a719d_1_flip_lr_blur.mp4,/content/drive/MyDrive/ucf_experiments/ciclo_experimental_1/data/data_crop/train/Assault030_x264-ffc32a719d_1_flip_lr_crop.mp4,1
2448,/content/drive/MyDrive/ucf_experiments/ciclo_experimental_1/data/data_blur/train/Fighting013_x264-e7403fb4d7_1_flip_lr_blur.mp4,/content/drive/MyDrive/ucf_experiments/ciclo_experimental_1/data/data_crop/train/Fighting013_x264-e7403fb4d7_1_flip_lr_crop.mp4,1
2449,/content/drive/MyDrive/ucf_experiments/ciclo_experimental_1/data/data_blur/train/Assault026_x264-3f99b1cf78_1_flip_lr_blur.mp4,/content/drive/MyDrive/ucf_experiments/ciclo_experimental_1/data/data_crop/train/Assault026_x264-3f99b1cf78_1_flip_lr_crop.mp4,1
2450,/content/drive/MyDrive/ucf_experiments/ciclo_experimental_1/data/data_blur/train/Robbery090_x264-2185c64327_1_flip_lr_blur.mp4,/content/drive/MyDrive/ucf_experiments/ciclo_experimental_1/data/data_crop/train/Robbery090_x264-2185c64327_1_flip_lr_crop.mp4,1
2451,/content/drive/MyDrive/ucf_experiments/ciclo_experimental_1/data/data_blur/train/Fighting024_x264-ab34309bea_1_flip_lr_blur.mp4,/content/drive/MyDrive/ucf_experiments/ciclo_experimental_1/data/data_crop/train/Fighting024_x264-ab34309bea_1_flip_lr_crop.mp4,1
2452,/content/drive/MyDrive/ucf_experiments/ciclo_experimental_1/data/data_blur/train/Abuse031_x264-8b8f7b6a36_1_flip_lr_blur.mp4,/content/drive/MyDrive/ucf_experiments/ciclo_experimental_1/data/data_crop/train/Abuse031_x264-8b8f7b6a36_1_flip_lr_crop.mp4,1
2453,/content/drive/MyDrive/ucf_experiments/ciclo_experimental_1/data/data_blur/train/Fighting024_x264-e3cac69143_1_flip_lr_blur.mp4,/content/drive/MyDrive/ucf_experiments/ciclo_experimental_1/data/data_crop/train/Fighting024_x264-e3cac69143_1_flip_lr_crop.mp4,1
2454,/content/drive/MyDrive/ucf_experiments/ciclo_experimental_1/data/data_blur/train/Arrest008_x264-a36c7e1b45_0_flip_lr_blur.mp4,/content/drive/MyDrive/ucf_experiments/ciclo_experimental_1/data/data_crop/train/Arrest008_x264-a36c7e1b45_0_flip_lr_crop.mp4,0
2455,/content/drive/MyDrive/ucf_experiments/ciclo_experimental_1/data/data_blur/train/Robbery015_x264-bad182692e_0_flip_lr_blur.mp4,/content/drive/MyDrive/ucf_experiments/ciclo_experimental_1/data/data_crop/train/Robbery015_x264-bad182692e_0_flip_lr_crop.mp4,0
2456,/content/drive/MyDrive/ucf_experiments/ciclo_experimental_1/data/data_blur/train/Robbery070_x264-49928ba136_1_flip_lr_blur.mp4,/content/drive/MyDrive/ucf_experiments/ciclo_experimental_1/data/data_crop/train/Robbery070_x264-49928ba136_1_flip_lr_crop.mp4,1
2457,/content/drive/MyDrive/ucf_experiments/ciclo_experimental_1/data/data_blur/train/Robbery042_x264-df08030aa9_0_flip_lr_blur.mp4,/content/drive/MyDrive/ucf_experiments/ciclo_experimental_1/data/data_crop/train/Robbery042_x264-df08030aa9_0_flip_lr_crop.mp4,0
2458,/content/drive/MyDrive/ucf_experiments/ciclo_experimental_1/data/data_blur/train/Fighting002_x264-80d8f26ddc_0_flip_lr_blur.mp4,/content/drive/MyDrive/ucf_experiments/ciclo_experimental_1/data/data_crop/train/Fighting002_x264-80d8f26ddc_0_flip_lr_crop.mp4,0
2459,/content/drive/MyDrive/ucf_experiments/ciclo_experimental_1/data/data_blur/train/Arrest005_x264-5a0ded54ef_0_flip_lr_blur.mp4,/content/drive/MyDrive/ucf_experiments/ciclo_experimental_1/data/data_crop/train/Arrest005_x264-5a0ded54ef_0_flip_lr_crop.mp4,0
2460,/content/drive/MyDrive/ucf_experiments/ciclo_experimental_1/data/data_blur/train/Abuse020_x264-db11c03d51_1_flip_lr_blur.mp4,/content/drive/MyDrive/ucf_experiments/ciclo_experimental_1/data/data_crop/train/Abuse020_x264-db11c03d51_1_flip_lr_crop.mp4,1
2461,/content/drive/MyDrive/ucf_experiments/ciclo_experimental_1/data/data_blur/train/Abuse004_x264-033d7fef6e_0_flip_lr_blur.mp4,/content/drive/MyDrive/ucf_experiments/ciclo_experimental_1/data/data_crop/train/Abuse004_x264-033d7fef6e_0_flip_lr_crop.mp4,0
2462,/content/drive/MyDrive/ucf_experiments/ciclo_experimental_1/data/data_blur/train/Robbery006_x264-87a4bc8b50_1_flip_lr_blur.mp4,/content/drive/MyDrive/ucf_experiments/ciclo_experimental_1/data/data_crop/train/Robbery006_x264-87a4bc8b50_1_flip_lr_crop.mp4,1
2463,/content/drive/MyDrive/ucf_experiments/ciclo_experimental_1/data/data_blur/train/Fighting024_x264-58b4cfdecc_1_flip_lr_blur.mp4,/content/drive/MyDrive/ucf_experiments/ciclo_experimental_1/data/data_crop/train/Fighting024_x264-58b4cfdecc_1_flip_lr_crop.mp4,1
2464,/content/drive/MyDrive/ucf_experiments/ciclo_experimental_1/data/data_blur/train/Abuse045_x264-100d5c0744_0_flip_lr_blur.mp4,/content/drive/MyDrive/ucf_experiments/ciclo_experimental_1/data/data_crop/train/Abuse045_x264-100d5c0744_0_flip_lr_crop.mp4,0
2465,/content/drive/MyDrive/ucf_experiments/ciclo_experimental_1/data/data_blur/train/Arrest035_x264-39da5d2ee4_0_flip_lr_blur.mp4,/content/drive/MyDrive/ucf_experiments/ciclo_experimental_1/data/data_crop/train/Arrest035_x264-39da5d2ee4_0_flip_lr_crop.mp4,0
2466,/content/drive/MyDrive/ucf_experiments/ciclo_experimental_1/data/data_blur/train/Fighting007_x264-1eb2ed9bba_1_flip_lr_blur.mp4,/content/drive/MyDrive/ucf_experiments/ciclo_experimental_1/data/data_crop/train/Fighting007_x264-1eb2ed9bba_1_flip_lr_crop.mp4,1
2467,/content/drive/MyDrive/ucf_experiments/ciclo_experimental_1/data/data_blur/train/Abuse031_x264-06f90a4506_1_flip_lr_blur.mp4,/content/drive/MyDrive/ucf_experiments/ciclo_experimental_1/data/data_crop/train/Abuse031_x264-06f90a4506_1_flip_lr_crop.mp4,1
2468,/content/drive/MyDrive/ucf_experiments/ciclo_experimental_1/data/data_blur/train/Arrest034_x264-eea69e3533_0_flip_lr_blur.mp4,/content/drive/MyDrive/ucf_experiments/ciclo_experimental_1/data/data_crop/train/Arrest034_x264-eea69e3533_0_flip_lr_crop.mp4,0
2469,/content/drive/MyDrive/ucf_experiments/ciclo_experimental_1/data/data_blur/train/Abuse014_x264-760c0ab9ab_0_flip_lr_blur.mp4,/content/drive/MyDrive/ucf_experiments/ciclo_experimental_1/data/data_crop/train/Abuse014_x264-760c0ab9ab_0_flip_lr_crop.mp4,0
2470,/content/drive/MyDrive/ucf_experiments/ciclo_experimental_1/data/data_blur/train/Fighting051_x264-6c66e1173d_1_flip_lr_blur.mp4,/content/drive/MyDrive/ucf_experiments/ciclo_experimental_1/data/data_crop/train/Fighting051_x264-6c66e1173d_1_flip_lr_crop.mp4,1
2471,/content/drive/MyDrive/ucf_experiments/ciclo_experimental_1/data/data_blur/train/Assault033_x264-795b0eb08c_1_flip_lr_blur.mp4,/content/drive/MyDrive/ucf_experiments/ciclo_experimental_1/data/data_crop/train/Assault033_x264-795b0eb08c_1_flip_lr_crop.mp4,1
2472,/content/drive/MyDrive/ucf_experiments/ciclo_experimental_1/data/data_blur/train/Fighting028_x264-2ba754d66c_1_flip_lr_blur.mp4,/content/drive/MyDrive/ucf_experiments/ciclo_experimental_1/data/data_crop/train/Fighting028_x264-2ba754d66c_1_flip_lr_crop.mp4,1
2473,/content/drive/MyDrive/ucf_experiments/ciclo_experimental_1/data/data_blur/train/Fighting051_x264-ec2b93b6f7_1_flip_lr_blur.mp4,/content/drive/MyDrive/ucf_experiments/ciclo_experimental_1/data/data_crop/train/Fighting051_x264-ec2b93b6f7_1_flip_lr_crop.mp4,1
2474,/content/drive/MyDrive/ucf_experiments/ciclo_experimental_1/data/data_blur/train/Robbery041_x264-59a3f9192f_1_flip_lr_blur.mp4,/content/drive/MyDrive/ucf_experiments/ciclo_experimental_1/data/data_crop/train/Robbery041_x264-59a3f9192f_1_flip_lr_crop.mp4,1
2475,/content/drive/MyDrive/ucf_experiments/ciclo_experimental_1/data/data_blur/train/Robbery013_x264-19fc093dcd_1_flip_lr_blur.mp4,/content/drive/MyDrive/ucf_experiments/ciclo_experimental_1/data/data_crop/train/Robbery013_x264-19fc093dcd_1_flip_lr_crop.mp4,1
2476,/content/drive/MyDrive/ucf_experiments/ciclo_experimental_1/data/data_blur/train/Robbery019_x264-356cc734cc_1_flip_lr_blur.mp4,/content/drive/MyDrive/ucf_experiments/ciclo_experimental_1/data/data_crop/train/Robbery019_x264-356cc734cc_1_flip_lr_crop.mp4,1
2477,/content/drive/MyDrive/ucf_experiments/ciclo_experimental_1/data/data_blur/train/Abuse016_x264-4b869312ca_1_flip_lr_blur.mp4,/content/drive/MyDrive/ucf_experiments/ciclo_experimental_1/data/data_crop/train/Abuse016_x264-4b869312ca_1_flip_lr_crop.mp4,1
2478,/content/drive/MyDrive/ucf_experiments/ciclo_experimental_1/data/data_blur/train/Assault008_x264-5f2a9ed6d8_1_flip_lr_blur.mp4,/content/drive/MyDrive/ucf_experiments/ciclo_experimental_1/data/data_crop/train/Assault008_x264-5f2a9ed6d8_1_flip_lr_crop.mp4,1
2479,/content/drive/MyDrive/ucf_experiments/ciclo_experimental_1/data/data_blur/train/Arrest050_x264-3f63e1336a_0_flip_lr_blur.mp4,/content/drive/MyDrive/ucf_experiments/ciclo_experimental_1/data/data_crop/train/Arrest050_x264-3f63e1336a_0_flip_lr_crop.mp4,0
2480,/content/drive/MyDrive/ucf_experiments/ciclo_experimental_1/data/data_blur/train/Robbery042_x264-2337ae3e7b_0_flip_lr_blur.mp4,/content/drive/MyDrive/ucf_experiments/ciclo_experimental_1/data/data_crop/train/Robbery042_x264-2337ae3e7b_0_flip_lr_crop.mp4,0
2481,/content/drive/MyDrive/ucf_experiments/ciclo_experimental_1/data/data_blur/train/Robbery058_x264-213fe952d7_1_flip_lr_blur.mp4,/content/drive/MyDrive/ucf_experiments/ciclo_experimental_1/data/data_crop/train/Robbery058_x264-213fe952d7_1_flip_lr_crop.mp4,1
2482,/content/drive/MyDrive/ucf_experiments/ciclo_experimental_1/data/data_blur/train/Fighting040_x264-5a60e69ba7_1_flip_lr_blur.mp4,/content/drive/MyDrive/ucf_experiments/ciclo_experimental_1/data/data_crop/train/Fighting040_x264-5a60e69ba7_1_flip_lr_crop.mp4,1
2483,/content/drive/MyDrive/ucf_experiments/ciclo_experimental_1/data/data_blur/train/Fighting049_x264-8a46e4b64a_0_flip_lr_blur.mp4,/content/drive/MyDrive/ucf_experiments/ciclo_experimental_1/data/data_crop/train/Fighting049_x264-8a46e4b64a_0_flip_lr_crop.mp4,0
2484,/content/drive/MyDrive/ucf_experiments/ciclo_experimental_1/data/data_blur/train/Robbery012_x264-acbfbef1e4_1_flip_lr_blur.mp4,/content/drive/MyDrive/ucf_experiments/ciclo_experimental_1/data/data_crop/train/Robbery012_x264-acbfbef1e4_1_flip_lr_crop.mp4,1
2485,/content/drive/MyDrive/ucf_experiments/ciclo_experimental_1/data/data_blur/train/Assault014_x264-103d761560_0_flip_lr_blur.mp4,/content/drive/MyDrive/ucf_experiments/ciclo_experimental_1/data/data_crop/train/Assault014_x264-103d761560_0_flip_lr_crop.mp4,0
2486,/content/drive/MyDrive/ucf_experiments/ciclo_experimental_1/data/data_blur/train/Abuse034_x264-fa894b113c_0_flip_lr_blur.mp4,/content/drive/MyDrive/ucf_experiments/ciclo_experimental_1/data/data_crop/train/Abuse034_x264-fa894b113c_0_flip_lr_crop.mp4,0
2487,/content/drive/MyDrive/ucf_experiments/ciclo_experimental_1/data/data_blur/train/Robbery030_x264-019cc8b051_0_flip_lr_blur.mp4,/content/drive/MyDrive/ucf_experiments/ciclo_experimental_1/data/data_crop/train/Robbery030_x264-019cc8b051_0_flip_lr_crop.mp4,0
2488,/content/drive/MyDrive/ucf_experiments/ciclo_experimental_1/data/data_blur/train/Assault032_x264-ee2c6ea73b_1_flip_lr_blur.mp4,/content/drive/MyDrive/ucf_experiments/ciclo_experimental_1/data/data_crop/train/Assault032_x264-ee2c6ea73b_1_flip_lr_crop.mp4,1
2489,/content/drive/MyDrive/ucf_experiments/ciclo_experimental_1/data/data_blur/train/Fighting028_x264-9c00558e87_0_flip_lr_blur.mp4,/content/drive/MyDrive/ucf_experiments/ciclo_experimental_1/data/data_crop/train/Fighting028_x264-9c00558e87_0_flip_lr_crop.mp4,0
2490,/content/drive/MyDrive/ucf_experiments/ciclo_experimental_1/data/data_blur/train/Fighting007_x264-4867c5095c_0_flip_lr_blur.mp4,/content/drive/MyDrive/ucf_experiments/ciclo_experimental_1/data/data_crop/train/Fighting007_x264-4867c5095c_0_flip_lr_crop.mp4,0
2491,/content/drive/MyDrive/ucf_experiments/ciclo_experimental_1/data/data_blur/train/Fighting051_x264-055241798d_1_flip_lr_blur.mp4,/content/drive/MyDrive/ucf_experiments/ciclo_experimental_1/data/data_crop/train/Fighting051_x264-055241798d_1_flip_lr_crop.mp4,1
2492,/content/drive/MyDrive/ucf_experiments/ciclo_experimental_1/data/data_blur/train/Abuse011_x264-8d3c8e9216_1_flip_lr_blur.mp4,/content/drive/MyDrive/ucf_experiments/ciclo_experimental_1/data/data_crop/train/Abuse011_x264-8d3c8e9216_1_flip_lr_crop.mp4,1
2493,/content/drive/MyDrive/ucf_experiments/ciclo_experimental_1/data/data_blur/train/Abuse046_x264-005e9ee8c8_1_flip_lr_blur.mp4,/content/drive/MyDrive/ucf_experiments/ciclo_experimental_1/data/data_crop/train/Abuse046_x264-005e9ee8c8_1_flip_lr_crop.mp4,1
2494,/content/drive/MyDrive/ucf_experiments/ciclo_experimental_1/data/data_blur/train/Abuse021_x264-1fd099f41d_1_flip_lr_blur.mp4,/content/drive/MyDrive/ucf_experiments/ciclo_experimental_1/data/data_crop/train/Abuse021_x264-1fd099f41d_1_flip_lr_crop.mp4,1
2495,/content/drive/MyDrive/ucf_experiments/ciclo_experimental_1/data/data_blur/train/Abuse012_x264-cdaf11d349_1_flip_lr_blur.mp4,/content/drive/MyDrive/ucf_experiments/ciclo_experimental_1/data/data_crop/train/Abuse012_x264-cdaf11d349_1_flip_lr_crop.mp4,1
2496,/content/drive/MyDrive/ucf_experiments/ciclo_experimental_1/data/data_blur/train/Robbery104_x264-13fee5f4ad_1_flip_lr_blur.mp4,/content/drive/MyDrive/ucf_experiments/ciclo_experimental_1/data/data_crop/train/Robbery104_x264-13fee5f4ad_1_flip_lr_crop.mp4,1
2497,/content/drive/MyDrive/ucf_experiments/ciclo_experimental_1/data/data_blur/train/Fighting002_x264-91f2b41cdf_1_flip_lr_blur.mp4,/content/drive/MyDrive/ucf_experiments/ciclo_experimental_1/data/data_crop/train/Fighting002_x264-91f2b41cdf_1_flip_lr_crop.mp4,1
2498,/content/drive/MyDrive/ucf_experiments/ciclo_experimental_1/data/data_blur/train/Fighting050_x264-9059bc8837_0_flip_lr_blur.mp4,/content/drive/MyDrive/ucf_experiments/ciclo_experimental_1/data/data_crop/train/Fighting050_x264-9059bc8837_0_flip_lr_crop.mp4,0
2499,/content/drive/MyDrive/ucf_experiments/ciclo_experimental_1/data/data_blur/train/Robbery009_x264-79df1d17e6_1_flip_lr_blur.mp4,/content/drive/MyDrive/ucf_experiments/ciclo_experimental_1/data/data_crop/train/Robbery009_x264-79df1d17e6_1_flip_lr_crop.mp4,1
2500,/content/drive/MyDrive/ucf_experiments/ciclo_experimental_1/data/data_blur/train/Arrest020_x264-984fea0d91_0_flip_lr_blur.mp4,/content/drive/MyDrive/ucf_experiments/ciclo_experimental_1/data/data_crop/train/Arrest020_x264-984fea0d91_0_flip_lr_crop.mp4,0
2501,/content/drive/MyDrive/ucf_experiments/ciclo_experimental_1/data/data_blur/train/Assault014_x264-a4cd31ef72_0_flip_lr_blur.mp4,/content/drive/MyDrive/ucf_experiments/ciclo_experimental_1/data/data_crop/train/Assault014_x264-a4cd31ef72_0_flip_lr_crop.mp4,0
2502,/content/drive/MyDrive/ucf_experiments/ciclo_experimental_1/data/data_blur/train/Abuse008_x264-c8053e81b3_0_flip_lr_blur.mp4,/content/drive/MyDrive/ucf_experiments/ciclo_experimental_1/data/data_crop/train/Abuse008_x264-c8053e81b3_0_flip_lr_crop.mp4,0
2503,/content/drive/MyDrive/ucf_experiments/ciclo_experimental_1/data/data_blur/train/Arrest011_x264-f9c2310ede_1_flip_lr_blur.mp4,/content/drive/MyDrive/ucf_experiments/ciclo_experimental_1/data/data_crop/train/Arrest011_x264-f9c2310ede_1_flip_lr_crop.mp4,1
2504,/content/drive/MyDrive/ucf_experiments/ciclo_experimental_1/data/data_blur/train/Robbery031_x264-02bcc99958_1_flip_lr_blur.mp4,/content/drive/MyDrive/ucf_experiments/ciclo_experimental_1/data/data_crop/train/Robbery031_x264-02bcc99958_1_flip_lr_crop.mp4,1
2505,/content/drive/MyDrive/ucf_experiments/ciclo_experimental_1/data/data_blur/train/Robbery021_x264-e1bfbe570d_0_flip_lr_blur.mp4,/content/drive/MyDrive/ucf_experiments/ciclo_experimental_1/data/data_crop/train/Robbery021_x264-e1bfbe570d_0_flip_lr_crop.mp4,0
2506,/content/drive/MyDrive/ucf_experiments/ciclo_experimental_1/data/data_blur/train/Assault002_x264-72d9dd618e_0_flip_lr_blur.mp4,/content/drive/MyDrive/ucf_experiments/ciclo_experimental_1/data/data_crop/train/Assault002_x264-72d9dd618e_0_flip_lr_crop.mp4,0
2507,/content/drive/MyDrive/ucf_experiments/ciclo_experimental_1/data/data_blur/train/Abuse005_x264-d0019f2a76_0_flip_lr_blur.mp4,/content/drive/MyDrive/ucf_experiments/ciclo_experimental_1/data/data_crop/train/Abuse005_x264-d0019f2a76_0_flip_lr_crop.mp4,0
2508,/content/drive/MyDrive/ucf_experiments/ciclo_experimental_1/data/data_blur/train/Fighting050_x264-118e674dda_1_flip_lr_blur.mp4,/content/drive/MyDrive/ucf_experiments/ciclo_experimental_1/data/data_crop/train/Fighting050_x264-118e674dda_1_flip_lr_crop.mp4,1
2509,/content/drive/MyDrive/ucf_experiments/ciclo_experimental_1/data/data_blur/train/Abuse040_x264-4659ae667f_1_flip_lr_blur.mp4,/content/drive/MyDrive/ucf_experiments/ciclo_experimental_1/data/data_crop/train/Abuse040_x264-4659ae667f_1_flip_lr_crop.mp4,1
2510,/content/drive/MyDrive/ucf_experiments/ciclo_experimental_1/data/data_blur/train/Fighting035_x264-5e3b4c8f9a_0_flip_lr_blur.mp4,/content/drive/MyDrive/ucf_experiments/ciclo_experimental_1/data/data_crop/train/Fighting035_x264-5e3b4c8f9a_0_flip_lr_crop.mp4,0
2511,/content/drive/MyDrive/ucf_experiments/ciclo_experimental_1/data/data_blur/train/Robbery028_x264-cdc48bc6f1_1_flip_lr_blur.mp4,/content/drive/MyDrive/ucf_experiments/ciclo_experimental_1/data/data_crop/train/Robbery028_x264-cdc48bc6f1_1_flip_lr_crop.mp4,1
2512,/content/drive/MyDrive/ucf_experiments/ciclo_experimental_1/data/data_blur/train/Robbery033_x264-b01357b43c_1_flip_lr_blur.mp4,/content/drive/MyDrive/ucf_experiments/ciclo_experimental_1/data/data_crop/train/Robbery033_x264-b01357b43c_1_flip_lr_crop.mp4,1
2513,/content/drive/MyDrive/ucf_experiments/ciclo_experimental_1/data/data_blur/train/Robbery034_x264-0e09fee966_1_flip_lr_blur.mp4,/content/drive/MyDrive/ucf_experiments/ciclo_experimental_1/data/data_crop/train/Robbery034_x264-0e09fee966_1_flip_lr_crop.mp4,1
2514,/content/drive/MyDrive/ucf_experiments/ciclo_experimental_1/data/data_blur/train/Robbery019_x264-14555788dc_1_flip_lr_blur.mp4,/content/drive/MyDrive/ucf_experiments/ciclo_experimental_1/data/data_crop/train/Robbery019_x264-14555788dc_1_flip_lr_crop.mp4,1
2515,/content/drive/MyDrive/ucf_experiments/ciclo_experimental_1/data/data_blur/train/Abuse022_x264-42aeb0b12a_0_flip_lr_blur.mp4,/content/drive/MyDrive/ucf_experiments/ciclo_experimental_1/data/data_crop/train/Abuse022_x264-42aeb0b12a_0_flip_lr_crop.mp4,0
2516,/content/drive/MyDrive/ucf_experiments/ciclo_experimental_1/data/data_blur/train/Robbery026_x264-352eadc22b_0_flip_lr_blur.mp4,/content/drive/MyDrive/ucf_experiments/ciclo_experimental_1/data/data_crop/train/Robbery026_x264-352eadc22b_0_flip_lr_crop.mp4,0
2517,/content/drive/MyDrive/ucf_experiments/ciclo_experimental_1/data/data_blur/train/Fighting006_x264-f80b991ba6_0_flip_lr_blur.mp4,/content/drive/MyDrive/ucf_experiments/ciclo_experimental_1/data/data_crop/train/Fighting006_x264-f80b991ba6_0_flip_lr_crop.mp4,0
2518,/content/drive/MyDrive/ucf_experiments/ciclo_experimental_1/data/data_blur/train/Fighting040_x264-b62f61e6ee_0_flip_lr_blur.mp4,/content/drive/MyDrive/ucf_experiments/ciclo_experimental_1/data/data_crop/train/Fighting040_x264-b62f61e6ee_0_flip_lr_crop.mp4,0
2519,/content/drive/MyDrive/ucf_experiments/ciclo_experimental_1/data/data_blur/train/Arrest029_x264-611b391e2f_0_flip_lr_blur.mp4,/content/drive/MyDrive/ucf_experiments/ciclo_experimental_1/data/data_crop/train/Arrest029_x264-611b391e2f_0_flip_lr_crop.mp4,0
2520,/content/drive/MyDrive/ucf_experiments/ciclo_experimental_1/data/data_blur/train/Abuse012_x264-8360036492_0_flip_lr_blur.mp4,/content/drive/MyDrive/ucf_experiments/ciclo_experimental_1/data/data_crop/train/Abuse012_x264-8360036492_0_flip_lr_crop.mp4,0
2521,/content/drive/MyDrive/ucf_experiments/ciclo_experimental_1/data/data_blur/train/Assault052_x264-b903b2f848_1_flip_lr_blur.mp4,/content/drive/MyDrive/ucf_experiments/ciclo_experimental_1/data/data_crop/train/Assault052_x264-b903b2f848_1_flip_lr_crop.mp4,1
2522,/content/drive/MyDrive/ucf_experiments/ciclo_experimental_1/data/data_blur/train/Abuse023_x264-c2009722c9_1_flip_lr_blur.mp4,/content/drive/MyDrive/ucf_experiments/ciclo_experimental_1/data/data_crop/train/Abuse023_x264-c2009722c9_1_flip_lr_crop.mp4,1
2523,/content/drive/MyDrive/ucf_experiments/ciclo_experimental_1/data/data_blur/train/Assault026_x264-f7815cfa5c_1_flip_lr_blur.mp4,/content/drive/MyDrive/ucf_experiments/ciclo_experimental_1/data/data_crop/train/Assault026_x264-f7815cfa5c_1_flip_lr_crop.mp4,1
2524,/content/drive/MyDrive/ucf_experiments/ciclo_experimental_1/data/data_blur/train/Arrest029_x264-10d4429309_1_flip_lr_blur.mp4,/content/drive/MyDrive/ucf_experiments/ciclo_experimental_1/data/data_crop/train/Arrest029_x264-10d4429309_1_flip_lr_crop.mp4,1
2525,/content/drive/MyDrive/ucf_experiments/ciclo_experimental_1/data/data_blur/train/Robbery062_x264-0d74c7a6bb_0_flip_lr_blur.mp4,/content/drive/MyDrive/ucf_experiments/ciclo_experimental_1/data/data_crop/train/Robbery062_x264-0d74c7a6bb_0_flip_lr_crop.mp4,0
2526,/content/drive/MyDrive/ucf_experiments/ciclo_experimental_1/data/data_blur/train/Fighting004_x264-b547688cd2_1_flip_lr_blur.mp4,/content/drive/MyDrive/ucf_experiments/ciclo_experimental_1/data/data_crop/train/Fighting004_x264-b547688cd2_1_flip_lr_crop.mp4,1
2527,/content/drive/MyDrive/ucf_experiments/ciclo_experimental_1/data/data_blur/train/Robbery032_x264-b837992fd4_0_flip_lr_blur.mp4,/content/drive/MyDrive/ucf_experiments/ciclo_experimental_1/data/data_crop/train/Robbery032_x264-b837992fd4_0_flip_lr_crop.mp4,0
2528,/content/drive/MyDrive/ucf_experiments/ciclo_experimental_1/data/data_blur/train/Assault032_x264-d66818d0c8_0_flip_lr_blur.mp4,/content/drive/MyDrive/ucf_experiments/ciclo_experimental_1/data/data_crop/train/Assault032_x264-d66818d0c8_0_flip_lr_crop.mp4,0
2529,/content/drive/MyDrive/ucf_experiments/ciclo_experimental_1/data/data_blur/train/Robbery087_x264-32d7008c15_0_flip_lr_blur.mp4,/content/drive/MyDrive/ucf_experiments/ciclo_experimental_1/data/data_crop/train/Robbery087_x264-32d7008c15_0_flip_lr_crop.mp4,0
2530,/content/drive/MyDrive/ucf_experiments/ciclo_experimental_1/data/data_blur/train/Fighting028_x264-02ec276d62_1_flip_lr_blur.mp4,/content/drive/MyDrive/ucf_experiments/ciclo_experimental_1/data/data_crop/train/Fighting028_x264-02ec276d62_1_flip_lr_crop.mp4,1
2531,/content/drive/MyDrive/ucf_experiments/ciclo_experimental_1/data/data_blur/train/Arrest038_x264-681fd89d33_0_flip_lr_blur.mp4,/content/drive/MyDrive/ucf_experiments/ciclo_experimental_1/data/data_crop/train/Arrest038_x264-681fd89d33_0_flip_lr_crop.mp4,0
2532,/content/drive/MyDrive/ucf_experiments/ciclo_experimental_1/data/data_blur/train/Abuse014_x264-68ba4a4777_0_flip_lr_blur.mp4,/content/drive/MyDrive/ucf_experiments/ciclo_experimental_1/data/data_crop/train/Abuse014_x264-68ba4a4777_0_flip_lr_crop.mp4,0
2533,/content/drive/MyDrive/ucf_experiments/ciclo_experimental_1/data/data_blur/train/Arrest011_x264-be5fe2d6a0_1_flip_lr_blur.mp4,/content/drive/MyDrive/ucf_experiments/ciclo_experimental_1/data/data_crop/train/Arrest011_x264-be5fe2d6a0_1_flip_lr_crop.mp4,1
2534,/content/drive/MyDrive/ucf_experiments/ciclo_experimental_1/data/data_blur/train/Abuse043_x264-a1da571690_1_flip_lr_blur.mp4,/content/drive/MyDrive/ucf_experiments/ciclo_experimental_1/data/data_crop/train/Abuse043_x264-a1da571690_1_flip_lr_crop.mp4,1
2535,/content/drive/MyDrive/ucf_experiments/ciclo_experimental_1/data/data_blur/train/Robbery105_x264-d19bf1ae4b_0_flip_lr_blur.mp4,/content/drive/MyDrive/ucf_experiments/ciclo_experimental_1/data/data_crop/train/Robbery105_x264-d19bf1ae4b_0_flip_lr_crop.mp4,0
2536,/content/drive/MyDrive/ucf_experiments/ciclo_experimental_1/data/data_blur/train/Assault033_x264-813a0b85c0_1_flip_lr_blur.mp4,/content/drive/MyDrive/ucf_experiments/ciclo_experimental_1/data/data_crop/train/Assault033_x264-813a0b85c0_1_flip_lr_crop.mp4,1
2537,/content/drive/MyDrive/ucf_experiments/ciclo_experimental_1/data/data_blur/train/Assault032_x264-b5a1c1ae20_0_flip_lr_blur.mp4,/content/drive/MyDrive/ucf_experiments/ciclo_experimental_1/data/data_crop/train/Assault032_x264-b5a1c1ae20_0_flip_lr_crop.mp4,0
2538,/content/drive/MyDrive/ucf_experiments/ciclo_experimental_1/data/data_blur/train/Assault004_x264-1f901b8514_0_flip_lr_blur.mp4,/content/drive/MyDrive/ucf_experiments/ciclo_experimental_1/data/data_crop/train/Assault004_x264-1f901b8514_0_flip_lr_crop.mp4,0
2539,/content/drive/MyDrive/ucf_experiments/ciclo_experimental_1/data/data_blur/train/Abuse018_x264-1cb669c13f_1_flip_lr_blur.mp4,/content/drive/MyDrive/ucf_experiments/ciclo_experimental_1/data/data_crop/train/Abuse018_x264-1cb669c13f_1_flip_lr_crop.mp4,1
2540,/content/drive/MyDrive/ucf_experiments/ciclo_experimental_1/data/data_blur/train/Arrest013_x264-632e63bc27_0_flip_lr_blur.mp4,/content/drive/MyDrive/ucf_experiments/ciclo_experimental_1/data/data_crop/train/Arrest013_x264-632e63bc27_0_flip_lr_crop.mp4,0
2541,/content/drive/MyDrive/ucf_experiments/ciclo_experimental_1/data/data_blur/train/Abuse011_x264-58f0253545_1_flip_lr_blur.mp4,/content/drive/MyDrive/ucf_experiments/ciclo_experimental_1/data/data_crop/train/Abuse011_x264-58f0253545_1_flip_lr_crop.mp4,1
2542,/content/drive/MyDrive/ucf_experiments/ciclo_experimental_1/data/data_blur/train/Arrest046_x264-5920a5f64e_1_flip_lr_blur.mp4,/content/drive/MyDrive/ucf_experiments/ciclo_experimental_1/data/data_crop/train/Arrest046_x264-5920a5f64e_1_flip_lr_crop.mp4,1
2543,/content/drive/MyDrive/ucf_experiments/ciclo_experimental_1/data/data_blur/train/Assault030_x264-8d0ee46c06_1_flip_lr_blur.mp4,/content/drive/MyDrive/ucf_experiments/ciclo_experimental_1/data/data_crop/train/Assault030_x264-8d0ee46c06_1_flip_lr_crop.mp4,1
2544,/content/drive/MyDrive/ucf_experiments/ciclo_experimental_1/data/data_blur/train/Assault041_x264-cdde006159_0_flip_lr_blur.mp4,/content/drive/MyDrive/ucf_experiments/ciclo_experimental_1/data/data_crop/train/Assault041_x264-cdde006159_0_flip_lr_crop.mp4,0
2545,/content/drive/MyDrive/ucf_experiments/ciclo_experimental_1/data/data_blur/train/Abuse021_x264-0cdb97de20_1_flip_lr_blur.mp4,/content/drive/MyDrive/ucf_experiments/ciclo_experimental_1/data/data_crop/train/Abuse021_x264-0cdb97de20_1_flip_lr_crop.mp4,1
2546,/content/drive/MyDrive/ucf_experiments/ciclo_experimental_1/data/data_blur/train/Assault033_x264-fd16d0c281_1_flip_lr_blur.mp4,/content/drive/MyDrive/ucf_experiments/ciclo_experimental_1/data/data_crop/train/Assault033_x264-fd16d0c281_1_flip_lr_crop.mp4,1
2547,/content/drive/MyDrive/ucf_experiments/ciclo_experimental_1/data/data_blur/train/Robbery013_x264-b88550ba08_1_flip_lr_blur.mp4,/content/drive/MyDrive/ucf_experiments/ciclo_experimental_1/data/data_crop/train/Robbery013_x264-b88550ba08_1_flip_lr_crop.mp4,1
2548,/content/drive/MyDrive/ucf_experiments/ciclo_experimental_1/data/data_blur/train/Assault050_x264-68bdd17fa6_1_flip_lr_blur.mp4,/content/drive/MyDrive/ucf_experiments/ciclo_experimental_1/data/data_crop/train/Assault050_x264-68bdd17fa6_1_flip_lr_crop.mp4,1
2549,/content/drive/MyDrive/ucf_experiments/ciclo_experimental_1/data/data_blur/train/Assault047_x264-3c0d91c4b4_0_flip_lr_blur.mp4,/content/drive/MyDrive/ucf_experiments/ciclo_experimental_1/data/data_crop/train/Assault047_x264-3c0d91c4b4_0_flip_lr_crop.mp4,0
2550,/content/drive/MyDrive/ucf_experiments/ciclo_experimental_1/data/data_blur/train/Fighting036_x264-7e7c3253b9_1_flip_lr_blur.mp4,/content/drive/MyDrive/ucf_experiments/ciclo_experimental_1/data/data_crop/train/Fighting036_x264-7e7c3253b9_1_flip_lr_crop.mp4,1
2551,/content/drive/MyDrive/ucf_experiments/ciclo_experimental_1/data/data_blur/train/Assault030_x264-bda4752d82_1_flip_lr_blur.mp4,/content/drive/MyDrive/ucf_experiments/ciclo_experimental_1/data/data_crop/train/Assault030_x264-bda4752d82_1_flip_lr_crop.mp4,1
2552,/content/drive/MyDrive/ucf_experiments/ciclo_experimental_1/data/data_blur/train/Robbery019_x264-bf94526b9f_1_flip_lr_blur.mp4,/content/drive/MyDrive/ucf_experiments/ciclo_experimental_1/data/data_crop/train/Robbery019_x264-bf94526b9f_1_flip_lr_crop.mp4,1
2553,/content/drive/MyDrive/ucf_experiments/ciclo_experimental_1/data/data_blur/train/Assault001_x264-eb27cd3c63_0_flip_lr_blur.mp4,/content/drive/MyDrive/ucf_experiments/ciclo_experimental_1/data/data_crop/train/Assault001_x264-eb27cd3c63_0_flip_lr_crop.mp4,0
2554,/content/drive/MyDrive/ucf_experiments/ciclo_experimental_1/data/data_blur/train/Fighting016_x264-3da6711719_0_flip_lr_blur.mp4,/content/drive/MyDrive/ucf_experiments/ciclo_experimental_1/data/data_crop/train/Fighting016_x264-3da6711719_0_flip_lr_crop.mp4,0
2555,/content/drive/MyDrive/ucf_experiments/ciclo_experimental_1/data/data_blur/train/Assault044_x264-4075f9307f_0_flip_lr_blur.mp4,/content/drive/MyDrive/ucf_experiments/ciclo_experimental_1/data/data_crop/train/Assault044_x264-4075f9307f_0_flip_lr_crop.mp4,0
2556,/content/drive/MyDrive/ucf_experiments/ciclo_experimental_1/data/data_blur/train/Robbery037_x264-63f863d971_1_flip_lr_blur.mp4,/content/drive/MyDrive/ucf_experiments/ciclo_experimental_1/data/data_crop/train/Robbery037_x264-63f863d971_1_flip_lr_crop.mp4,1
2557,/content/drive/MyDrive/ucf_experiments/ciclo_experimental_1/data/data_blur/train/Abuse048_x264-5a17b16c08_0_flip_lr_blur.mp4,/content/drive/MyDrive/ucf_experiments/ciclo_experimental_1/data/data_crop/train/Abuse048_x264-5a17b16c08_0_flip_lr_crop.mp4,0
2558,/content/drive/MyDrive/ucf_experiments/ciclo_experimental_1/data/data_blur/train/Assault014_x264-221a7b6e26_0_flip_lr_blur.mp4,/content/drive/MyDrive/ucf_experiments/ciclo_experimental_1/data/data_crop/train/Assault014_x264-221a7b6e26_0_flip_lr_crop.mp4,0
2559,/content/drive/MyDrive/ucf_experiments/ciclo_experimental_1/data/data_blur/train/Arrest043_x264-6961adc222_1_flip_lr_blur.mp4,/content/drive/MyDrive/ucf_experiments/ciclo_experimental_1/data/data_crop/train/Arrest043_x264-6961adc222_1_flip_lr_crop.mp4,1
2560,/content/drive/MyDrive/ucf_experiments/ciclo_experimental_1/data/data_blur/train/Fighting007_x264-c431b904c1_0_flip_lr_blur.mp4,/content/drive/MyDrive/ucf_experiments/ciclo_experimental_1/data/data_crop/train/Fighting007_x264-c431b904c1_0_flip_lr_crop.mp4,0
2561,/content/drive/MyDrive/ucf_experiments/ciclo_experimental_1/data/data_blur/train/Fighting006_x264-5a653f8ae9_1_flip_lr_blur.mp4,/content/drive/MyDrive/ucf_experiments/ciclo_experimental_1/data/data_crop/train/Fighting006_x264-5a653f8ae9_1_flip_lr_crop.mp4,1
2562,/content/drive/MyDrive/ucf_experiments/ciclo_experimental_1/data/data_blur/train/Robbery100_x264-9f86fab348_1_flip_lr_blur.mp4,/content/drive/MyDrive/ucf_experiments/ciclo_experimental_1/data/data_crop/train/Robbery100_x264-9f86fab348_1_flip_lr_crop.mp4,1
2563,/content/drive/MyDrive/ucf_experiments/ciclo_experimental_1/data/data_blur/train/Fighting026_x264-3dbf89fcc5_1_flip_lr_blur.mp4,/content/drive/MyDrive/ucf_experiments/ciclo_experimental_1/data/data_crop/train/Fighting026_x264-3dbf89fcc5_1_flip_lr_crop.mp4,1
2564,/content/drive/MyDrive/ucf_experiments/ciclo_experimental_1/data/data_blur/train/Abuse023_x264-f8a65e037a_0_flip_lr_blur.mp4,/content/drive/MyDrive/ucf_experiments/ciclo_experimental_1/data/data_crop/train/Abuse023_x264-f8a65e037a_0_flip_lr_crop.mp4,0
2565,/content/drive/MyDrive/ucf_experiments/ciclo_experimental_1/data/data_blur/train/Assault044_x264-65fab003f9_0_flip_lr_blur.mp4,/content/drive/MyDrive/ucf_experiments/ciclo_experimental_1/data/data_crop/train/Assault044_x264-65fab003f9_0_flip_lr_crop.mp4,0
2566,/content/drive/MyDrive/ucf_experiments/ciclo_experimental_1/data/data_blur/train/Arrest006_x264-b68f3a9e4a_1_flip_lr_blur.mp4,/content/drive/MyDrive/ucf_experiments/ciclo_experimental_1/data/data_crop/train/Arrest006_x264-b68f3a9e4a_1_flip_lr_crop.mp4,1
2567,/content/drive/MyDrive/ucf_experiments/ciclo_experimental_1/data/data_blur/train/Arrest033_x264-ff08576071_1_flip_lr_blur.mp4,/content/drive/MyDrive/ucf_experiments/ciclo_experimental_1/data/data_crop/train/Arrest033_x264-ff08576071_1_flip_lr_crop.mp4,1
2568,/content/drive/MyDrive/ucf_experiments/ciclo_experimental_1/data/data_blur/train/Arrest021_x264-d01e44df9c_1_flip_lr_blur.mp4,/content/drive/MyDrive/ucf_experiments/ciclo_experimental_1/data/data_crop/train/Arrest021_x264-d01e44df9c_1_flip_lr_crop.mp4,1
2569,/content/drive/MyDrive/ucf_experiments/ciclo_experimental_1/data/data_blur/train/Assault016_x264-66bab3539a_1_flip_lr_blur.mp4,/content/drive/MyDrive/ucf_experiments/ciclo_experimental_1/data/data_crop/train/Assault016_x264-66bab3539a_1_flip_lr_crop.mp4,1
2570,/content/drive/MyDrive/ucf_experiments/ciclo_experimental_1/data/data_blur/train/Assault015_x264-ad8475ff73_0_flip_lr_blur.mp4,/content/drive/MyDrive/ucf_experiments/ciclo_experimental_1/data/data_crop/train/Assault015_x264-ad8475ff73_0_flip_lr_crop.mp4,0
2571,/content/drive/MyDrive/ucf_experiments/ciclo_experimental_1/data/data_blur/train/Abuse022_x264-e7a5116a4c_1_flip_lr_blur.mp4,/content/drive/MyDrive/ucf_experiments/ciclo_experimental_1/data/data_crop/train/Abuse022_x264-e7a5116a4c_1_flip_lr_crop.mp4,1
2572,/content/drive/MyDrive/ucf_experiments/ciclo_experimental_1/data/data_blur/train/Robbery011_x264-ac73bcc371_1_flip_lr_blur.mp4,/content/drive/MyDrive/ucf_experiments/ciclo_experimental_1/data/data_crop/train/Robbery011_x264-ac73bcc371_1_flip_lr_crop.mp4,1
2573,/content/drive/MyDrive/ucf_experiments/ciclo_experimental_1/data/data_blur/train/Robbery014_x264-f5d3e08669_0_flip_lr_blur.mp4,/content/drive/MyDrive/ucf_experiments/ciclo_experimental_1/data/data_crop/train/Robbery014_x264-f5d3e08669_0_flip_lr_crop.mp4,0
2574,/content/drive/MyDrive/ucf_experiments/ciclo_experimental_1/data/data_blur/train/Fighting013_x264-cf1c5fcfc2_1_flip_lr_blur.mp4,/content/drive/MyDrive/ucf_experiments/ciclo_experimental_1/data/data_crop/train/Fighting013_x264-cf1c5fcfc2_1_flip_lr_crop.mp4,1
2575,/content/drive/MyDrive/ucf_experiments/ciclo_experimental_1/data/data_blur/train/Robbery104_x264-8294c34611_0_flip_lr_blur.mp4,/content/drive/MyDrive/ucf_experiments/ciclo_experimental_1/data/data_crop/train/Robbery104_x264-8294c34611_0_flip_lr_crop.mp4,0
2576,/content/drive/MyDrive/ucf_experiments/ciclo_experimental_1/data/data_blur/train/Fighting050_x264-afbda578ce_1_flip_lr_blur.mp4,/content/drive/MyDrive/ucf_experiments/ciclo_experimental_1/data/data_crop/train/Fighting050_x264-afbda578ce_1_flip_lr_crop.mp4,1
2577,/content/drive/MyDrive/ucf_experiments/ciclo_experimental_1/data/data_blur/train/Assault028_x264-152a09ca28_1_flip_lr_blur.mp4,/content/drive/MyDrive/ucf_experiments/ciclo_experimental_1/data/data_crop/train/Assault028_x264-152a09ca28_1_flip_lr_crop.mp4,1
2578,/content/drive/MyDrive/ucf_experiments/ciclo_experimental_1/data/data_blur/train/Arrest029_x264-5e71a08fa9_1_flip_lr_blur.mp4,/content/drive/MyDrive/ucf_experiments/ciclo_experimental_1/data/data_crop/train/Arrest029_x264-5e71a08fa9_1_flip_lr_crop.mp4,1
2579,/content/drive/MyDrive/ucf_experiments/ciclo_experimental_1/data/data_blur/train/Arrest025_x264-51a21cb90c_1_flip_lr_blur.mp4,/content/drive/MyDrive/ucf_experiments/ciclo_experimental_1/data/data_crop/train/Arrest025_x264-51a21cb90c_1_flip_lr_crop.mp4,1
2580,/content/drive/MyDrive/ucf_experiments/ciclo_experimental_1/data/data_blur/train/Robbery033_x264-9d5e152e3a_1_flip_lr_blur.mp4,/content/drive/MyDrive/ucf_experiments/ciclo_experimental_1/data/data_crop/train/Robbery033_x264-9d5e152e3a_1_flip_lr_crop.mp4,1
2581,/content/drive/MyDrive/ucf_experiments/ciclo_experimental_1/data/data_blur/train/Robbery026_x264-4c2f3ad8ac_0_flip_lr_blur.mp4,/content/drive/MyDrive/ucf_experiments/ciclo_experimental_1/data/data_crop/train/Robbery026_x264-4c2f3ad8ac_0_flip_lr_crop.mp4,0
2582,/content/drive/MyDrive/ucf_experiments/ciclo_experimental_1/data/data_blur/train/Fighting010_x264-c5a8a256d7_0_flip_lr_blur.mp4,/content/drive/MyDrive/ucf_experiments/ciclo_experimental_1/data/data_crop/train/Fighting010_x264-c5a8a256d7_0_flip_lr_crop.mp4,0
2583,/content/drive/MyDrive/ucf_experiments/ciclo_experimental_1/data/data_blur/train/Robbery024_x264-7fc347ac4a_1_flip_lr_blur.mp4,/content/drive/MyDrive/ucf_experiments/ciclo_experimental_1/data/data_crop/train/Robbery024_x264-7fc347ac4a_1_flip_lr_crop.mp4,1
2584,/content/drive/MyDrive/ucf_experiments/ciclo_experimental_1/data/data_blur/train/Robbery012_x264-23987a0afa_1_flip_lr_blur.mp4,/content/drive/MyDrive/ucf_experiments/ciclo_experimental_1/data/data_crop/train/Robbery012_x264-23987a0afa_1_flip_lr_crop.mp4,1
2585,/content/drive/MyDrive/ucf_experiments/ciclo_experimental_1/data/data_blur/train/Robbery035_x264-fc835ffd55_1_flip_lr_blur.mp4,/content/drive/MyDrive/ucf_experiments/ciclo_experimental_1/data/data_crop/train/Robbery035_x264-fc835ffd55_1_flip_lr_crop.mp4,1
2586,/content/drive/MyDrive/ucf_experiments/ciclo_experimental_1/data/data_blur/train/Arrest009_x264-be7d38450d_0_flip_lr_blur.mp4,/content/drive/MyDrive/ucf_experiments/ciclo_experimental_1/data/data_crop/train/Arrest009_x264-be7d38450d_0_flip_lr_crop.mp4,0
2587,/content/drive/MyDrive/ucf_experiments/ciclo_experimental_1/data/data_blur/train/Abuse042_x264-a245cc6d10_0_flip_lr_blur.mp4,/content/drive/MyDrive/ucf_experiments/ciclo_experimental_1/data/data_crop/train/Abuse042_x264-a245cc6d10_0_flip_lr_crop.mp4,0
2588,/content/drive/MyDrive/ucf_experiments/ciclo_experimental_1/data/data_blur/train/Abuse017_x264-0b94a86728_0_flip_lr_blur.mp4,/content/drive/MyDrive/ucf_experiments/ciclo_experimental_1/data/data_crop/train/Abuse017_x264-0b94a86728_0_flip_lr_crop.mp4,0
2589,/content/drive/MyDrive/ucf_experiments/ciclo_experimental_1/data/data_blur/train/Robbery066_x264-82ceadb694_1_flip_lr_blur.mp4,/content/drive/MyDrive/ucf_experiments/ciclo_experimental_1/data/data_crop/train/Robbery066_x264-82ceadb694_1_flip_lr_crop.mp4,1
2590,/content/drive/MyDrive/ucf_experiments/ciclo_experimental_1/data/data_blur/train/Arrest008_x264-e1ac5f53bc_0_flip_lr_blur.mp4,/content/drive/MyDrive/ucf_experiments/ciclo_experimental_1/data/data_crop/train/Arrest008_x264-e1ac5f53bc_0_flip_lr_crop.mp4,0
2591,/content/drive/MyDrive/ucf_experiments/ciclo_experimental_1/data/data_blur/train/Abuse009_x264-351842d014_0_flip_lr_blur.mp4,/content/drive/MyDrive/ucf_experiments/ciclo_experimental_1/data/data_crop/train/Abuse009_x264-351842d014_0_flip_lr_crop.mp4,0
2592,/content/drive/MyDrive/ucf_experiments/ciclo_experimental_1/data/data_blur/train/Robbery053_x264-f46d17ac3f_1_flip_lr_blur.mp4,/content/drive/MyDrive/ucf_experiments/ciclo_experimental_1/data/data_crop/train/Robbery053_x264-f46d17ac3f_1_flip_lr_crop.mp4,1
2593,/content/drive/MyDrive/ucf_experiments/ciclo_experimental_1/data/data_blur/train/Assault049_x264-7d5b493ef3_0_flip_lr_blur.mp4,/content/drive/MyDrive/ucf_experiments/ciclo_experimental_1/data/data_crop/train/Assault049_x264-7d5b493ef3_0_flip_lr_crop.mp4,0
2594,/content/drive/MyDrive/ucf_experiments/ciclo_experimental_1/data/data_blur/train/Robbery071_x264-4c33a35595_0_flip_lr_blur.mp4,/content/drive/MyDrive/ucf_experiments/ciclo_experimental_1/data/data_crop/train/Robbery071_x264-4c33a35595_0_flip_lr_crop.mp4,0
2595,/content/drive/MyDrive/ucf_experiments/ciclo_experimental_1/data/data_blur/train/Robbery019_x264-42ed8e8510_1_flip_lr_blur.mp4,/content/drive/MyDrive/ucf_experiments/ciclo_experimental_1/data/data_crop/train/Robbery019_x264-42ed8e8510_1_flip_lr_crop.mp4,1
2596,/content/drive/MyDrive/ucf_experiments/ciclo_experimental_1/data/data_blur/train/Fighting046_x264-fc7ba3433d_0_flip_lr_blur.mp4,/content/drive/MyDrive/ucf_experiments/ciclo_experimental_1/data/data_crop/train/Fighting046_x264-fc7ba3433d_0_flip_lr_crop.mp4,0
2597,/content/drive/MyDrive/ucf_experiments/ciclo_experimental_1/data/data_blur/train/Assault005_x264-dda0ad163f_0_flip_lr_blur.mp4,/content/drive/MyDrive/ucf_experiments/ciclo_experimental_1/data/data_crop/train/Assault005_x264-dda0ad163f_0_flip_lr_crop.mp4,0
2598,/content/drive/MyDrive/ucf_experiments/ciclo_experimental_1/data/data_blur/train/Assault015_x264-865323d8af_1_flip_lr_blur.mp4,/content/drive/MyDrive/ucf_experiments/ciclo_experimental_1/data/data_crop/train/Assault015_x264-865323d8af_1_flip_lr_crop.mp4,1
2599,/content/drive/MyDrive/ucf_experiments/ciclo_experimental_1/data/data_blur/train/Abuse014_x264-f1bb872021_0_flip_lr_blur.mp4,/content/drive/MyDrive/ucf_experiments/ciclo_experimental_1/data/data_crop/train/Abuse014_x264-f1bb872021_0_flip_lr_crop.mp4,0
2600,/content/drive/MyDrive/ucf_experiments/ciclo_experimental_1/data/data_blur/train/Abuse012_x264-5e802125a1_1_flip_lr_blur.mp4,/content/drive/MyDrive/ucf_experiments/ciclo_experimental_1/data/data_crop/train/Abuse012_x264-5e802125a1_1_flip_lr_crop.mp4,1
2601,/content/drive/MyDrive/ucf_experiments/ciclo_experimental_1/data/data_blur/train/Fighting009_x264-3cebde58ce_0_flip_lr_blur.mp4,/content/drive/MyDrive/ucf_experiments/ciclo_experimental_1/data/data_crop/train/Fighting009_x264-3cebde58ce_0_flip_lr_crop.mp4,0
2602,/content/drive/MyDrive/ucf_experiments/ciclo_experimental_1/data/data_blur/train/Abuse026_x264-6d436ce9b7_1_flip_lr_blur.mp4,/content/drive/MyDrive/ucf_experiments/ciclo_experimental_1/data/data_crop/train/Abuse026_x264-6d436ce9b7_1_flip_lr_crop.mp4,1
2603,/content/drive/MyDrive/ucf_experiments/ciclo_experimental_1/data/data_blur/train/Robbery087_x264-1ab7295cc0_0_flip_lr_blur.mp4,/content/drive/MyDrive/ucf_experiments/ciclo_experimental_1/data/data_crop/train/Robbery087_x264-1ab7295cc0_0_flip_lr_crop.mp4,0
2604,/content/drive/MyDrive/ucf_experiments/ciclo_experimental_1/data/data_blur/train/Fighting030_x264-807ebd2375_0_flip_lr_blur.mp4,/content/drive/MyDrive/ucf_experiments/ciclo_experimental_1/data/data_crop/train/Fighting030_x264-807ebd2375_0_flip_lr_crop.mp4,0
2605,/content/drive/MyDrive/ucf_experiments/ciclo_experimental_1/data/data_blur/train/Assault025_x264-ef590ff1f4_1_flip_lr_blur.mp4,/content/drive/MyDrive/ucf_experiments/ciclo_experimental_1/data/data_crop/train/Assault025_x264-ef590ff1f4_1_flip_lr_crop.mp4,1
2606,/content/drive/MyDrive/ucf_experiments/ciclo_experimental_1/data/data_blur/train/Assault050_x264-a26716d059_1_flip_lr_blur.mp4,/content/drive/MyDrive/ucf_experiments/ciclo_experimental_1/data/data_crop/train/Assault050_x264-a26716d059_1_flip_lr_crop.mp4,1
2607,/content/drive/MyDrive/ucf_experiments/ciclo_experimental_1/data/data_blur/train/Robbery105_x264-0c12428ddb_0_flip_lr_blur.mp4,/content/drive/MyDrive/ucf_experiments/ciclo_experimental_1/data/data_crop/train/Robbery105_x264-0c12428ddb_0_flip_lr_crop.mp4,0
2608,/content/drive/MyDrive/ucf_experiments/ciclo_experimental_1/data/data_blur/train/Robbery033_x264-b6ad5e3223_1_flip_lr_blur.mp4,/content/drive/MyDrive/ucf_experiments/ciclo_experimental_1/data/data_crop/train/Robbery033_x264-b6ad5e3223_1_flip_lr_crop.mp4,1
2609,/content/drive/MyDrive/ucf_experiments/ciclo_experimental_1/data/data_blur/train/Fighting038_x264-79fcb5ccc1_1_flip_lr_blur.mp4,/content/drive/MyDrive/ucf_experiments/ciclo_experimental_1/data/data_crop/train/Fighting038_x264-79fcb5ccc1_1_flip_lr_crop.mp4,1
2610,/content/drive/MyDrive/ucf_experiments/ciclo_experimental_1/data/data_blur/train/Assault001_x264-1df8c1fe92_1_flip_lr_blur.mp4,/content/drive/MyDrive/ucf_experiments/ciclo_experimental_1/data/data_crop/train/Assault001_x264-1df8c1fe92_1_flip_lr_crop.mp4,1
2611,/content/drive/MyDrive/ucf_experiments/ciclo_experimental_1/data/data_blur/train/Assault005_x264-2cef9b485c_0_flip_lr_blur.mp4,/content/drive/MyDrive/ucf_experiments/ciclo_experimental_1/data/data_crop/train/Assault005_x264-2cef9b485c_0_flip_lr_crop.mp4,0
2612,/content/drive/MyDrive/ucf_experiments/ciclo_experimental_1/data/data_blur/train/Assault029_x264-3603e5f2bf_1_flip_lr_blur.mp4,/content/drive/MyDrive/ucf_experiments/ciclo_experimental_1/data/data_crop/train/Assault029_x264-3603e5f2bf_1_flip_lr_crop.mp4,1
2613,/content/drive/MyDrive/ucf_experiments/ciclo_experimental_1/data/data_blur/train/Fighting016_x264-de076172d7_1_flip_lr_blur.mp4,/content/drive/MyDrive/ucf_experiments/ciclo_experimental_1/data/data_crop/train/Fighting016_x264-de076172d7_1_flip_lr_crop.mp4,1
2614,/content/drive/MyDrive/ucf_experiments/ciclo_experimental_1/data/data_blur/train/Robbery016_x264-87a82c5ad6_0_flip_lr_blur.mp4,/content/drive/MyDrive/ucf_experiments/ciclo_experimental_1/data/data_crop/train/Robbery016_x264-87a82c5ad6_0_flip_lr_crop.mp4,0
2615,/content/drive/MyDrive/ucf_experiments/ciclo_experimental_1/data/data_blur/train/Fighting048_x264-0db381c904_0_flip_lr_blur.mp4,/content/drive/MyDrive/ucf_experiments/ciclo_experimental_1/data/data_crop/train/Fighting048_x264-0db381c904_0_flip_lr_crop.mp4,0
2616,/content/drive/MyDrive/ucf_experiments/ciclo_experimental_1/data/data_blur/train/Assault009_x264-073c78ce36_0_flip_lr_blur.mp4,/content/drive/MyDrive/ucf_experiments/ciclo_experimental_1/data/data_crop/train/Assault009_x264-073c78ce36_0_flip_lr_crop.mp4,0
2617,/content/drive/MyDrive/ucf_experiments/ciclo_experimental_1/data/data_blur/train/Assault050_x264-b6765ec2c5_1_flip_lr_blur.mp4,/content/drive/MyDrive/ucf_experiments/ciclo_experimental_1/data/data_crop/train/Assault050_x264-b6765ec2c5_1_flip_lr_crop.mp4,1
2618,/content/drive/MyDrive/ucf_experiments/ciclo_experimental_1/data/data_blur/train/Robbery038_x264-46756a3e6f_0_flip_lr_blur.mp4,/content/drive/MyDrive/ucf_experiments/ciclo_experimental_1/data/data_crop/train/Robbery038_x264-46756a3e6f_0_flip_lr_crop.mp4,0
2619,/content/drive/MyDrive/ucf_experiments/ciclo_experimental_1/data/data_blur/train/Arrest043_x264-a644a1a311_1_flip_lr_blur.mp4,/content/drive/MyDrive/ucf_experiments/ciclo_experimental_1/data/data_crop/train/Arrest043_x264-a644a1a311_1_flip_lr_crop.mp4,1
2620,/content/drive/MyDrive/ucf_experiments/ciclo_experimental_1/data/data_blur/train/Robbery066_x264-dacf8613e6_0_flip_lr_blur.mp4,/content/drive/MyDrive/ucf_experiments/ciclo_experimental_1/data/data_crop/train/Robbery066_x264-dacf8613e6_0_flip_lr_crop.mp4,0
2621,/content/drive/MyDrive/ucf_experiments/ciclo_experimental_1/data/data_blur/train/Arrest012_x264-17ad4918ac_0_flip_lr_blur.mp4,/content/drive/MyDrive/ucf_experiments/ciclo_experimental_1/data/data_crop/train/Arrest012_x264-17ad4918ac_0_flip_lr_crop.mp4,0
2622,/content/drive/MyDrive/ucf_experiments/ciclo_experimental_1/data/data_blur/train/Abuse038_x264-b71b37c7fd_0_flip_lr_blur.mp4,/content/drive/MyDrive/ucf_experiments/ciclo_experimental_1/data/data_crop/train/Abuse038_x264-b71b37c7fd_0_flip_lr_crop.mp4,0
2623,/content/drive/MyDrive/ucf_experiments/ciclo_experimental_1/data/data_blur/train/Arrest033_x264-6244036fac_0_flip_lr_blur.mp4,/content/drive/MyDrive/ucf_experiments/ciclo_experimental_1/data/data_crop/train/Arrest033_x264-6244036fac_0_flip_lr_crop.mp4,0
2624,/content/drive/MyDrive/ucf_experiments/ciclo_experimental_1/data/data_blur/train/Robbery019_x264-a277edef80_1_flip_lr_blur.mp4,/content/drive/MyDrive/ucf_experiments/ciclo_experimental_1/data/data_crop/train/Robbery019_x264-a277edef80_1_flip_lr_crop.mp4,1
2625,/content/drive/MyDrive/ucf_experiments/ciclo_experimental_1/data/data_blur/train/Assault047_x264-bec534f43a_0_flip_lr_blur.mp4,/content/drive/MyDrive/ucf_experiments/ciclo_experimental_1/data/data_crop/train/Assault047_x264-bec534f43a_0_flip_lr_crop.mp4,0
2626,/content/drive/MyDrive/ucf_experiments/ciclo_experimental_1/data/data_blur/train/Robbery105_x264-120bda2461_1_flip_lr_blur.mp4,/content/drive/MyDrive/ucf_experiments/ciclo_experimental_1/data/data_crop/train/Robbery105_x264-120bda2461_1_flip_lr_crop.mp4,1
2627,/content/drive/MyDrive/ucf_experiments/ciclo_experimental_1/data/data_blur/train/Robbery059_x264-757175b12a_0_flip_lr_blur.mp4,/content/drive/MyDrive/ucf_experiments/ciclo_experimental_1/data/data_crop/train/Robbery059_x264-757175b12a_0_flip_lr_crop.mp4,0
2628,/content/drive/MyDrive/ucf_experiments/ciclo_experimental_1/data/data_blur/train/Assault048_x264-db72dd0cb1_0_flip_lr_blur.mp4,/content/drive/MyDrive/ucf_experiments/ciclo_experimental_1/data/data_crop/train/Assault048_x264-db72dd0cb1_0_flip_lr_crop.mp4,0
2629,/content/drive/MyDrive/ucf_experiments/ciclo_experimental_1/data/data_blur/train/Assault005_x264-42ff87661d_0_flip_lr_blur.mp4,/content/drive/MyDrive/ucf_experiments/ciclo_experimental_1/data/data_crop/train/Assault005_x264-42ff87661d_0_flip_lr_crop.mp4,0
2630,/content/drive/MyDrive/ucf_experiments/ciclo_experimental_1/data/data_blur/train/Fighting013_x264-3d0df16764_1_flip_lr_blur.mp4,/content/drive/MyDrive/ucf_experiments/ciclo_experimental_1/data/data_crop/train/Fighting013_x264-3d0df16764_1_flip_lr_crop.mp4,1
2631,/content/drive/MyDrive/ucf_experiments/ciclo_experimental_1/data/data_blur/train/Assault017_x264-c81f20ec1d_0_flip_lr_blur.mp4,/content/drive/MyDrive/ucf_experiments/ciclo_experimental_1/data/data_crop/train/Assault017_x264-c81f20ec1d_0_flip_lr_crop.mp4,0
2632,/content/drive/MyDrive/ucf_experiments/ciclo_experimental_1/data/data_blur/train/Robbery078_x264-ff3bf27223_0_flip_lr_blur.mp4,/content/drive/MyDrive/ucf_experiments/ciclo_experimental_1/data/data_crop/train/Robbery078_x264-ff3bf27223_0_flip_lr_crop.mp4,0
2633,/content/drive/MyDrive/ucf_experiments/ciclo_experimental_1/data/data_blur/train/Assault017_x264-44e7f1a7fa_0_flip_lr_blur.mp4,/content/drive/MyDrive/ucf_experiments/ciclo_experimental_1/data/data_crop/train/Assault017_x264-44e7f1a7fa_0_flip_lr_crop.mp4,0
2634,/content/drive/MyDrive/ucf_experiments/ciclo_experimental_1/data/data_blur/train/Assault017_x264-4a1d9ac6e0_1_flip_lr_blur.mp4,/content/drive/MyDrive/ucf_experiments/ciclo_experimental_1/data/data_crop/train/Assault017_x264-4a1d9ac6e0_1_flip_lr_crop.mp4,1
2635,/content/drive/MyDrive/ucf_experiments/ciclo_experimental_1/data/data_blur/train/Robbery085_x264-8ceae884a0_0_flip_lr_blur.mp4,/content/drive/MyDrive/ucf_experiments/ciclo_experimental_1/data/data_crop/train/Robbery085_x264-8ceae884a0_0_flip_lr_crop.mp4,0
2636,/content/drive/MyDrive/ucf_experiments/ciclo_experimental_1/data/data_blur/train/Arrest032_x264-32b3c4fe03_1_flip_lr_blur.mp4,/content/drive/MyDrive/ucf_experiments/ciclo_experimental_1/data/data_crop/train/Arrest032_x264-32b3c4fe03_1_flip_lr_crop.mp4,1
2637,/content/drive/MyDrive/ucf_experiments/ciclo_experimental_1/data/data_blur/train/Abuse015_x264-4b07cf106e_0_flip_lr_blur.mp4,/content/drive/MyDrive/ucf_experiments/ciclo_experimental_1/data/data_crop/train/Abuse015_x264-4b07cf106e_0_flip_lr_crop.mp4,0
2638,/content/drive/MyDrive/ucf_experiments/ciclo_experimental_1/data/data_blur/train/Robbery041_x264-c4d833471f_1_flip_lr_blur.mp4,/content/drive/MyDrive/ucf_experiments/ciclo_experimental_1/data/data_crop/train/Robbery041_x264-c4d833471f_1_flip_lr_crop.mp4,1
2639,/content/drive/MyDrive/ucf_experiments/ciclo_experimental_1/data/data_blur/train/Arrest002_x264-ac714bd9ba_1_flip_lr_blur.mp4,/content/drive/MyDrive/ucf_experiments/ciclo_experimental_1/data/data_crop/train/Arrest002_x264-ac714bd9ba_1_flip_lr_crop.mp4,1
2640,/content/drive/MyDrive/ucf_experiments/ciclo_experimental_1/data/data_blur/train/Arrest042_x264-89481aef30_0_flip_lr_blur.mp4,/content/drive/MyDrive/ucf_experiments/ciclo_experimental_1/data/data_crop/train/Arrest042_x264-89481aef30_0_flip_lr_crop.mp4,0
2641,/content/drive/MyDrive/ucf_experiments/ciclo_experimental_1/data/data_blur/train/Robbery029_x264-4738b47a70_1_flip_lr_blur.mp4,/content/drive/MyDrive/ucf_experiments/ciclo_experimental_1/data/data_crop/train/Robbery029_x264-4738b47a70_1_flip_lr_crop.mp4,1
2642,/content/drive/MyDrive/ucf_experiments/ciclo_experimental_1/data/data_blur/train/Robbery042_x264-f452138859_0_flip_lr_blur.mp4,/content/drive/MyDrive/ucf_experiments/ciclo_experimental_1/data/data_crop/train/Robbery042_x264-f452138859_0_flip_lr_crop.mp4,0
2643,/content/drive/MyDrive/ucf_experiments/ciclo_experimental_1/data/data_blur/train/Abuse050_x264-222b0a76cb_0_flip_lr_blur.mp4,/content/drive/MyDrive/ucf_experiments/ciclo_experimental_1/data/data_crop/train/Abuse050_x264-222b0a76cb_0_flip_lr_crop.mp4,0
2644,/content/drive/MyDrive/ucf_experiments/ciclo_experimental_1/data/data_blur/train/Abuse004_x264-793d4d26d4_0_flip_lr_blur.mp4,/content/drive/MyDrive/ucf_experiments/ciclo_experimental_1/data/data_crop/train/Abuse004_x264-793d4d26d4_0_flip_lr_crop.mp4,0
2645,/content/drive/MyDrive/ucf_experiments/ciclo_experimental_1/data/data_blur/train/Robbery085_x264-31373273af_0_flip_lr_blur.mp4,/content/drive/MyDrive/ucf_experiments/ciclo_experimental_1/data/data_crop/train/Robbery085_x264-31373273af_0_flip_lr_crop.mp4,0
2646,/content/drive/MyDrive/ucf_experiments/ciclo_experimental_1/data/data_blur/train/Abuse021_x264-ef9a3eb29c_1_flip_lr_blur.mp4,/content/drive/MyDrive/ucf_experiments/ciclo_experimental_1/data/data_crop/train/Abuse021_x264-ef9a3eb29c_1_flip_lr_crop.mp4,1
2647,/content/drive/MyDrive/ucf_experiments/ciclo_experimental_1/data/data_blur/train/Robbery016_x264-5bd6135842_1_flip_lr_blur.mp4,/content/drive/MyDrive/ucf_experiments/ciclo_experimental_1/data/data_crop/train/Robbery016_x264-5bd6135842_1_flip_lr_crop.mp4,1
2648,/content/drive/MyDrive/ucf_experiments/ciclo_experimental_1/data/data_blur/train/Fighting045_x264-89cee49d8b_1_flip_lr_blur.mp4,/content/drive/MyDrive/ucf_experiments/ciclo_experimental_1/data/data_crop/train/Fighting045_x264-89cee49d8b_1_flip_lr_crop.mp4,1
2649,/content/drive/MyDrive/ucf_experiments/ciclo_experimental_1/data/data_blur/train/Robbery021_x264-d7ba23b65e_1_flip_lr_blur.mp4,/content/drive/MyDrive/ucf_experiments/ciclo_experimental_1/data/data_crop/train/Robbery021_x264-d7ba23b65e_1_flip_lr_crop.mp4,1
2650,/content/drive/MyDrive/ucf_experiments/ciclo_experimental_1/data/data_blur/train/Abuse003_x264-f6c4a05e04_1_flip_lr_blur.mp4,/content/drive/MyDrive/ucf_experiments/ciclo_experimental_1/data/data_crop/train/Abuse003_x264-f6c4a05e04_1_flip_lr_crop.mp4,1
2651,/content/drive/MyDrive/ucf_experiments/ciclo_experimental_1/data/data_blur/train/Assault007_x264-4d3fb29715_1_flip_lr_blur.mp4,/content/drive/MyDrive/ucf_experiments/ciclo_experimental_1/data/data_crop/train/Assault007_x264-4d3fb29715_1_flip_lr_crop.mp4,1
2652,/content/drive/MyDrive/ucf_experiments/ciclo_experimental_1/data/data_blur/train/Robbery029_x264-e7ea795a15_1_flip_lr_blur.mp4,/content/drive/MyDrive/ucf_experiments/ciclo_experimental_1/data/data_crop/train/Robbery029_x264-e7ea795a15_1_flip_lr_crop.mp4,1
2653,/content/drive/MyDrive/ucf_experiments/ciclo_experimental_1/data/data_blur/train/Fighting036_x264-f7329c4151_0_flip_lr_blur.mp4,/content/drive/MyDrive/ucf_experiments/ciclo_experimental_1/data/data_crop/train/Fighting036_x264-f7329c4151_0_flip_lr_crop.mp4,0
2654,/content/drive/MyDrive/ucf_experiments/ciclo_experimental_1/data/data_blur/train/Arrest017_x264-bbb5cf5c8e_0_flip_lr_blur.mp4,/content/drive/MyDrive/ucf_experiments/ciclo_experimental_1/data/data_crop/train/Arrest017_x264-bbb5cf5c8e_0_flip_lr_crop.mp4,0
2655,/content/drive/MyDrive/ucf_experiments/ciclo_experimental_1/data/data_blur/train/Fighting027_x264-e2719f9c59_1_flip_lr_blur.mp4,/content/drive/MyDrive/ucf_experiments/ciclo_experimental_1/data/data_crop/train/Fighting027_x264-e2719f9c59_1_flip_lr_crop.mp4,1
2656,/content/drive/MyDrive/ucf_experiments/ciclo_experimental_1/data/data_blur/train/Assault033_x264-9a2b0a0c6a_0_flip_lr_blur.mp4,/content/drive/MyDrive/ucf_experiments/ciclo_experimental_1/data/data_crop/train/Assault033_x264-9a2b0a0c6a_0_flip_lr_crop.mp4,0
2657,/content/drive/MyDrive/ucf_experiments/ciclo_experimental_1/data/data_blur/train/Fighting050_x264-d0c66d876a_0_flip_lr_blur.mp4,/content/drive/MyDrive/ucf_experiments/ciclo_experimental_1/data/data_crop/train/Fighting050_x264-d0c66d876a_0_flip_lr_crop.mp4,0
2658,/content/drive/MyDrive/ucf_experiments/ciclo_experimental_1/data/data_blur/train/Arrest005_x264-3bfb71d6ed_1_flip_lr_blur.mp4,/content/drive/MyDrive/ucf_experiments/ciclo_experimental_1/data/data_crop/train/Arrest005_x264-3bfb71d6ed_1_flip_lr_crop.mp4,1
2659,/content/drive/MyDrive/ucf_experiments/ciclo_experimental_1/data/data_blur/train/Robbery038_x264-5c41a4af63_1_flip_lr_blur.mp4,/content/drive/MyDrive/ucf_experiments/ciclo_experimental_1/data/data_crop/train/Robbery038_x264-5c41a4af63_1_flip_lr_crop.mp4,1
2660,/content/drive/MyDrive/ucf_experiments/ciclo_experimental_1/data/data_blur/train/Robbery071_x264-bd16f95786_0_flip_lr_blur.mp4,/content/drive/MyDrive/ucf_experiments/ciclo_experimental_1/data/data_crop/train/Robbery071_x264-bd16f95786_0_flip_lr_crop.mp4,0
2661,/content/drive/MyDrive/ucf_experiments/ciclo_experimental_1/data/data_blur/train/Assault008_x264-86fbde2165_1_flip_lr_blur.mp4,/content/drive/MyDrive/ucf_experiments/ciclo_experimental_1/data/data_crop/train/Assault008_x264-86fbde2165_1_flip_lr_crop.mp4,1
2662,/content/drive/MyDrive/ucf_experiments/ciclo_experimental_1/data/data_blur/train/Abuse009_x264-057d86102a_0_flip_lr_blur.mp4,/content/drive/MyDrive/ucf_experiments/ciclo_experimental_1/data/data_crop/train/Abuse009_x264-057d86102a_0_flip_lr_crop.mp4,0
2663,/content/drive/MyDrive/ucf_experiments/ciclo_experimental_1/data/data_blur/train/Robbery053_x264-e19ae21f9c_0_flip_lr_blur.mp4,/content/drive/MyDrive/ucf_experiments/ciclo_experimental_1/data/data_crop/train/Robbery053_x264-e19ae21f9c_0_flip_lr_crop.mp4,0
2664,/content/drive/MyDrive/ucf_experiments/ciclo_experimental_1/data/data_blur/train/Robbery020_x264-146d0f446f_0_flip_lr_blur.mp4,/content/drive/MyDrive/ucf_experiments/ciclo_experimental_1/data/data_crop/train/Robbery020_x264-146d0f446f_0_flip_lr_crop.mp4,0
2665,/content/drive/MyDrive/ucf_experiments/ciclo_experimental_1/data/data_blur/train/Fighting044_x264-76e4323d8a_1_flip_lr_blur.mp4,/content/drive/MyDrive/ucf_experiments/ciclo_experimental_1/data/data_crop/train/Fighting044_x264-76e4323d8a_1_flip_lr_crop.mp4,1
2666,/content/drive/MyDrive/ucf_experiments/ciclo_experimental_1/data/data_blur/train/Robbery011_x264-73bf7459d5_1_flip_lr_blur.mp4,/content/drive/MyDrive/ucf_experiments/ciclo_experimental_1/data/data_crop/train/Robbery011_x264-73bf7459d5_1_flip_lr_crop.mp4,1
2667,/content/drive/MyDrive/ucf_experiments/ciclo_experimental_1/data/data_blur/train/Arrest023_x264-d149a511c6_1_flip_lr_blur.mp4,/content/drive/MyDrive/ucf_experiments/ciclo_experimental_1/data/data_crop/train/Arrest023_x264-d149a511c6_1_flip_lr_crop.mp4,1
2668,/content/drive/MyDrive/ucf_experiments/ciclo_experimental_1/data/data_blur/train/Assault015_x264-9923d975f5_1_flip_lr_blur.mp4,/content/drive/MyDrive/ucf_experiments/ciclo_experimental_1/data/data_crop/train/Assault015_x264-9923d975f5_1_flip_lr_crop.mp4,1
2669,/content/drive/MyDrive/ucf_experiments/ciclo_experimental_1/data/data_blur/train/Assault037_x264-c52d5fe5c4_0_flip_lr_blur.mp4,/content/drive/MyDrive/ucf_experiments/ciclo_experimental_1/data/data_crop/train/Assault037_x264-c52d5fe5c4_0_flip_lr_crop.mp4,0
2670,/content/drive/MyDrive/ucf_experiments/ciclo_experimental_1/data/data_blur/train/Fighting028_x264-0008c1c57c_1_flip_lr_blur.mp4,/content/drive/MyDrive/ucf_experiments/ciclo_experimental_1/data/data_crop/train/Fighting028_x264-0008c1c57c_1_flip_lr_crop.mp4,1
2671,/content/drive/MyDrive/ucf_experiments/ciclo_experimental_1/data/data_blur/train/Robbery093_x264-13b477a316_0_flip_lr_blur.mp4,/content/drive/MyDrive/ucf_experiments/ciclo_experimental_1/data/data_crop/train/Robbery093_x264-13b477a316_0_flip_lr_crop.mp4,0
2672,/content/drive/MyDrive/ucf_experiments/ciclo_experimental_1/data/data_blur/train/Fighting010_x264-0f4d014aef_0_flip_lr_blur.mp4,/content/drive/MyDrive/ucf_experiments/ciclo_experimental_1/data/data_crop/train/Fighting010_x264-0f4d014aef_0_flip_lr_crop.mp4,0
2673,/content/drive/MyDrive/ucf_experiments/ciclo_experimental_1/data/data_blur/train/Arrest008_x264-18ec12f9f5_0_flip_lr_blur.mp4,/content/drive/MyDrive/ucf_experiments/ciclo_experimental_1/data/data_crop/train/Arrest008_x264-18ec12f9f5_0_flip_lr_crop.mp4,0
2674,/content/drive/MyDrive/ucf_experiments/ciclo_experimental_1/data/data_blur/train/Arrest009_x264-fb1a6d6575_0_flip_lr_blur.mp4,/content/drive/MyDrive/ucf_experiments/ciclo_experimental_1/data/data_crop/train/Arrest009_x264-fb1a6d6575_0_flip_lr_crop.mp4,0
2675,/content/drive/MyDrive/ucf_experiments/ciclo_experimental_1/data/data_blur/train/Abuse006_x264-879e32976c_1_flip_lr_blur.mp4,/content/drive/MyDrive/ucf_experiments/ciclo_experimental_1/data/data_crop/train/Abuse006_x264-879e32976c_1_flip_lr_crop.mp4,1
2676,/content/drive/MyDrive/ucf_experiments/ciclo_experimental_1/data/data_blur/train/Assault028_x264-bbe7549cb5_1_flip_lr_blur.mp4,/content/drive/MyDrive/ucf_experiments/ciclo_experimental_1/data/data_crop/train/Assault028_x264-bbe7549cb5_1_flip_lr_crop.mp4,1
2677,/content/drive/MyDrive/ucf_experiments/ciclo_experimental_1/data/data_blur/train/Fighting039_x264-15732220ac_0_flip_lr_blur.mp4,/content/drive/MyDrive/ucf_experiments/ciclo_experimental_1/data/data_crop/train/Fighting039_x264-15732220ac_0_flip_lr_crop.mp4,0
2678,/content/drive/MyDrive/ucf_experiments/ciclo_experimental_1/data/data_blur/train/Arrest023_x264-a5a4761d87_1_flip_lr_blur.mp4,/content/drive/MyDrive/ucf_experiments/ciclo_experimental_1/data/data_crop/train/Arrest023_x264-a5a4761d87_1_flip_lr_crop.mp4,1
2679,/content/drive/MyDrive/ucf_experiments/ciclo_experimental_1/data/data_blur/train/Arrest035_x264-438f7ae39d_0_flip_lr_blur.mp4,/content/drive/MyDrive/ucf_experiments/ciclo_experimental_1/data/data_crop/train/Arrest035_x264-438f7ae39d_0_flip_lr_crop.mp4,0
2680,/content/drive/MyDrive/ucf_experiments/ciclo_experimental_1/data/data_blur/train/Abuse041_x264-0fdd710dc5_0_flip_lr_blur.mp4,/content/drive/MyDrive/ucf_experiments/ciclo_experimental_1/data/data_crop/train/Abuse041_x264-0fdd710dc5_0_flip_lr_crop.mp4,0
2681,/content/drive/MyDrive/ucf_experiments/ciclo_experimental_1/data/data_blur/train/Abuse026_x264-dc34031c86_1_flip_lr_blur.mp4,/content/drive/MyDrive/ucf_experiments/ciclo_experimental_1/data/data_crop/train/Abuse026_x264-dc34031c86_1_flip_lr_crop.mp4,1
2682,/content/drive/MyDrive/ucf_experiments/ciclo_experimental_1/data/data_blur/train/Fighting048_x264-59488cf301_0_flip_lr_blur.mp4,/content/drive/MyDrive/ucf_experiments/ciclo_experimental_1/data/data_crop/train/Fighting048_x264-59488cf301_0_flip_lr_crop.mp4,0
2683,/content/drive/MyDrive/ucf_experiments/ciclo_experimental_1/data/data_blur/train/Robbery032_x264-3e199682f3_0_flip_lr_blur.mp4,/content/drive/MyDrive/ucf_experiments/ciclo_experimental_1/data/data_crop/train/Robbery032_x264-3e199682f3_0_flip_lr_crop.mp4,0
2684,/content/drive/MyDrive/ucf_experiments/ciclo_experimental_1/data/data_blur/train/Robbery056_x264-175c9df6e8_1_flip_lr_blur.mp4,/content/drive/MyDrive/ucf_experiments/ciclo_experimental_1/data/data_crop/train/Robbery056_x264-175c9df6e8_1_flip_lr_crop.mp4,1
2685,/content/drive/MyDrive/ucf_experiments/ciclo_experimental_1/data/data_blur/train/Abuse046_x264-a5fbc3ee9f_0_flip_lr_blur.mp4,/content/drive/MyDrive/ucf_experiments/ciclo_experimental_1/data/data_crop/train/Abuse046_x264-a5fbc3ee9f_0_flip_lr_crop.mp4,0
2686,/content/drive/MyDrive/ucf_experiments/ciclo_experimental_1/data/data_blur/train/Fighting013_x264-5718509e63_1_flip_lr_blur.mp4,/content/drive/MyDrive/ucf_experiments/ciclo_experimental_1/data/data_crop/train/Fighting013_x264-5718509e63_1_flip_lr_crop.mp4,1
2687,/content/drive/MyDrive/ucf_experiments/ciclo_experimental_1/data/data_blur/train/Arrest043_x264-a8ff8eab2e_0_flip_lr_blur.mp4,/content/drive/MyDrive/ucf_experiments/ciclo_experimental_1/data/data_crop/train/Arrest043_x264-a8ff8eab2e_0_flip_lr_crop.mp4,0
2688,/content/drive/MyDrive/ucf_experiments/ciclo_experimental_1/data/data_blur/train/Robbery072_x264-e198a4bc70_0_flip_lr_blur.mp4,/content/drive/MyDrive/ucf_experiments/ciclo_experimental_1/data/data_crop/train/Robbery072_x264-e198a4bc70_0_flip_lr_crop.mp4,0
2689,/content/drive/MyDrive/ucf_experiments/ciclo_experimental_1/data/data_blur/train/Fighting026_x264-99ced04ccd_0_flip_lr_blur.mp4,/content/drive/MyDrive/ucf_experiments/ciclo_experimental_1/data/data_crop/train/Fighting026_x264-99ced04ccd_0_flip_lr_crop.mp4,0
2690,/content/drive/MyDrive/ucf_experiments/ciclo_experimental_1/data/data_blur/train/Abuse022_x264-429fbc80ec_0_flip_lr_blur.mp4,/content/drive/MyDrive/ucf_experiments/ciclo_experimental_1/data/data_crop/train/Abuse022_x264-429fbc80ec_0_flip_lr_crop.mp4,0
2691,/content/drive/MyDrive/ucf_experiments/ciclo_experimental_1/data/data_blur/train/Robbery030_x264-8c1fc907b9_0_flip_lr_blur.mp4,/content/drive/MyDrive/ucf_experiments/ciclo_experimental_1/data/data_crop/train/Robbery030_x264-8c1fc907b9_0_flip_lr_crop.mp4,0
2692,/content/drive/MyDrive/ucf_experiments/ciclo_experimental_1/data/data_blur/train/Abuse004_x264-7306c6c536_1_flip_lr_blur.mp4,/content/drive/MyDrive/ucf_experiments/ciclo_experimental_1/data/data_crop/train/Abuse004_x264-7306c6c536_1_flip_lr_crop.mp4,1
2693,/content/drive/MyDrive/ucf_experiments/ciclo_experimental_1/data/data_blur/train/Assault005_x264-58d2e28b5e_0_flip_lr_blur.mp4,/content/drive/MyDrive/ucf_experiments/ciclo_experimental_1/data/data_crop/train/Assault005_x264-58d2e28b5e_0_flip_lr_crop.mp4,0
2694,/content/drive/MyDrive/ucf_experiments/ciclo_experimental_1/data/data_blur/train/Assault019_x264-24acf91eae_0_flip_lr_blur.mp4,/content/drive/MyDrive/ucf_experiments/ciclo_experimental_1/data/data_crop/train/Assault019_x264-24acf91eae_0_flip_lr_crop.mp4,0
2695,/content/drive/MyDrive/ucf_experiments/ciclo_experimental_1/data/data_blur/train/Assault049_x264-f511c87290_1_flip_lr_blur.mp4,/content/drive/MyDrive/ucf_experiments/ciclo_experimental_1/data/data_crop/train/Assault049_x264-f511c87290_1_flip_lr_crop.mp4,1
2696,/content/drive/MyDrive/ucf_experiments/ciclo_experimental_1/data/data_blur/train/Robbery056_x264-ea6d79297d_1_flip_lr_blur.mp4,/content/drive/MyDrive/ucf_experiments/ciclo_experimental_1/data/data_crop/train/Robbery056_x264-ea6d79297d_1_flip_lr_crop.mp4,1
2697,/content/drive/MyDrive/ucf_experiments/ciclo_experimental_1/data/data_blur/train/Robbery023_x264-5cd5f6eb37_1_flip_lr_blur.mp4,/content/drive/MyDrive/ucf_experiments/ciclo_experimental_1/data/data_crop/train/Robbery023_x264-5cd5f6eb37_1_flip_lr_crop.mp4,1
2698,/content/drive/MyDrive/ucf_experiments/ciclo_experimental_1/data/data_blur/train/Robbery039_x264-b6fae3e319_0_flip_lr_blur.mp4,/content/drive/MyDrive/ucf_experiments/ciclo_experimental_1/data/data_crop/train/Robbery039_x264-b6fae3e319_0_flip_lr_crop.mp4,0
2699,/content/drive/MyDrive/ucf_experiments/ciclo_experimental_1/data/data_blur/train/Robbery060_x264-cf4af773b2_1_flip_lr_blur.mp4,/content/drive/MyDrive/ucf_experiments/ciclo_experimental_1/data/data_crop/train/Robbery060_x264-cf4af773b2_1_flip_lr_crop.mp4,1
2700,/content/drive/MyDrive/ucf_experiments/ciclo_experimental_1/data/data_blur/train/Assault037_x264-b7a20fcfa8_1_flip_lr_blur.mp4,/content/drive/MyDrive/ucf_experiments/ciclo_experimental_1/data/data_crop/train/Assault037_x264-b7a20fcfa8_1_flip_lr_crop.mp4,1
2701,/content/drive/MyDrive/ucf_experiments/ciclo_experimental_1/data/data_blur/train/Robbery008_x264-abae04d509_0_flip_lr_blur.mp4,/content/drive/MyDrive/ucf_experiments/ciclo_experimental_1/data/data_crop/train/Robbery008_x264-abae04d509_0_flip_lr_crop.mp4,0
2702,/content/drive/MyDrive/ucf_experiments/ciclo_experimental_1/data/data_blur/train/Robbery037_x264-45311b80a9_0_flip_lr_blur.mp4,/content/drive/MyDrive/ucf_experiments/ciclo_experimental_1/data/data_crop/train/Robbery037_x264-45311b80a9_0_flip_lr_crop.mp4,0
2703,/content/drive/MyDrive/ucf_experiments/ciclo_experimental_1/data/data_blur/train/Robbery073_x264-a97663c7cd_1_flip_lr_blur.mp4,/content/drive/MyDrive/ucf_experiments/ciclo_experimental_1/data/data_crop/train/Robbery073_x264-a97663c7cd_1_flip_lr_crop.mp4,1
2704,/content/drive/MyDrive/ucf_experiments/ciclo_experimental_1/data/data_blur/train/Fighting011_x264-6052c4ec9f_0_flip_lr_blur.mp4,/content/drive/MyDrive/ucf_experiments/ciclo_experimental_1/data/data_crop/train/Fighting011_x264-6052c4ec9f_0_flip_lr_crop.mp4,0
2705,/content/drive/MyDrive/ucf_experiments/ciclo_experimental_1/data/data_blur/train/Arrest029_x264-50cf15974a_1_flip_lr_blur.mp4,/content/drive/MyDrive/ucf_experiments/ciclo_experimental_1/data/data_crop/train/Arrest029_x264-50cf15974a_1_flip_lr_crop.mp4,1
2706,/content/drive/MyDrive/ucf_experiments/ciclo_experimental_1/data/data_blur/train/Fighting036_x264-24f0469955_1_flip_lr_blur.mp4,/content/drive/MyDrive/ucf_experiments/ciclo_experimental_1/data/data_crop/train/Fighting036_x264-24f0469955_1_flip_lr_crop.mp4,1
2707,/content/drive/MyDrive/ucf_experiments/ciclo_experimental_1/data/data_blur/train/Arrest026_x264-3b5f7130dd_1_flip_lr_blur.mp4,/content/drive/MyDrive/ucf_experiments/ciclo_experimental_1/data/data_crop/train/Arrest026_x264-3b5f7130dd_1_flip_lr_crop.mp4,1
2708,/content/drive/MyDrive/ucf_experiments/ciclo_experimental_1/data/data_blur/train/Abuse023_x264-0cb83fd11d_1_flip_lr_blur.mp4,/content/drive/MyDrive/ucf_experiments/ciclo_experimental_1/data/data_crop/train/Abuse023_x264-0cb83fd11d_1_flip_lr_crop.mp4,1
2709,/content/drive/MyDrive/ucf_experiments/ciclo_experimental_1/data/data_blur/train/Robbery086_x264-8491cd6e66_0_flip_lr_blur.mp4,/content/drive/MyDrive/ucf_experiments/ciclo_experimental_1/data/data_crop/train/Robbery086_x264-8491cd6e66_0_flip_lr_crop.mp4,0
2710,/content/drive/MyDrive/ucf_experiments/ciclo_experimental_1/data/data_blur/train/Fighting050_x264-0a7b37d0d8_0_flip_lr_blur.mp4,/content/drive/MyDrive/ucf_experiments/ciclo_experimental_1/data/data_crop/train/Fighting050_x264-0a7b37d0d8_0_flip_lr_crop.mp4,0
2711,/content/drive/MyDrive/ucf_experiments/ciclo_experimental_1/data/data_blur/train/Abuse024_x264-1f0a01c7d8_1_flip_lr_blur.mp4,/content/drive/MyDrive/ucf_experiments/ciclo_experimental_1/data/data_crop/train/Abuse024_x264-1f0a01c7d8_1_flip_lr_crop.mp4,1
2712,/content/drive/MyDrive/ucf_experiments/ciclo_experimental_1/data/data_blur/train/Abuse024_x264-8093414287_1_flip_lr_blur.mp4,/content/drive/MyDrive/ucf_experiments/ciclo_experimental_1/data/data_crop/train/Abuse024_x264-8093414287_1_flip_lr_crop.mp4,1
2713,/content/drive/MyDrive/ucf_experiments/ciclo_experimental_1/data/data_blur/train/Assault050_x264-6f132da82c_1_flip_lr_blur.mp4,/content/drive/MyDrive/ucf_experiments/ciclo_experimental_1/data/data_crop/train/Assault050_x264-6f132da82c_1_flip_lr_crop.mp4,1
2714,/content/drive/MyDrive/ucf_experiments/ciclo_experimental_1/data/data_blur/train/Assault028_x264-aafa79091e_0_flip_lr_blur.mp4,/content/drive/MyDrive/ucf_experiments/ciclo_experimental_1/data/data_crop/train/Assault028_x264-aafa79091e_0_flip_lr_crop.mp4,0
2715,/content/drive/MyDrive/ucf_experiments/ciclo_experimental_1/data/data_blur/train/Robbery008_x264-7565599375_1_flip_lr_blur.mp4,/content/drive/MyDrive/ucf_experiments/ciclo_experimental_1/data/data_crop/train/Robbery008_x264-7565599375_1_flip_lr_crop.mp4,1
2716,/content/drive/MyDrive/ucf_experiments/ciclo_experimental_1/data/data_blur/train/Robbery070_x264-19f75583d6_1_flip_lr_blur.mp4,/content/drive/MyDrive/ucf_experiments/ciclo_experimental_1/data/data_crop/train/Robbery070_x264-19f75583d6_1_flip_lr_crop.mp4,1
2717,/content/drive/MyDrive/ucf_experiments/ciclo_experimental_1/data/data_blur/train/Fighting011_x264-882df77d85_0_flip_lr_blur.mp4,/content/drive/MyDrive/ucf_experiments/ciclo_experimental_1/data/data_crop/train/Fighting011_x264-882df77d85_0_flip_lr_crop.mp4,0
2718,/content/drive/MyDrive/ucf_experiments/ciclo_experimental_1/data/data_blur/train/Robbery090_x264-c2f702e438_0_flip_lr_blur.mp4,/content/drive/MyDrive/ucf_experiments/ciclo_experimental_1/data/data_crop/train/Robbery090_x264-c2f702e438_0_flip_lr_crop.mp4,0
2719,/content/drive/MyDrive/ucf_experiments/ciclo_experimental_1/data/data_blur/train/Fighting026_x264-6920cd8d67_0_flip_lr_blur.mp4,/content/drive/MyDrive/ucf_experiments/ciclo_experimental_1/data/data_crop/train/Fighting026_x264-6920cd8d67_0_flip_lr_crop.mp4,0
2720,/content/drive/MyDrive/ucf_experiments/ciclo_experimental_1/data/data_blur/train/Fighting007_x264-34dd6bfa17_1_flip_lr_blur.mp4,/content/drive/MyDrive/ucf_experiments/ciclo_experimental_1/data/data_crop/train/Fighting007_x264-34dd6bfa17_1_flip_lr_crop.mp4,1
2721,/content/drive/MyDrive/ucf_experiments/ciclo_experimental_1/data/data_blur/train/Abuse046_x264-62abc2ab1a_1_flip_lr_blur.mp4,/content/drive/MyDrive/ucf_experiments/ciclo_experimental_1/data/data_crop/train/Abuse046_x264-62abc2ab1a_1_flip_lr_crop.mp4,1
2722,/content/drive/MyDrive/ucf_experiments/ciclo_experimental_1/data/data_blur/train/Robbery033_x264-65fccc62cc_1_flip_lr_blur.mp4,/content/drive/MyDrive/ucf_experiments/ciclo_experimental_1/data/data_crop/train/Robbery033_x264-65fccc62cc_1_flip_lr_crop.mp4,1
2723,/content/drive/MyDrive/ucf_experiments/ciclo_experimental_1/data/data_blur/train/Assault005_x264-36d11d273a_0_flip_lr_blur.mp4,/content/drive/MyDrive/ucf_experiments/ciclo_experimental_1/data/data_crop/train/Assault005_x264-36d11d273a_0_flip_lr_crop.mp4,0
2724,/content/drive/MyDrive/ucf_experiments/ciclo_experimental_1/data/data_blur/train/Fighting027_x264-e610228975_0_flip_lr_blur.mp4,/content/drive/MyDrive/ucf_experiments/ciclo_experimental_1/data/data_crop/train/Fighting027_x264-e610228975_0_flip_lr_crop.mp4,0
2725,/content/drive/MyDrive/ucf_experiments/ciclo_experimental_1/data/data_blur/train/Abuse005_x264-b7775180ec_1_flip_lr_blur.mp4,/content/drive/MyDrive/ucf_experiments/ciclo_experimental_1/data/data_crop/train/Abuse005_x264-b7775180ec_1_flip_lr_crop.mp4,1
2726,/content/drive/MyDrive/ucf_experiments/ciclo_experimental_1/data/data_blur/train/Robbery107_x264-f95922fb08_0_flip_lr_blur.mp4,/content/drive/MyDrive/ucf_experiments/ciclo_experimental_1/data/data_crop/train/Robbery107_x264-f95922fb08_0_flip_lr_crop.mp4,0
2727,/content/drive/MyDrive/ucf_experiments/ciclo_experimental_1/data/data_blur/train/Robbery060_x264-cd7ad5b187_0_flip_lr_blur.mp4,/content/drive/MyDrive/ucf_experiments/ciclo_experimental_1/data/data_crop/train/Robbery060_x264-cd7ad5b187_0_flip_lr_crop.mp4,0
2728,/content/drive/MyDrive/ucf_experiments/ciclo_experimental_1/data/data_blur/train/Robbery009_x264-843931d961_0_flip_lr_blur.mp4,/content/drive/MyDrive/ucf_experiments/ciclo_experimental_1/data/data_crop/train/Robbery009_x264-843931d961_0_flip_lr_crop.mp4,0
2729,/content/drive/MyDrive/ucf_experiments/ciclo_experimental_1/data/data_blur/train/Fighting016_x264-c9ff101abb_1_flip_lr_blur.mp4,/content/drive/MyDrive/ucf_experiments/ciclo_experimental_1/data/data_crop/train/Fighting016_x264-c9ff101abb_1_flip_lr_crop.mp4,1
2730,/content/drive/MyDrive/ucf_experiments/ciclo_experimental_1/data/data_blur/train/Assault009_x264-2211cd59eb_0_flip_lr_blur.mp4,/content/drive/MyDrive/ucf_experiments/ciclo_experimental_1/data/data_crop/train/Assault009_x264-2211cd59eb_0_flip_lr_crop.mp4,0
2731,/content/drive/MyDrive/ucf_experiments/ciclo_experimental_1/data/data_blur/train/Robbery006_x264-b54d7e2f53_1_flip_lr_blur.mp4,/content/drive/MyDrive/ucf_experiments/ciclo_experimental_1/data/data_crop/train/Robbery006_x264-b54d7e2f53_1_flip_lr_crop.mp4,1
2732,/content/drive/MyDrive/ucf_experiments/ciclo_experimental_1/data/data_blur/train/Arrest002_x264-904c80bd4f_1_flip_lr_blur.mp4,/content/drive/MyDrive/ucf_experiments/ciclo_experimental_1/data/data_crop/train/Arrest002_x264-904c80bd4f_1_flip_lr_crop.mp4,1
2733,/content/drive/MyDrive/ucf_experiments/ciclo_experimental_1/data/data_blur/train/Fighting006_x264-5d5e9f649f_0_flip_lr_blur.mp4,/content/drive/MyDrive/ucf_experiments/ciclo_experimental_1/data/data_crop/train/Fighting006_x264-5d5e9f649f_0_flip_lr_crop.mp4,0
2734,/content/drive/MyDrive/ucf_experiments/ciclo_experimental_1/data/data_blur/train/Fighting039_x264-256258f0c9_1_flip_lr_blur.mp4,/content/drive/MyDrive/ucf_experiments/ciclo_experimental_1/data/data_crop/train/Fighting039_x264-256258f0c9_1_flip_lr_crop.mp4,1
2735,/content/drive/MyDrive/ucf_experiments/ciclo_experimental_1/data/data_blur/train/Arrest037_x264-3cb01ffff2_1_flip_lr_blur.mp4,/content/drive/MyDrive/ucf_experiments/ciclo_experimental_1/data/data_crop/train/Arrest037_x264-3cb01ffff2_1_flip_lr_crop.mp4,1
2736,/content/drive/MyDrive/ucf_experiments/ciclo_experimental_1/data/data_blur/train/Assault014_x264-262797db0f_0_flip_lr_blur.mp4,/content/drive/MyDrive/ucf_experiments/ciclo_experimental_1/data/data_crop/train/Assault014_x264-262797db0f_0_flip_lr_crop.mp4,0
2737,/content/drive/MyDrive/ucf_experiments/ciclo_experimental_1/data/data_blur/train/Robbery013_x264-379cd1a5ae_1_flip_lr_blur.mp4,/content/drive/MyDrive/ucf_experiments/ciclo_experimental_1/data/data_crop/train/Robbery013_x264-379cd1a5ae_1_flip_lr_crop.mp4,1
2738,/content/drive/MyDrive/ucf_experiments/ciclo_experimental_1/data/data_blur/train/Robbery082_x264-53e1d00fc2_0_flip_lr_blur.mp4,/content/drive/MyDrive/ucf_experiments/ciclo_experimental_1/data/data_crop/train/Robbery082_x264-53e1d00fc2_0_flip_lr_crop.mp4,0
2739,/content/drive/MyDrive/ucf_experiments/ciclo_experimental_1/data/data_blur/train/Arrest023_x264-b5e7732185_1_flip_lr_blur.mp4,/content/drive/MyDrive/ucf_experiments/ciclo_experimental_1/data/data_crop/train/Arrest023_x264-b5e7732185_1_flip_lr_crop.mp4,1
2740,/content/drive/MyDrive/ucf_experiments/ciclo_experimental_1/data/data_blur/train/Fighting026_x264-038abe46ee_0_flip_lr_blur.mp4,/content/drive/MyDrive/ucf_experiments/ciclo_experimental_1/data/data_crop/train/Fighting026_x264-038abe46ee_0_flip_lr_crop.mp4,0
2741,/content/drive/MyDrive/ucf_experiments/ciclo_experimental_1/data/data_blur/train/Abuse018_x264-37c7d4ce20_0_flip_lr_blur.mp4,/content/drive/MyDrive/ucf_experiments/ciclo_experimental_1/data/data_crop/train/Abuse018_x264-37c7d4ce20_0_flip_lr_crop.mp4,0
2742,/content/drive/MyDrive/ucf_experiments/ciclo_experimental_1/data/data_blur/train/Robbery019_x264-d929044445_1_flip_lr_blur.mp4,/content/drive/MyDrive/ucf_experiments/ciclo_experimental_1/data/data_crop/train/Robbery019_x264-d929044445_1_flip_lr_crop.mp4,1
2743,/content/drive/MyDrive/ucf_experiments/ciclo_experimental_1/data/data_blur/train/Arrest011_x264-2d2a79e8dd_0_flip_lr_blur.mp4,/content/drive/MyDrive/ucf_experiments/ciclo_experimental_1/data/data_crop/train/Arrest011_x264-2d2a79e8dd_0_flip_lr_crop.mp4,0
2744,/content/drive/MyDrive/ucf_experiments/ciclo_experimental_1/data/data_blur/train/Assault030_x264-ba1bc6ccb8_1_flip_lr_blur.mp4,/content/drive/MyDrive/ucf_experiments/ciclo_experimental_1/data/data_crop/train/Assault030_x264-ba1bc6ccb8_1_flip_lr_crop.mp4,1
2745,/content/drive/MyDrive/ucf_experiments/ciclo_experimental_1/data/data_blur/train/Arrest034_x264-67537fcd71_0_flip_lr_blur.mp4,/content/drive/MyDrive/ucf_experiments/ciclo_experimental_1/data/data_crop/train/Arrest034_x264-67537fcd71_0_flip_lr_crop.mp4,0
2746,/content/drive/MyDrive/ucf_experiments/ciclo_experimental_1/data/data_blur/train/Assault031_x264-62f4ec8b5b_0_flip_lr_blur.mp4,/content/drive/MyDrive/ucf_experiments/ciclo_experimental_1/data/data_crop/train/Assault031_x264-62f4ec8b5b_0_flip_lr_crop.mp4,0
2747,/content/drive/MyDrive/ucf_experiments/ciclo_experimental_1/data/data_blur/train/Arrest005_x264-d1b028f128_1_flip_lr_blur.mp4,/content/drive/MyDrive/ucf_experiments/ciclo_experimental_1/data/data_crop/train/Arrest005_x264-d1b028f128_1_flip_lr_crop.mp4,1
2748,/content/drive/MyDrive/ucf_experiments/ciclo_experimental_1/data/data_blur/train/Abuse006_x264-dba5719b70_1_flip_lr_blur.mp4,/content/drive/MyDrive/ucf_experiments/ciclo_experimental_1/data/data_crop/train/Abuse006_x264-dba5719b70_1_flip_lr_crop.mp4,1
2749,/content/drive/MyDrive/ucf_experiments/ciclo_experimental_1/data/data_blur/train/Abuse035_x264-4ae5ca057d_1_flip_lr_blur.mp4,/content/drive/MyDrive/ucf_experiments/ciclo_experimental_1/data/data_crop/train/Abuse035_x264-4ae5ca057d_1_flip_lr_crop.mp4,1
2750,/content/drive/MyDrive/ucf_experiments/ciclo_experimental_1/data/data_blur/train/Assault049_x264-7b0cd6c5da_0_flip_lr_blur.mp4,/content/drive/MyDrive/ucf_experiments/ciclo_experimental_1/data/data_crop/train/Assault049_x264-7b0cd6c5da_0_flip_lr_crop.mp4,0
2751,/content/drive/MyDrive/ucf_experiments/ciclo_experimental_1/data/data_blur/train/Assault002_x264-1a0eb63110_0_flip_lr_blur.mp4,/content/drive/MyDrive/ucf_experiments/ciclo_experimental_1/data/data_crop/train/Assault002_x264-1a0eb63110_0_flip_lr_crop.mp4,0
2752,/content/drive/MyDrive/ucf_experiments/ciclo_experimental_1/data/data_blur/train/Abuse006_x264-5201cff8e1_1_flip_lr_blur.mp4,/content/drive/MyDrive/ucf_experiments/ciclo_experimental_1/data/data_crop/train/Abuse006_x264-5201cff8e1_1_flip_lr_crop.mp4,1
2753,/content/drive/MyDrive/ucf_experiments/ciclo_experimental_1/data/data_blur/train/Arrest031_x264-c1aef33f36_0_flip_lr_blur.mp4,/content/drive/MyDrive/ucf_experiments/ciclo_experimental_1/data/data_crop/train/Arrest031_x264-c1aef33f36_0_flip_lr_crop.mp4,0
2754,/content/drive/MyDrive/ucf_experiments/ciclo_experimental_1/data/data_blur/train/Robbery064_x264-c999ce6033_1_flip_lr_blur.mp4,/content/drive/MyDrive/ucf_experiments/ciclo_experimental_1/data/data_crop/train/Robbery064_x264-c999ce6033_1_flip_lr_crop.mp4,1
2755,/content/drive/MyDrive/ucf_experiments/ciclo_experimental_1/data/data_blur/train/Fighting035_x264-4d5a95483b_0_flip_lr_blur.mp4,/content/drive/MyDrive/ucf_experiments/ciclo_experimental_1/data/data_crop/train/Fighting035_x264-4d5a95483b_0_flip_lr_crop.mp4,0
2756,/content/drive/MyDrive/ucf_experiments/ciclo_experimental_1/data/data_blur/train/Assault005_x264-dfd847a0d2_0_flip_lr_blur.mp4,/content/drive/MyDrive/ucf_experiments/ciclo_experimental_1/data/data_crop/train/Assault005_x264-dfd847a0d2_0_flip_lr_crop.mp4,0
2757,/content/drive/MyDrive/ucf_experiments/ciclo_experimental_1/data/data_blur/train/Fighting039_x264-03fe911198_0_flip_lr_blur.mp4,/content/drive/MyDrive/ucf_experiments/ciclo_experimental_1/data/data_crop/train/Fighting039_x264-03fe911198_0_flip_lr_crop.mp4,0
2758,/content/drive/MyDrive/ucf_experiments/ciclo_experimental_1/data/data_blur/train/Assault049_x264-bdf8630959_0_flip_lr_blur.mp4,/content/drive/MyDrive/ucf_experiments/ciclo_experimental_1/data/data_crop/train/Assault049_x264-bdf8630959_0_flip_lr_crop.mp4,0
2759,/content/drive/MyDrive/ucf_experiments/ciclo_experimental_1/data/data_blur/train/Robbery047_x264-d1a9a2271a_1_flip_lr_blur.mp4,/content/drive/MyDrive/ucf_experiments/ciclo_experimental_1/data/data_crop/train/Robbery047_x264-d1a9a2271a_1_flip_lr_crop.mp4,1
2760,/content/drive/MyDrive/ucf_experiments/ciclo_experimental_1/data/data_blur/train/Abuse012_x264-d2d0aa5dba_0_flip_lr_blur.mp4,/content/drive/MyDrive/ucf_experiments/ciclo_experimental_1/data/data_crop/train/Abuse012_x264-d2d0aa5dba_0_flip_lr_crop.mp4,0
2761,/content/drive/MyDrive/ucf_experiments/ciclo_experimental_1/data/data_blur/train/Arrest022_x264-0882683da1_0_flip_lr_blur.mp4,/content/drive/MyDrive/ucf_experiments/ciclo_experimental_1/data/data_crop/train/Arrest022_x264-0882683da1_0_flip_lr_crop.mp4,0
2762,/content/drive/MyDrive/ucf_experiments/ciclo_experimental_1/data/data_blur/train/Robbery024_x264-67b5035b03_1_flip_lr_blur.mp4,/content/drive/MyDrive/ucf_experiments/ciclo_experimental_1/data/data_crop/train/Robbery024_x264-67b5035b03_1_flip_lr_crop.mp4,1
2763,/content/drive/MyDrive/ucf_experiments/ciclo_experimental_1/data/data_blur/train/Fighting030_x264-32551c1f68_1_flip_lr_blur.mp4,/content/drive/MyDrive/ucf_experiments/ciclo_experimental_1/data/data_crop/train/Fighting030_x264-32551c1f68_1_flip_lr_crop.mp4,1
2764,/content/drive/MyDrive/ucf_experiments/ciclo_experimental_1/data/data_blur/train/Assault018_x264-6a79c808b7_0_flip_lr_blur.mp4,/content/drive/MyDrive/ucf_experiments/ciclo_experimental_1/data/data_crop/train/Assault018_x264-6a79c808b7_0_flip_lr_crop.mp4,0
2765,/content/drive/MyDrive/ucf_experiments/ciclo_experimental_1/data/data_blur/train/Fighting039_x264-22a0b6db6b_0_flip_lr_blur.mp4,/content/drive/MyDrive/ucf_experiments/ciclo_experimental_1/data/data_crop/train/Fighting039_x264-22a0b6db6b_0_flip_lr_crop.mp4,0
2766,/content/drive/MyDrive/ucf_experiments/ciclo_experimental_1/data/data_blur/train/Arrest043_x264-210706ac69_1_flip_lr_blur.mp4,/content/drive/MyDrive/ucf_experiments/ciclo_experimental_1/data/data_crop/train/Arrest043_x264-210706ac69_1_flip_lr_crop.mp4,1
2767,/content/drive/MyDrive/ucf_experiments/ciclo_experimental_1/data/data_blur/train/Abuse045_x264-3e5b496e04_0_flip_lr_blur.mp4,/content/drive/MyDrive/ucf_experiments/ciclo_experimental_1/data/data_crop/train/Abuse045_x264-3e5b496e04_0_flip_lr_crop.mp4,0
2768,/content/drive/MyDrive/ucf_experiments/ciclo_experimental_1/data/data_blur/train/Arrest002_x264-719b653fd9_0_flip_lr_blur.mp4,/content/drive/MyDrive/ucf_experiments/ciclo_experimental_1/data/data_crop/train/Arrest002_x264-719b653fd9_0_flip_lr_crop.mp4,0
2769,/content/drive/MyDrive/ucf_experiments/ciclo_experimental_1/data/data_blur/train/Robbery025_x264-cabb0ff0a7_1_flip_lr_blur.mp4,/content/drive/MyDrive/ucf_experiments/ciclo_experimental_1/data/data_crop/train/Robbery025_x264-cabb0ff0a7_1_flip_lr_crop.mp4,1
2770,/content/drive/MyDrive/ucf_experiments/ciclo_experimental_1/data/data_blur/train/Robbery072_x264-ed6e5c32a8_1_flip_lr_blur.mp4,/content/drive/MyDrive/ucf_experiments/ciclo_experimental_1/data/data_crop/train/Robbery072_x264-ed6e5c32a8_1_flip_lr_crop.mp4,1
2771,/content/drive/MyDrive/ucf_experiments/ciclo_experimental_1/data/data_blur/train/Robbery070_x264-b42d409d80_1_flip_lr_blur.mp4,/content/drive/MyDrive/ucf_experiments/ciclo_experimental_1/data/data_crop/train/Robbery070_x264-b42d409d80_1_flip_lr_crop.mp4,1
2772,/content/drive/MyDrive/ucf_experiments/ciclo_experimental_1/data/data_blur/train/Arrest037_x264-382a33a46a_0_flip_lr_blur.mp4,/content/drive/MyDrive/ucf_experiments/ciclo_experimental_1/data/data_crop/train/Arrest037_x264-382a33a46a_0_flip_lr_crop.mp4,0
2773,/content/drive/MyDrive/ucf_experiments/ciclo_experimental_1/data/data_blur/train/Abuse050_x264-68e7ecac12_1_flip_lr_blur.mp4,/content/drive/MyDrive/ucf_experiments/ciclo_experimental_1/data/data_crop/train/Abuse050_x264-68e7ecac12_1_flip_lr_crop.mp4,1
2774,/content/drive/MyDrive/ucf_experiments/ciclo_experimental_1/data/data_blur/train/Abuse037_x264-9c39cd3da3_0_flip_lr_blur.mp4,/content/drive/MyDrive/ucf_experiments/ciclo_experimental_1/data/data_crop/train/Abuse037_x264-9c39cd3da3_0_flip_lr_crop.mp4,0
2775,/content/drive/MyDrive/ucf_experiments/ciclo_experimental_1/data/data_blur/train/Robbery064_x264-a40b92a6ba_0_flip_lr_blur.mp4,/content/drive/MyDrive/ucf_experiments/ciclo_experimental_1/data/data_crop/train/Robbery064_x264-a40b92a6ba_0_flip_lr_crop.mp4,0
2776,/content/drive/MyDrive/ucf_experiments/ciclo_experimental_1/data/data_blur/train/Abuse048_x264-729b25aa9c_0_flip_lr_blur.mp4,/content/drive/MyDrive/ucf_experiments/ciclo_experimental_1/data/data_crop/train/Abuse048_x264-729b25aa9c_0_flip_lr_crop.mp4,0
2777,/content/drive/MyDrive/ucf_experiments/ciclo_experimental_1/data/data_blur/train/Arrest028_x264-773b2078c4_1_flip_lr_blur.mp4,/content/drive/MyDrive/ucf_experiments/ciclo_experimental_1/data/data_crop/train/Arrest028_x264-773b2078c4_1_flip_lr_crop.mp4,1
2778,/content/drive/MyDrive/ucf_experiments/ciclo_experimental_1/data/data_blur/train/Arrest005_x264-d444b08dee_1_flip_lr_blur.mp4,/content/drive/MyDrive/ucf_experiments/ciclo_experimental_1/data/data_crop/train/Arrest005_x264-d444b08dee_1_flip_lr_crop.mp4,1
2779,/content/drive/MyDrive/ucf_experiments/ciclo_experimental_1/data/data_blur/train/Arrest025_x264-b55dc17dd9_0_flip_lr_blur.mp4,/content/drive/MyDrive/ucf_experiments/ciclo_experimental_1/data/data_crop/train/Arrest025_x264-b55dc17dd9_0_flip_lr_crop.mp4,0
2780,/content/drive/MyDrive/ucf_experiments/ciclo_experimental_1/data/data_blur/train/Assault014_x264-827be1a817_0_flip_lr_blur.mp4,/content/drive/MyDrive/ucf_experiments/ciclo_experimental_1/data/data_crop/train/Assault014_x264-827be1a817_0_flip_lr_crop.mp4,0
2781,/content/drive/MyDrive/ucf_experiments/ciclo_experimental_1/data/data_blur/train/Assault018_x264-176b8b8bfd_0_flip_lr_blur.mp4,/content/drive/MyDrive/ucf_experiments/ciclo_experimental_1/data/data_crop/train/Assault018_x264-176b8b8bfd_0_flip_lr_crop.mp4,0
2782,/content/drive/MyDrive/ucf_experiments/ciclo_experimental_1/data/data_blur/train/Abuse006_x264-398edc6109_0_flip_lr_blur.mp4,/content/drive/MyDrive/ucf_experiments/ciclo_experimental_1/data/data_crop/train/Abuse006_x264-398edc6109_0_flip_lr_crop.mp4,0
2783,/content/drive/MyDrive/ucf_experiments/ciclo_experimental_1/data/data_blur/train/Assault026_x264-10ed29985a_1_flip_lr_blur.mp4,/content/drive/MyDrive/ucf_experiments/ciclo_experimental_1/data/data_crop/train/Assault026_x264-10ed29985a_1_flip_lr_crop.mp4,1
2784,/content/drive/MyDrive/ucf_experiments/ciclo_experimental_1/data/data_blur/train/Robbery105_x264-527bfdc4e6_0_flip_lr_blur.mp4,/content/drive/MyDrive/ucf_experiments/ciclo_experimental_1/data/data_crop/train/Robbery105_x264-527bfdc4e6_0_flip_lr_crop.mp4,0
2785,/content/drive/MyDrive/ucf_experiments/ciclo_experimental_1/data/data_blur/train/Robbery076_x264-45f4048b4a_1_flip_lr_blur.mp4,/content/drive/MyDrive/ucf_experiments/ciclo_experimental_1/data/data_crop/train/Robbery076_x264-45f4048b4a_1_flip_lr_crop.mp4,1
2786,/content/drive/MyDrive/ucf_experiments/ciclo_experimental_1/data/data_blur/train/Robbery066_x264-d8881b4b8e_0_flip_lr_blur.mp4,/content/drive/MyDrive/ucf_experiments/ciclo_experimental_1/data/data_crop/train/Robbery066_x264-d8881b4b8e_0_flip_lr_crop.mp4,0
2787,/content/drive/MyDrive/ucf_experiments/ciclo_experimental_1/data/data_blur/train/Assault044_x264-7b6ecc8b7f_0_flip_lr_blur.mp4,/content/drive/MyDrive/ucf_experiments/ciclo_experimental_1/data/data_crop/train/Assault044_x264-7b6ecc8b7f_0_flip_lr_crop.mp4,0
2788,/content/drive/MyDrive/ucf_experiments/ciclo_experimental_1/data/data_blur/train/Arrest026_x264-21ecd3dcfd_1_flip_lr_blur.mp4,/content/drive/MyDrive/ucf_experiments/ciclo_experimental_1/data/data_crop/train/Arrest026_x264-21ecd3dcfd_1_flip_lr_crop.mp4,1
2789,/content/drive/MyDrive/ucf_experiments/ciclo_experimental_1/data/data_blur/train/Arrest019_x264-2d1424c036_0_flip_lr_blur.mp4,/content/drive/MyDrive/ucf_experiments/ciclo_experimental_1/data/data_crop/train/Arrest019_x264-2d1424c036_0_flip_lr_crop.mp4,0
2790,/content/drive/MyDrive/ucf_experiments/ciclo_experimental_1/data/data_blur/train/Fighting024_x264-149eaee34a_0_flip_lr_blur.mp4,/content/drive/MyDrive/ucf_experiments/ciclo_experimental_1/data/data_crop/train/Fighting024_x264-149eaee34a_0_flip_lr_crop.mp4,0
2791,/content/drive/MyDrive/ucf_experiments/ciclo_experimental_1/data/data_blur/train/Robbery064_x264-61b3b8b3e9_0_flip_lr_blur.mp4,/content/drive/MyDrive/ucf_experiments/ciclo_experimental_1/data/data_crop/train/Robbery064_x264-61b3b8b3e9_0_flip_lr_crop.mp4,0
2792,/content/drive/MyDrive/ucf_experiments/ciclo_experimental_1/data/data_blur/train/Robbery015_x264-f05e2292e4_0_flip_lr_blur.mp4,/content/drive/MyDrive/ucf_experiments/ciclo_experimental_1/data/data_crop/train/Robbery015_x264-f05e2292e4_0_flip_lr_crop.mp4,0
2793,/content/drive/MyDrive/ucf_experiments/ciclo_experimental_1/data/data_blur/train/Robbery103_x264-3f91346c2b_0_flip_lr_blur.mp4,/content/drive/MyDrive/ucf_experiments/ciclo_experimental_1/data/data_crop/train/Robbery103_x264-3f91346c2b_0_flip_lr_crop.mp4,0
2794,/content/drive/MyDrive/ucf_experiments/ciclo_experimental_1/data/data_blur/train/Fighting026_x264-e3dc896836_1_flip_lr_blur.mp4,/content/drive/MyDrive/ucf_experiments/ciclo_experimental_1/data/data_crop/train/Fighting026_x264-e3dc896836_1_flip_lr_crop.mp4,1
2795,/content/drive/MyDrive/ucf_experiments/ciclo_experimental_1/data/data_blur/train/Assault008_x264-6798892d3d_0_flip_lr_blur.mp4,/content/drive/MyDrive/ucf_experiments/ciclo_experimental_1/data/data_crop/train/Assault008_x264-6798892d3d_0_flip_lr_crop.mp4,0
2796,/content/drive/MyDrive/ucf_experiments/ciclo_experimental_1/data/data_blur/train/Arrest025_x264-0d5ed2c234_0_flip_lr_blur.mp4,/content/drive/MyDrive/ucf_experiments/ciclo_experimental_1/data/data_crop/train/Arrest025_x264-0d5ed2c234_0_flip_lr_crop.mp4,0
2797,/content/drive/MyDrive/ucf_experiments/ciclo_experimental_1/data/data_blur/train/Abuse049_x264-720d3d2771_0_flip_lr_blur.mp4,/content/drive/MyDrive/ucf_experiments/ciclo_experimental_1/data/data_crop/train/Abuse049_x264-720d3d2771_0_flip_lr_crop.mp4,0
2798,/content/drive/MyDrive/ucf_experiments/ciclo_experimental_1/data/data_blur/train/Arrest032_x264-8be644195a_1_flip_lr_blur.mp4,/content/drive/MyDrive/ucf_experiments/ciclo_experimental_1/data/data_crop/train/Arrest032_x264-8be644195a_1_flip_lr_crop.mp4,1
2799,/content/drive/MyDrive/ucf_experiments/ciclo_experimental_1/data/data_blur/train/Fighting051_x264-cd410c9599_1_flip_lr_blur.mp4,/content/drive/MyDrive/ucf_experiments/ciclo_experimental_1/data/data_crop/train/Fighting051_x264-cd410c9599_1_flip_lr_crop.mp4,1
2800,/content/drive/MyDrive/ucf_experiments/ciclo_experimental_1/data/data_blur/train/Robbery020_x264-550ccca615_0_flip_lr_blur.mp4,/content/drive/MyDrive/ucf_experiments/ciclo_experimental_1/data/data_crop/train/Robbery020_x264-550ccca615_0_flip_lr_crop.mp4,0
2801,/content/drive/MyDrive/ucf_experiments/ciclo_experimental_1/data/data_blur/train/Fighting025_x264-187103371c_0_flip_lr_blur.mp4,/content/drive/MyDrive/ucf_experiments/ciclo_experimental_1/data/data_crop/train/Fighting025_x264-187103371c_0_flip_lr_crop.mp4,0
2802,/content/drive/MyDrive/ucf_experiments/ciclo_experimental_1/data/data_blur/train/Arrest023_x264-beafab24dd_1_flip_lr_blur.mp4,/content/drive/MyDrive/ucf_experiments/ciclo_experimental_1/data/data_crop/train/Arrest023_x264-beafab24dd_1_flip_lr_crop.mp4,1
2803,/content/drive/MyDrive/ucf_experiments/ciclo_experimental_1/data/data_blur/train/Assault003_x264-173be3e6f2_0_flip_lr_blur.mp4,/content/drive/MyDrive/ucf_experiments/ciclo_experimental_1/data/data_crop/train/Assault003_x264-173be3e6f2_0_flip_lr_crop.mp4,0
2804,/content/drive/MyDrive/ucf_experiments/ciclo_experimental_1/data/data_blur/train/Assault014_x264-23b68a24ce_0_flip_lr_blur.mp4,/content/drive/MyDrive/ucf_experiments/ciclo_experimental_1/data/data_crop/train/Assault014_x264-23b68a24ce_0_flip_lr_crop.mp4,0
2805,/content/drive/MyDrive/ucf_experiments/ciclo_experimental_1/data/data_blur/train/Robbery098_x264-c6c4aa1283_0_flip_lr_blur.mp4,/content/drive/MyDrive/ucf_experiments/ciclo_experimental_1/data/data_crop/train/Robbery098_x264-c6c4aa1283_0_flip_lr_crop.mp4,0
2806,/content/drive/MyDrive/ucf_experiments/ciclo_experimental_1/data/data_blur/train/Fighting049_x264-39816c7dbb_0_flip_lr_blur.mp4,/content/drive/MyDrive/ucf_experiments/ciclo_experimental_1/data/data_crop/train/Fighting049_x264-39816c7dbb_0_flip_lr_crop.mp4,0
2807,/content/drive/MyDrive/ucf_experiments/ciclo_experimental_1/data/data_blur/train/Arrest011_x264-9173b43cb3_1_flip_lr_blur.mp4,/content/drive/MyDrive/ucf_experiments/ciclo_experimental_1/data/data_crop/train/Arrest011_x264-9173b43cb3_1_flip_lr_crop.mp4,1
2808,/content/drive/MyDrive/ucf_experiments/ciclo_experimental_1/data/data_blur/train/Robbery067_x264-82c9ddf35f_0_flip_lr_blur.mp4,/content/drive/MyDrive/ucf_experiments/ciclo_experimental_1/data/data_crop/train/Robbery067_x264-82c9ddf35f_0_flip_lr_crop.mp4,0
2809,/content/drive/MyDrive/ucf_experiments/ciclo_experimental_1/data/data_blur/train/Abuse018_x264-c287862589_1_flip_lr_blur.mp4,/content/drive/MyDrive/ucf_experiments/ciclo_experimental_1/data/data_crop/train/Abuse018_x264-c287862589_1_flip_lr_crop.mp4,1
2810,/content/drive/MyDrive/ucf_experiments/ciclo_experimental_1/data/data_blur/train/Robbery035_x264-82b6623394_0_flip_lr_blur.mp4,/content/drive/MyDrive/ucf_experiments/ciclo_experimental_1/data/data_crop/train/Robbery035_x264-82b6623394_0_flip_lr_crop.mp4,0
2811,/content/drive/MyDrive/ucf_experiments/ciclo_experimental_1/data/data_blur/train/Robbery040_x264-67aa849783_0_flip_lr_blur.mp4,/content/drive/MyDrive/ucf_experiments/ciclo_experimental_1/data/data_crop/train/Robbery040_x264-67aa849783_0_flip_lr_crop.mp4,0
2812,/content/drive/MyDrive/ucf_experiments/ciclo_experimental_1/data/data_blur/train/Abuse003_x264-8f7a24fcac_0_flip_lr_blur.mp4,/content/drive/MyDrive/ucf_experiments/ciclo_experimental_1/data/data_crop/train/Abuse003_x264-8f7a24fcac_0_flip_lr_crop.mp4,0
2813,/content/drive/MyDrive/ucf_experiments/ciclo_experimental_1/data/data_blur/train/Arrest006_x264-ed74d0ef88_0_flip_lr_blur.mp4,/content/drive/MyDrive/ucf_experiments/ciclo_experimental_1/data/data_crop/train/Arrest006_x264-ed74d0ef88_0_flip_lr_crop.mp4,0
2814,/content/drive/MyDrive/ucf_experiments/ciclo_experimental_1/data/data_blur/train/Abuse017_x264-77d427d6f2_0_flip_lr_blur.mp4,/content/drive/MyDrive/ucf_experiments/ciclo_experimental_1/data/data_crop/train/Abuse017_x264-77d427d6f2_0_flip_lr_crop.mp4,0
2815,/content/drive/MyDrive/ucf_experiments/ciclo_experimental_1/data/data_blur/train/Robbery020_x264-9da613fa83_1_flip_lr_blur.mp4,/content/drive/MyDrive/ucf_experiments/ciclo_experimental_1/data/data_crop/train/Robbery020_x264-9da613fa83_1_flip_lr_crop.mp4,1
2816,/content/drive/MyDrive/ucf_experiments/ciclo_experimental_1/data/data_blur/train/Robbery051_x264-4e6b6617be_1_flip_lr_blur.mp4,/content/drive/MyDrive/ucf_experiments/ciclo_experimental_1/data/data_crop/train/Robbery051_x264-4e6b6617be_1_flip_lr_crop.mp4,1
2817,/content/drive/MyDrive/ucf_experiments/ciclo_experimental_1/data/data_blur/train/Abuse004_x264-fb8609820b_1_flip_lr_blur.mp4,/content/drive/MyDrive/ucf_experiments/ciclo_experimental_1/data/data_crop/train/Abuse004_x264-fb8609820b_1_flip_lr_crop.mp4,1
2818,/content/drive/MyDrive/ucf_experiments/ciclo_experimental_1/data/data_blur/train/Robbery098_x264-14f16de9b6_0_flip_lr_blur.mp4,/content/drive/MyDrive/ucf_experiments/ciclo_experimental_1/data/data_crop/train/Robbery098_x264-14f16de9b6_0_flip_lr_crop.mp4,0
2819,/content/drive/MyDrive/ucf_experiments/ciclo_experimental_1/data/data_blur/train/Arrest021_x264-e4798cfe47_1_flip_lr_blur.mp4,/content/drive/MyDrive/ucf_experiments/ciclo_experimental_1/data/data_crop/train/Arrest021_x264-e4798cfe47_1_flip_lr_crop.mp4,1
2820,/content/drive/MyDrive/ucf_experiments/ciclo_experimental_1/data/data_blur/train/Fighting035_x264-70c7610e87_0_flip_lr_blur.mp4,/content/drive/MyDrive/ucf_experiments/ciclo_experimental_1/data/data_crop/train/Fighting035_x264-70c7610e87_0_flip_lr_crop.mp4,0
2821,/content/drive/MyDrive/ucf_experiments/ciclo_experimental_1/data/data_blur/train/Fighting040_x264-2f304f455d_0_flip_lr_blur.mp4,/content/drive/MyDrive/ucf_experiments/ciclo_experimental_1/data/data_crop/train/Fighting040_x264-2f304f455d_0_flip_lr_crop.mp4,0
2822,/content/drive/MyDrive/ucf_experiments/ciclo_experimental_1/data/data_blur/train/Abuse045_x264-da99a32499_1_flip_lr_blur.mp4,/content/drive/MyDrive/ucf_experiments/ciclo_experimental_1/data/data_crop/train/Abuse045_x264-da99a32499_1_flip_lr_crop.mp4,1
2823,/content/drive/MyDrive/ucf_experiments/ciclo_experimental_1/data/data_blur/train/Robbery086_x264-4a3fe924a6_1_flip_lr_blur.mp4,/content/drive/MyDrive/ucf_experiments/ciclo_experimental_1/data/data_crop/train/Robbery086_x264-4a3fe924a6_1_flip_lr_crop.mp4,1
2824,/content/drive/MyDrive/ucf_experiments/ciclo_experimental_1/data/data_blur/train/Fighting002_x264-78dbadf844_0_flip_lr_blur.mp4,/content/drive/MyDrive/ucf_experiments/ciclo_experimental_1/data/data_crop/train/Fighting002_x264-78dbadf844_0_flip_lr_crop.mp4,0
2825,/content/drive/MyDrive/ucf_experiments/ciclo_experimental_1/data/data_blur/train/Robbery009_x264-06ec13c5b9_1_flip_lr_blur.mp4,/content/drive/MyDrive/ucf_experiments/ciclo_experimental_1/data/data_crop/train/Robbery009_x264-06ec13c5b9_1_flip_lr_crop.mp4,1
2826,/content/drive/MyDrive/ucf_experiments/ciclo_experimental_1/data/data_blur/train/Abuse009_x264-42e1329ba4_0_flip_lr_blur.mp4,/content/drive/MyDrive/ucf_experiments/ciclo_experimental_1/data/data_crop/train/Abuse009_x264-42e1329ba4_0_flip_lr_crop.mp4,0
2827,/content/drive/MyDrive/ucf_experiments/ciclo_experimental_1/data/data_blur/train/Arrest025_x264-4e18e79bdd_0_flip_lr_blur.mp4,/content/drive/MyDrive/ucf_experiments/ciclo_experimental_1/data/data_crop/train/Arrest025_x264-4e18e79bdd_0_flip_lr_crop.mp4,0
2828,/content/drive/MyDrive/ucf_experiments/ciclo_experimental_1/data/data_blur/train/Assault008_x264-91914a280c_1_flip_lr_blur.mp4,/content/drive/MyDrive/ucf_experiments/ciclo_experimental_1/data/data_crop/train/Assault008_x264-91914a280c_1_flip_lr_crop.mp4,1
2829,/content/drive/MyDrive/ucf_experiments/ciclo_experimental_1/data/data_blur/train/Robbery054_x264-16229527a6_0_flip_lr_blur.mp4,/content/drive/MyDrive/ucf_experiments/ciclo_experimental_1/data/data_crop/train/Robbery054_x264-16229527a6_0_flip_lr_crop.mp4,0
2830,/content/drive/MyDrive/ucf_experiments/ciclo_experimental_1/data/data_blur/train/Abuse003_x264-d479e57b5f_0_flip_lr_blur.mp4,/content/drive/MyDrive/ucf_experiments/ciclo_experimental_1/data/data_crop/train/Abuse003_x264-d479e57b5f_0_flip_lr_crop.mp4,0
2831,/content/drive/MyDrive/ucf_experiments/ciclo_experimental_1/data/data_blur/train/Fighting008_x264-6fb2924336_0_flip_lr_blur.mp4,/content/drive/MyDrive/ucf_experiments/ciclo_experimental_1/data/data_crop/train/Fighting008_x264-6fb2924336_0_flip_lr_crop.mp4,0
2832,/content/drive/MyDrive/ucf_experiments/ciclo_experimental_1/data/data_blur/train/Arrest017_x264-541fe8fb1a_0_flip_lr_blur.mp4,/content/drive/MyDrive/ucf_experiments/ciclo_experimental_1/data/data_crop/train/Arrest017_x264-541fe8fb1a_0_flip_lr_crop.mp4,0
2833,/content/drive/MyDrive/ucf_experiments/ciclo_experimental_1/data/data_blur/train/Robbery098_x264-ff289de4ec_0_flip_lr_blur.mp4,/content/drive/MyDrive/ucf_experiments/ciclo_experimental_1/data/data_crop/train/Robbery098_x264-ff289de4ec_0_flip_lr_crop.mp4,0
2834,/content/drive/MyDrive/ucf_experiments/ciclo_experimental_1/data/data_blur/train/Robbery033_x264-f83654fb81_1_flip_lr_blur.mp4,/content/drive/MyDrive/ucf_experiments/ciclo_experimental_1/data/data_crop/train/Robbery033_x264-f83654fb81_1_flip_lr_crop.mp4,1
2835,/content/drive/MyDrive/ucf_experiments/ciclo_experimental_1/data/data_blur/train/Assault008_x264-eca14f8f9b_1_flip_lr_blur.mp4,/content/drive/MyDrive/ucf_experiments/ciclo_experimental_1/data/data_crop/train/Assault008_x264-eca14f8f9b_1_flip_lr_crop.mp4,1
2836,/content/drive/MyDrive/ucf_experiments/ciclo_experimental_1/data/data_blur/train/Arrest031_x264-9b7774cbae_0_flip_lr_blur.mp4,/content/drive/MyDrive/ucf_experiments/ciclo_experimental_1/data/data_crop/train/Arrest031_x264-9b7774cbae_0_flip_lr_crop.mp4,0
2837,/content/drive/MyDrive/ucf_experiments/ciclo_experimental_1/data/data_blur/train/Robbery015_x264-7921ef220e_1_flip_lr_blur.mp4,/content/drive/MyDrive/ucf_experiments/ciclo_experimental_1/data/data_crop/train/Robbery015_x264-7921ef220e_1_flip_lr_crop.mp4,1
2838,/content/drive/MyDrive/ucf_experiments/ciclo_experimental_1/data/data_blur/train/Fighting021_x264-20f3c7b91e_0_flip_lr_blur.mp4,/content/drive/MyDrive/ucf_experiments/ciclo_experimental_1/data/data_crop/train/Fighting021_x264-20f3c7b91e_0_flip_lr_crop.mp4,0
2839,/content/drive/MyDrive/ucf_experiments/ciclo_experimental_1/data/data_blur/train/Fighting046_x264-ac2c601815_0_flip_lr_blur.mp4,/content/drive/MyDrive/ucf_experiments/ciclo_experimental_1/data/data_crop/train/Fighting046_x264-ac2c601815_0_flip_lr_crop.mp4,0
2840,/content/drive/MyDrive/ucf_experiments/ciclo_experimental_1/data/data_blur/train/Fighting013_x264-7162273f2a_1_flip_lr_blur.mp4,/content/drive/MyDrive/ucf_experiments/ciclo_experimental_1/data/data_crop/train/Fighting013_x264-7162273f2a_1_flip_lr_crop.mp4,1
2841,/content/drive/MyDrive/ucf_experiments/ciclo_experimental_1/data/data_blur/train/Abuse036_x264-9c0b521138_0_flip_lr_blur.mp4,/content/drive/MyDrive/ucf_experiments/ciclo_experimental_1/data/data_crop/train/Abuse036_x264-9c0b521138_0_flip_lr_crop.mp4,0
2842,/content/drive/MyDrive/ucf_experiments/ciclo_experimental_1/data/data_blur/train/Robbery047_x264-50d36e575a_1_flip_lr_blur.mp4,/content/drive/MyDrive/ucf_experiments/ciclo_experimental_1/data/data_crop/train/Robbery047_x264-50d36e575a_1_flip_lr_crop.mp4,1
2843,/content/drive/MyDrive/ucf_experiments/ciclo_experimental_1/data/data_blur/train/Fighting036_x264-52419f50c9_1_flip_lr_blur.mp4,/content/drive/MyDrive/ucf_experiments/ciclo_experimental_1/data/data_crop/train/Fighting036_x264-52419f50c9_1_flip_lr_crop.mp4,1
2844,/content/drive/MyDrive/ucf_experiments/ciclo_experimental_1/data/data_blur/train/Arrest033_x264-d22a522f35_1_flip_lr_blur.mp4,/content/drive/MyDrive/ucf_experiments/ciclo_experimental_1/data/data_crop/train/Arrest033_x264-d22a522f35_1_flip_lr_crop.mp4,1
2845,/content/drive/MyDrive/ucf_experiments/ciclo_experimental_1/data/data_blur/train/Robbery081_x264-f951b05461_1_flip_lr_blur.mp4,/content/drive/MyDrive/ucf_experiments/ciclo_experimental_1/data/data_crop/train/Robbery081_x264-f951b05461_1_flip_lr_crop.mp4,1
2846,/content/drive/MyDrive/ucf_experiments/ciclo_experimental_1/data/data_blur/train/Abuse025_x264-899277d0f2_0_flip_lr_blur.mp4,/content/drive/MyDrive/ucf_experiments/ciclo_experimental_1/data/data_crop/train/Abuse025_x264-899277d0f2_0_flip_lr_crop.mp4,0
2847,/content/drive/MyDrive/ucf_experiments/ciclo_experimental_1/data/data_blur/train/Assault018_x264-80412e3b93_0_flip_lr_blur.mp4,/content/drive/MyDrive/ucf_experiments/ciclo_experimental_1/data/data_crop/train/Assault018_x264-80412e3b93_0_flip_lr_crop.mp4,0
2848,/content/drive/MyDrive/ucf_experiments/ciclo_experimental_1/data/data_blur/train/Arrest031_x264-1ccd7dacc3_1_flip_lr_blur.mp4,/content/drive/MyDrive/ucf_experiments/ciclo_experimental_1/data/data_crop/train/Arrest031_x264-1ccd7dacc3_1_flip_lr_crop.mp4,1
2849,/content/drive/MyDrive/ucf_experiments/ciclo_experimental_1/data/data_blur/train/Arrest015_x264-b9790fd9af_0_flip_lr_blur.mp4,/content/drive/MyDrive/ucf_experiments/ciclo_experimental_1/data/data_crop/train/Arrest015_x264-b9790fd9af_0_flip_lr_crop.mp4,0
2850,/content/drive/MyDrive/ucf_experiments/ciclo_experimental_1/data/data_blur/train/Arrest006_x264-0386363a81_0_flip_lr_blur.mp4,/content/drive/MyDrive/ucf_experiments/ciclo_experimental_1/data/data_crop/train/Arrest006_x264-0386363a81_0_flip_lr_crop.mp4,0
2851,/content/drive/MyDrive/ucf_experiments/ciclo_experimental_1/data/data_blur/train/Abuse032_x264-cf4771592c_0_flip_lr_blur.mp4,/content/drive/MyDrive/ucf_experiments/ciclo_experimental_1/data/data_crop/train/Abuse032_x264-cf4771592c_0_flip_lr_crop.mp4,0
2852,/content/drive/MyDrive/ucf_experiments/ciclo_experimental_1/data/data_blur/train/Abuse022_x264-6f207b062d_1_flip_lr_blur.mp4,/content/drive/MyDrive/ucf_experiments/ciclo_experimental_1/data/data_crop/train/Abuse022_x264-6f207b062d_1_flip_lr_crop.mp4,1
2853,/content/drive/MyDrive/ucf_experiments/ciclo_experimental_1/data/data_blur/train/Robbery016_x264-84c341f972_0_flip_lr_blur.mp4,/content/drive/MyDrive/ucf_experiments/ciclo_experimental_1/data/data_crop/train/Robbery016_x264-84c341f972_0_flip_lr_crop.mp4,0
2854,/content/drive/MyDrive/ucf_experiments/ciclo_experimental_1/data/data_blur/train/Robbery047_x264-ae52288eb2_1_flip_lr_blur.mp4,/content/drive/MyDrive/ucf_experiments/ciclo_experimental_1/data/data_crop/train/Robbery047_x264-ae52288eb2_1_flip_lr_crop.mp4,1
2855,/content/drive/MyDrive/ucf_experiments/ciclo_experimental_1/data/data_blur/train/Assault042_x264-50175e2c00_0_flip_lr_blur.mp4,/content/drive/MyDrive/ucf_experiments/ciclo_experimental_1/data/data_crop/train/Assault042_x264-50175e2c00_0_flip_lr_crop.mp4,0
2856,/content/drive/MyDrive/ucf_experiments/ciclo_experimental_1/data/data_blur/train/Robbery023_x264-340dac3d71_1_flip_lr_blur.mp4,/content/drive/MyDrive/ucf_experiments/ciclo_experimental_1/data/data_crop/train/Robbery023_x264-340dac3d71_1_flip_lr_crop.mp4,1
2857,/content/drive/MyDrive/ucf_experiments/ciclo_experimental_1/data/data_blur/train/Robbery009_x264-8a2e2cff0a_1_flip_lr_blur.mp4,/content/drive/MyDrive/ucf_experiments/ciclo_experimental_1/data/data_crop/train/Robbery009_x264-8a2e2cff0a_1_flip_lr_crop.mp4,1
2858,/content/drive/MyDrive/ucf_experiments/ciclo_experimental_1/data/data_blur/train/Robbery098_x264-2550b3cf08_0_flip_lr_blur.mp4,/content/drive/MyDrive/ucf_experiments/ciclo_experimental_1/data/data_crop/train/Robbery098_x264-2550b3cf08_0_flip_lr_crop.mp4,0
2859,/content/drive/MyDrive/ucf_experiments/ciclo_experimental_1/data/data_blur/train/Assault044_x264-84100cbbaa_0_flip_lr_blur.mp4,/content/drive/MyDrive/ucf_experiments/ciclo_experimental_1/data/data_crop/train/Assault044_x264-84100cbbaa_0_flip_lr_crop.mp4,0
2860,/content/drive/MyDrive/ucf_experiments/ciclo_experimental_1/data/data_blur/train/Robbery017_x264-0992121ddc_0_flip_lr_blur.mp4,/content/drive/MyDrive/ucf_experiments/ciclo_experimental_1/data/data_crop/train/Robbery017_x264-0992121ddc_0_flip_lr_crop.mp4,0
2861,/content/drive/MyDrive/ucf_experiments/ciclo_experimental_1/data/data_blur/train/Fighting039_x264-3349c998e5_1_flip_lr_blur.mp4,/content/drive/MyDrive/ucf_experiments/ciclo_experimental_1/data/data_crop/train/Fighting039_x264-3349c998e5_1_flip_lr_crop.mp4,1
2862,/content/drive/MyDrive/ucf_experiments/ciclo_experimental_1/data/data_blur/train/Assault022_x264-f594bb611a_0_flip_lr_blur.mp4,/content/drive/MyDrive/ucf_experiments/ciclo_experimental_1/data/data_crop/train/Assault022_x264-f594bb611a_0_flip_lr_crop.mp4,0
2863,/content/drive/MyDrive/ucf_experiments/ciclo_experimental_1/data/data_blur/train/Abuse029_x264-ff0b4b64b4_0_flip_lr_blur.mp4,/content/drive/MyDrive/ucf_experiments/ciclo_experimental_1/data/data_crop/train/Abuse029_x264-ff0b4b64b4_0_flip_lr_crop.mp4,0
2864,/content/drive/MyDrive/ucf_experiments/ciclo_experimental_1/data/data_blur/train/Robbery039_x264-c8b9a130b0_1_flip_lr_blur.mp4,/content/drive/MyDrive/ucf_experiments/ciclo_experimental_1/data/data_crop/train/Robbery039_x264-c8b9a130b0_1_flip_lr_crop.mp4,1
2865,/content/drive/MyDrive/ucf_experiments/ciclo_experimental_1/data/data_blur/train/Abuse009_x264-569f9ac917_1_flip_lr_blur.mp4,/content/drive/MyDrive/ucf_experiments/ciclo_experimental_1/data/data_crop/train/Abuse009_x264-569f9ac917_1_flip_lr_crop.mp4,1
2866,/content/drive/MyDrive/ucf_experiments/ciclo_experimental_1/data/data_blur/train/Arrest012_x264-ab634244e5_0_flip_lr_blur.mp4,/content/drive/MyDrive/ucf_experiments/ciclo_experimental_1/data/data_crop/train/Arrest012_x264-ab634244e5_0_flip_lr_crop.mp4,0
2867,/content/drive/MyDrive/ucf_experiments/ciclo_experimental_1/data/data_blur/train/Robbery093_x264-5848a953b5_1_flip_lr_blur.mp4,/content/drive/MyDrive/ucf_experiments/ciclo_experimental_1/data/data_crop/train/Robbery093_x264-5848a953b5_1_flip_lr_crop.mp4,1
2868,/content/drive/MyDrive/ucf_experiments/ciclo_experimental_1/data/data_blur/train/Robbery056_x264-f1fd0200eb_1_flip_lr_blur.mp4,/content/drive/MyDrive/ucf_experiments/ciclo_experimental_1/data/data_crop/train/Robbery056_x264-f1fd0200eb_1_flip_lr_crop.mp4,1
2869,/content/drive/MyDrive/ucf_experiments/ciclo_experimental_1/data/data_blur/train/Assault009_x264-7f4abbcb47_1_flip_lr_blur.mp4,/content/drive/MyDrive/ucf_experiments/ciclo_experimental_1/data/data_crop/train/Assault009_x264-7f4abbcb47_1_flip_lr_crop.mp4,1
2870,/content/drive/MyDrive/ucf_experiments/ciclo_experimental_1/data/data_blur/train/Arrest048_x264-9a8dfc0154_1_flip_lr_blur.mp4,/content/drive/MyDrive/ucf_experiments/ciclo_experimental_1/data/data_crop/train/Arrest048_x264-9a8dfc0154_1_flip_lr_crop.mp4,1
2871,/content/drive/MyDrive/ucf_experiments/ciclo_experimental_1/data/data_blur/train/Robbery038_x264-1b3b8c3f25_1_flip_lr_blur.mp4,/content/drive/MyDrive/ucf_experiments/ciclo_experimental_1/data/data_crop/train/Robbery038_x264-1b3b8c3f25_1_flip_lr_crop.mp4,1
2872,/content/drive/MyDrive/ucf_experiments/ciclo_experimental_1/data/data_blur/train/Robbery032_x264-7bd325b4d8_0_flip_lr_blur.mp4,/content/drive/MyDrive/ucf_experiments/ciclo_experimental_1/data/data_crop/train/Robbery032_x264-7bd325b4d8_0_flip_lr_crop.mp4,0
2873,/content/drive/MyDrive/ucf_experiments/ciclo_experimental_1/data/data_blur/train/Arrest023_x264-57e1bd0809_1_flip_lr_blur.mp4,/content/drive/MyDrive/ucf_experiments/ciclo_experimental_1/data/data_crop/train/Arrest023_x264-57e1bd0809_1_flip_lr_crop.mp4,1
2874,/content/drive/MyDrive/ucf_experiments/ciclo_experimental_1/data/data_blur/train/Abuse026_x264-5538273e6d_0_flip_lr_blur.mp4,/content/drive/MyDrive/ucf_experiments/ciclo_experimental_1/data/data_crop/train/Abuse026_x264-5538273e6d_0_flip_lr_crop.mp4,0
2875,/content/drive/MyDrive/ucf_experiments/ciclo_experimental_1/data/data_blur/train/Fighting004_x264-81de5d2a3d_1_flip_lr_blur.mp4,/content/drive/MyDrive/ucf_experiments/ciclo_experimental_1/data/data_crop/train/Fighting004_x264-81de5d2a3d_1_flip_lr_crop.mp4,1
2876,/content/drive/MyDrive/ucf_experiments/ciclo_experimental_1/data/data_blur/train/Fighting039_x264-37de9f5746_0_flip_lr_blur.mp4,/content/drive/MyDrive/ucf_experiments/ciclo_experimental_1/data/data_crop/train/Fighting039_x264-37de9f5746_0_flip_lr_crop.mp4,0
2877,/content/drive/MyDrive/ucf_experiments/ciclo_experimental_1/data/data_blur/train/Robbery037_x264-fabd4f5ccc_0_flip_lr_blur.mp4,/content/drive/MyDrive/ucf_experiments/ciclo_experimental_1/data/data_crop/train/Robbery037_x264-fabd4f5ccc_0_flip_lr_crop.mp4,0
2878,/content/drive/MyDrive/ucf_experiments/ciclo_experimental_1/data/data_blur/train/Robbery105_x264-3fb32b276e_1_flip_lr_blur.mp4,/content/drive/MyDrive/ucf_experiments/ciclo_experimental_1/data/data_crop/train/Robbery105_x264-3fb32b276e_1_flip_lr_crop.mp4,1
2879,/content/drive/MyDrive/ucf_experiments/ciclo_experimental_1/data/data_blur/train/Robbery067_x264-4675c7bbae_0_flip_lr_blur.mp4,/content/drive/MyDrive/ucf_experiments/ciclo_experimental_1/data/data_crop/train/Robbery067_x264-4675c7bbae_0_flip_lr_crop.mp4,0
2880,/content/drive/MyDrive/ucf_experiments/ciclo_experimental_1/data/data_blur/train/Fighting051_x264-3f12200ac4_1_flip_lr_blur.mp4,/content/drive/MyDrive/ucf_experiments/ciclo_experimental_1/data/data_crop/train/Fighting051_x264-3f12200ac4_1_flip_lr_crop.mp4,1
2881,/content/drive/MyDrive/ucf_experiments/ciclo_experimental_1/data/data_blur/train/Fighting024_x264-06f91755df_0_flip_lr_blur.mp4,/content/drive/MyDrive/ucf_experiments/ciclo_experimental_1/data/data_crop/train/Fighting024_x264-06f91755df_0_flip_lr_crop.mp4,0
2882,/content/drive/MyDrive/ucf_experiments/ciclo_experimental_1/data/data_blur/train/Robbery070_x264-e5a95a42d9_1_flip_lr_blur.mp4,/content/drive/MyDrive/ucf_experiments/ciclo_experimental_1/data/data_crop/train/Robbery070_x264-e5a95a42d9_1_flip_lr_crop.mp4,1
2883,/content/drive/MyDrive/ucf_experiments/ciclo_experimental_1/data/data_blur/train/Assault033_x264-cc10182109_0_flip_lr_blur.mp4,/content/drive/MyDrive/ucf_experiments/ciclo_experimental_1/data/data_crop/train/Assault033_x264-cc10182109_0_flip_lr_crop.mp4,0
2884,/content/drive/MyDrive/ucf_experiments/ciclo_experimental_1/data/data_blur/train/Abuse022_x264-7875dea317_1_flip_lr_blur.mp4,/content/drive/MyDrive/ucf_experiments/ciclo_experimental_1/data/data_crop/train/Abuse022_x264-7875dea317_1_flip_lr_crop.mp4,1
2885,/content/drive/MyDrive/ucf_experiments/ciclo_experimental_1/data/data_blur/train/Arrest043_x264-f7dfcf9c7c_1_flip_lr_blur.mp4,/content/drive/MyDrive/ucf_experiments/ciclo_experimental_1/data/data_crop/train/Arrest043_x264-f7dfcf9c7c_1_flip_lr_crop.mp4,1
2886,/content/drive/MyDrive/ucf_experiments/ciclo_experimental_1/data/data_blur/train/Robbery064_x264-03a52d88c8_1_flip_lr_blur.mp4,/content/drive/MyDrive/ucf_experiments/ciclo_experimental_1/data/data_crop/train/Robbery064_x264-03a52d88c8_1_flip_lr_crop.mp4,1
2887,/content/drive/MyDrive/ucf_experiments/ciclo_experimental_1/data/data_blur/train/Robbery001_x264-ce85300010_0_flip_lr_blur.mp4,/content/drive/MyDrive/ucf_experiments/ciclo_experimental_1/data/data_crop/train/Robbery001_x264-ce85300010_0_flip_lr_crop.mp4,0
2888,/content/drive/MyDrive/ucf_experiments/ciclo_experimental_1/data/data_blur/train/Arrest022_x264-2b1641bb95_0_flip_lr_blur.mp4,/content/drive/MyDrive/ucf_experiments/ciclo_experimental_1/data/data_crop/train/Arrest022_x264-2b1641bb95_0_flip_lr_crop.mp4,0
2889,/content/drive/MyDrive/ucf_experiments/ciclo_experimental_1/data/data_blur/train/Robbery019_x264-5ac8e3d1c8_1_flip_lr_blur.mp4,/content/drive/MyDrive/ucf_experiments/ciclo_experimental_1/data/data_crop/train/Robbery019_x264-5ac8e3d1c8_1_flip_lr_crop.mp4,1
2890,/content/drive/MyDrive/ucf_experiments/ciclo_experimental_1/data/data_blur/train/Assault032_x264-0bc2d1bf0d_0_flip_lr_blur.mp4,/content/drive/MyDrive/ucf_experiments/ciclo_experimental_1/data/data_crop/train/Assault032_x264-0bc2d1bf0d_0_flip_lr_crop.mp4,0
2891,/content/drive/MyDrive/ucf_experiments/ciclo_experimental_1/data/data_blur/train/Assault029_x264-c017332216_0_flip_lr_blur.mp4,/content/drive/MyDrive/ucf_experiments/ciclo_experimental_1/data/data_crop/train/Assault029_x264-c017332216_0_flip_lr_crop.mp4,0
2892,/content/drive/MyDrive/ucf_experiments/ciclo_experimental_1/data/data_blur/train/Assault003_x264-8e3ca95c2c_1_flip_lr_blur.mp4,/content/drive/MyDrive/ucf_experiments/ciclo_experimental_1/data/data_crop/train/Assault003_x264-8e3ca95c2c_1_flip_lr_crop.mp4,1
2893,/content/drive/MyDrive/ucf_experiments/ciclo_experimental_1/data/data_blur/train/Robbery033_x264-29112824ca_1_flip_lr_blur.mp4,/content/drive/MyDrive/ucf_experiments/ciclo_experimental_1/data/data_crop/train/Robbery033_x264-29112824ca_1_flip_lr_crop.mp4,1
2894,/content/drive/MyDrive/ucf_experiments/ciclo_experimental_1/data/data_blur/train/Assault001_x264-b5b7e01804_1_flip_lr_blur.mp4,/content/drive/MyDrive/ucf_experiments/ciclo_experimental_1/data/data_crop/train/Assault001_x264-b5b7e01804_1_flip_lr_crop.mp4,1
2895,/content/drive/MyDrive/ucf_experiments/ciclo_experimental_1/data/data_blur/train/Robbery070_x264-015b182560_1_flip_lr_blur.mp4,/content/drive/MyDrive/ucf_experiments/ciclo_experimental_1/data/data_crop/train/Robbery070_x264-015b182560_1_flip_lr_crop.mp4,1
2896,/content/drive/MyDrive/ucf_experiments/ciclo_experimental_1/data/data_blur/train/Assault032_x264-964db91e5f_0_flip_lr_blur.mp4,/content/drive/MyDrive/ucf_experiments/ciclo_experimental_1/data/data_crop/train/Assault032_x264-964db91e5f_0_flip_lr_crop.mp4,0
2897,/content/drive/MyDrive/ucf_experiments/ciclo_experimental_1/data/data_blur/train/Robbery039_x264-13691092cf_1_flip_lr_blur.mp4,/content/drive/MyDrive/ucf_experiments/ciclo_experimental_1/data/data_crop/train/Robbery039_x264-13691092cf_1_flip_lr_crop.mp4,1
2898,/content/drive/MyDrive/ucf_experiments/ciclo_experimental_1/data/data_blur/train/Robbery056_x264-961eb9bf8d_1_flip_lr_blur.mp4,/content/drive/MyDrive/ucf_experiments/ciclo_experimental_1/data/data_crop/train/Robbery056_x264-961eb9bf8d_1_flip_lr_crop.mp4,1
2899,/content/drive/MyDrive/ucf_experiments/ciclo_experimental_1/data/data_blur/train/Assault041_x264-e09f008100_1_flip_lr_blur.mp4,/content/drive/MyDrive/ucf_experiments/ciclo_experimental_1/data/data_crop/train/Assault041_x264-e09f008100_1_flip_lr_crop.mp4,1
2900,/content/drive/MyDrive/ucf_experiments/ciclo_experimental_1/data/data_blur/train/Abuse025_x264-32bbac68cb_0_flip_lr_blur.mp4,/content/drive/MyDrive/ucf_experiments/ciclo_experimental_1/data/data_crop/train/Abuse025_x264-32bbac68cb_0_flip_lr_crop.mp4,0
2901,/content/drive/MyDrive/ucf_experiments/ciclo_experimental_1/data/data_blur/train/Fighting049_x264-8649567963_0_flip_lr_blur.mp4,/content/drive/MyDrive/ucf_experiments/ciclo_experimental_1/data/data_crop/train/Fighting049_x264-8649567963_0_flip_lr_crop.mp4,0
2902,/content/drive/MyDrive/ucf_experiments/ciclo_experimental_1/data/data_blur/train/Arrest002_x264-f20cb847f4_1_flip_lr_blur.mp4,/content/drive/MyDrive/ucf_experiments/ciclo_experimental_1/data/data_crop/train/Arrest002_x264-f20cb847f4_1_flip_lr_crop.mp4,1
2903,/content/drive/MyDrive/ucf_experiments/ciclo_experimental_1/data/data_blur/train/Robbery100_x264-9777f0a139_1_flip_lr_blur.mp4,/content/drive/MyDrive/ucf_experiments/ciclo_experimental_1/data/data_crop/train/Robbery100_x264-9777f0a139_1_flip_lr_crop.mp4,1
2904,/content/drive/MyDrive/ucf_experiments/ciclo_experimental_1/data/data_blur/train/Robbery058_x264-d798684011_1_flip_lr_blur.mp4,/content/drive/MyDrive/ucf_experiments/ciclo_experimental_1/data/data_crop/train/Robbery058_x264-d798684011_1_flip_lr_crop.mp4,1
2905,/content/drive/MyDrive/ucf_experiments/ciclo_experimental_1/data/data_blur/train/Arrest031_x264-177242de0e_1_flip_lr_blur.mp4,/content/drive/MyDrive/ucf_experiments/ciclo_experimental_1/data/data_crop/train/Arrest031_x264-177242de0e_1_flip_lr_crop.mp4,1
2906,/content/drive/MyDrive/ucf_experiments/ciclo_experimental_1/data/data_blur/train/Fighting026_x264-7137eb0966_0_flip_lr_blur.mp4,/content/drive/MyDrive/ucf_experiments/ciclo_experimental_1/data/data_crop/train/Fighting026_x264-7137eb0966_0_flip_lr_crop.mp4,0
2907,/content/drive/MyDrive/ucf_experiments/ciclo_experimental_1/data/data_blur/train/Robbery023_x264-728b9041d7_1_flip_lr_blur.mp4,/content/drive/MyDrive/ucf_experiments/ciclo_experimental_1/data/data_crop/train/Robbery023_x264-728b9041d7_1_flip_lr_crop.mp4,1
2908,/content/drive/MyDrive/ucf_experiments/ciclo_experimental_1/data/data_blur/train/Fighting021_x264-d88db09128_0_flip_lr_blur.mp4,/content/drive/MyDrive/ucf_experiments/ciclo_experimental_1/data/data_crop/train/Fighting021_x264-d88db09128_0_flip_lr_crop.mp4,0
2909,/content/drive/MyDrive/ucf_experiments/ciclo_experimental_1/data/data_blur/train/Fighting020_x264-1ee36bf054_1_flip_lr_blur.mp4,/content/drive/MyDrive/ucf_experiments/ciclo_experimental_1/data/data_crop/train/Fighting020_x264-1ee36bf054_1_flip_lr_crop.mp4,1
2910,/content/drive/MyDrive/ucf_experiments/ciclo_experimental_1/data/data_blur/train/Abuse022_x264-7a67fbf24f_0_flip_lr_blur.mp4,/content/drive/MyDrive/ucf_experiments/ciclo_experimental_1/data/data_crop/train/Abuse022_x264-7a67fbf24f_0_flip_lr_crop.mp4,0
2911,/content/drive/MyDrive/ucf_experiments/ciclo_experimental_1/data/data_blur/train/Robbery013_x264-300bb7279e_1_flip_lr_blur.mp4,/content/drive/MyDrive/ucf_experiments/ciclo_experimental_1/data/data_crop/train/Robbery013_x264-300bb7279e_1_flip_lr_crop.mp4,1
2912,/content/drive/MyDrive/ucf_experiments/ciclo_experimental_1/data/data_blur/train/Robbery054_x264-b4006e31b7_0_flip_lr_blur.mp4,/content/drive/MyDrive/ucf_experiments/ciclo_experimental_1/data/data_crop/train/Robbery054_x264-b4006e31b7_0_flip_lr_crop.mp4,0
2913,/content/drive/MyDrive/ucf_experiments/ciclo_experimental_1/data/data_blur/train/Abuse024_x264-5e5aa43abb_0_flip_lr_blur.mp4,/content/drive/MyDrive/ucf_experiments/ciclo_experimental_1/data/data_crop/train/Abuse024_x264-5e5aa43abb_0_flip_lr_crop.mp4,0
2914,/content/drive/MyDrive/ucf_experiments/ciclo_experimental_1/data/data_blur/train/Abuse009_x264-28cb0fc11b_0_flip_lr_blur.mp4,/content/drive/MyDrive/ucf_experiments/ciclo_experimental_1/data/data_crop/train/Abuse009_x264-28cb0fc11b_0_flip_lr_crop.mp4,0
2915,/content/drive/MyDrive/ucf_experiments/ciclo_experimental_1/data/data_blur/train/Assault050_x264-97b682bc1b_1_flip_lr_blur.mp4,/content/drive/MyDrive/ucf_experiments/ciclo_experimental_1/data/data_crop/train/Assault050_x264-97b682bc1b_1_flip_lr_crop.mp4,1
2916,/content/drive/MyDrive/ucf_experiments/ciclo_experimental_1/data/data_blur/train/Assault040_x264-044bd59020_1_flip_lr_blur.mp4,/content/drive/MyDrive/ucf_experiments/ciclo_experimental_1/data/data_crop/train/Assault040_x264-044bd59020_1_flip_lr_crop.mp4,1
2917,/content/drive/MyDrive/ucf_experiments/ciclo_experimental_1/data/data_blur/train/Fighting009_x264-1c8c38d482_0_flip_lr_blur.mp4,/content/drive/MyDrive/ucf_experiments/ciclo_experimental_1/data/data_crop/train/Fighting009_x264-1c8c38d482_0_flip_lr_crop.mp4,0
2918,/content/drive/MyDrive/ucf_experiments/ciclo_experimental_1/data/data_blur/train/Arrest018_x264-f97d906dad_0_flip_lr_blur.mp4,/content/drive/MyDrive/ucf_experiments/ciclo_experimental_1/data/data_crop/train/Arrest018_x264-f97d906dad_0_flip_lr_crop.mp4,0
2919,/content/drive/MyDrive/ucf_experiments/ciclo_experimental_1/data/data_blur/train/Arrest046_x264-475a8c5442_0_flip_lr_blur.mp4,/content/drive/MyDrive/ucf_experiments/ciclo_experimental_1/data/data_crop/train/Arrest046_x264-475a8c5442_0_flip_lr_crop.mp4,0
2920,/content/drive/MyDrive/ucf_experiments/ciclo_experimental_1/data/data_blur/train/Fighting021_x264-be253c0331_0_flip_lr_blur.mp4,/content/drive/MyDrive/ucf_experiments/ciclo_experimental_1/data/data_crop/train/Fighting021_x264-be253c0331_0_flip_lr_crop.mp4,0
2921,/content/drive/MyDrive/ucf_experiments/ciclo_experimental_1/data/data_blur/train/Fighting040_x264-af95bc920f_1_flip_lr_blur.mp4,/content/drive/MyDrive/ucf_experiments/ciclo_experimental_1/data/data_crop/train/Fighting040_x264-af95bc920f_1_flip_lr_crop.mp4,1
2922,/content/drive/MyDrive/ucf_experiments/ciclo_experimental_1/data/data_blur/train/Fighting051_x264-cb66218911_1_flip_lr_blur.mp4,/content/drive/MyDrive/ucf_experiments/ciclo_experimental_1/data/data_crop/train/Fighting051_x264-cb66218911_1_flip_lr_crop.mp4,1
2923,/content/drive/MyDrive/ucf_experiments/ciclo_experimental_1/data/data_blur/train/Abuse016_x264-0351545049_1_flip_lr_blur.mp4,/content/drive/MyDrive/ucf_experiments/ciclo_experimental_1/data/data_crop/train/Abuse016_x264-0351545049_1_flip_lr_crop.mp4,1
2924,/content/drive/MyDrive/ucf_experiments/ciclo_experimental_1/data/data_blur/train/Assault051_x264-2b5ee77d2f_0_flip_lr_blur.mp4,/content/drive/MyDrive/ucf_experiments/ciclo_experimental_1/data/data_crop/train/Assault051_x264-2b5ee77d2f_0_flip_lr_crop.mp4,0
2925,/content/drive/MyDrive/ucf_experiments/ciclo_experimental_1/data/data_blur/train/Fighting021_x264-ed95f2e44c_1_flip_lr_blur.mp4,/content/drive/MyDrive/ucf_experiments/ciclo_experimental_1/data/data_crop/train/Fighting021_x264-ed95f2e44c_1_flip_lr_crop.mp4,1
2926,/content/drive/MyDrive/ucf_experiments/ciclo_experimental_1/data/data_blur/train/Robbery027_x264-a5b4431061_1_flip_lr_blur.mp4,/content/drive/MyDrive/ucf_experiments/ciclo_experimental_1/data/data_crop/train/Robbery027_x264-a5b4431061_1_flip_lr_crop.mp4,1
2927,/content/drive/MyDrive/ucf_experiments/ciclo_experimental_1/data/data_blur/train/Fighting039_x264-a59aed1dab_0_flip_lr_blur.mp4,/content/drive/MyDrive/ucf_experiments/ciclo_experimental_1/data/data_crop/train/Fighting039_x264-a59aed1dab_0_flip_lr_crop.mp4,0
2928,/content/drive/MyDrive/ucf_experiments/ciclo_experimental_1/data/data_blur/train/Fighting028_x264-0fbf21020d_1_flip_lr_blur.mp4,/content/drive/MyDrive/ucf_experiments/ciclo_experimental_1/data/data_crop/train/Fighting028_x264-0fbf21020d_1_flip_lr_crop.mp4,1
2929,/content/drive/MyDrive/ucf_experiments/ciclo_experimental_1/data/data_blur/train/Robbery025_x264-0e600c081b_1_flip_lr_blur.mp4,/content/drive/MyDrive/ucf_experiments/ciclo_experimental_1/data/data_crop/train/Robbery025_x264-0e600c081b_1_flip_lr_crop.mp4,1
2930,/content/drive/MyDrive/ucf_experiments/ciclo_experimental_1/data/data_blur/train/Abuse033_x264-c038a10a00_1_flip_lr_blur.mp4,/content/drive/MyDrive/ucf_experiments/ciclo_experimental_1/data/data_crop/train/Abuse033_x264-c038a10a00_1_flip_lr_crop.mp4,1
2931,/content/drive/MyDrive/ucf_experiments/ciclo_experimental_1/data/data_blur/train/Robbery030_x264-35d36360ef_0_flip_lr_blur.mp4,/content/drive/MyDrive/ucf_experiments/ciclo_experimental_1/data/data_crop/train/Robbery030_x264-35d36360ef_0_flip_lr_crop.mp4,0
2932,/content/drive/MyDrive/ucf_experiments/ciclo_experimental_1/data/data_blur/train/Assault001_x264-081de9891a_1_flip_lr_blur.mp4,/content/drive/MyDrive/ucf_experiments/ciclo_experimental_1/data/data_crop/train/Assault001_x264-081de9891a_1_flip_lr_crop.mp4,1
2933,/content/drive/MyDrive/ucf_experiments/ciclo_experimental_1/data/data_blur/train/Robbery055_x264-f6473b7ec7_1_flip_lr_blur.mp4,/content/drive/MyDrive/ucf_experiments/ciclo_experimental_1/data/data_crop/train/Robbery055_x264-f6473b7ec7_1_flip_lr_crop.mp4,1
2934,/content/drive/MyDrive/ucf_experiments/ciclo_experimental_1/data/data_blur/train/Fighting028_x264-071560f8bf_1_flip_lr_blur.mp4,/content/drive/MyDrive/ucf_experiments/ciclo_experimental_1/data/data_crop/train/Fighting028_x264-071560f8bf_1_flip_lr_crop.mp4,1
2935,/content/drive/MyDrive/ucf_experiments/ciclo_experimental_1/data/data_blur/train/Arrest002_x264-6baebb03ce_1_flip_lr_blur.mp4,/content/drive/MyDrive/ucf_experiments/ciclo_experimental_1/data/data_crop/train/Arrest002_x264-6baebb03ce_1_flip_lr_crop.mp4,1
2936,/content/drive/MyDrive/ucf_experiments/ciclo_experimental_1/data/data_blur/train/Robbery025_x264-6b47eda66a_1_flip_lr_blur.mp4,/content/drive/MyDrive/ucf_experiments/ciclo_experimental_1/data/data_crop/train/Robbery025_x264-6b47eda66a_1_flip_lr_crop.mp4,1
2937,/content/drive/MyDrive/ucf_experiments/ciclo_experimental_1/data/data_blur/train/Arrest013_x264-56da684f02_0_flip_lr_blur.mp4,/content/drive/MyDrive/ucf_experiments/ciclo_experimental_1/data/data_crop/train/Arrest013_x264-56da684f02_0_flip_lr_crop.mp4,0
2938,/content/drive/MyDrive/ucf_experiments/ciclo_experimental_1/data/data_blur/train/Robbery028_x264-d5b2c68dac_0_flip_lr_blur.mp4,/content/drive/MyDrive/ucf_experiments/ciclo_experimental_1/data/data_crop/train/Robbery028_x264-d5b2c68dac_0_flip_lr_crop.mp4,0
2939,/content/drive/MyDrive/ucf_experiments/ciclo_experimental_1/data/data_blur/train/Robbery032_x264-7802d01a78_1_flip_lr_blur.mp4,/content/drive/MyDrive/ucf_experiments/ciclo_experimental_1/data/data_crop/train/Robbery032_x264-7802d01a78_1_flip_lr_crop.mp4,1
2940,/content/drive/MyDrive/ucf_experiments/ciclo_experimental_1/data/data_blur/train/Fighting011_x264-25563428f1_0_flip_lr_blur.mp4,/content/drive/MyDrive/ucf_experiments/ciclo_experimental_1/data/data_crop/train/Fighting011_x264-25563428f1_0_flip_lr_crop.mp4,0
2941,/content/drive/MyDrive/ucf_experiments/ciclo_experimental_1/data/data_blur/train/Abuse021_x264-6335de632b_0_flip_lr_blur.mp4,/content/drive/MyDrive/ucf_experiments/ciclo_experimental_1/data/data_crop/train/Abuse021_x264-6335de632b_0_flip_lr_crop.mp4,0
2942,/content/drive/MyDrive/ucf_experiments/ciclo_experimental_1/data/data_blur/train/Fighting002_x264-aa434dcf9b_0_flip_lr_blur.mp4,/content/drive/MyDrive/ucf_experiments/ciclo_experimental_1/data/data_crop/train/Fighting002_x264-aa434dcf9b_0_flip_lr_crop.mp4,0
2943,/content/drive/MyDrive/ucf_experiments/ciclo_experimental_1/data/data_blur/train/Assault051_x264-bf4fd65d5c_1_flip_lr_blur.mp4,/content/drive/MyDrive/ucf_experiments/ciclo_experimental_1/data/data_crop/train/Assault051_x264-bf4fd65d5c_1_flip_lr_crop.mp4,1
2944,/content/drive/MyDrive/ucf_experiments/ciclo_experimental_1/data/data_blur/train/Fighting006_x264-db61b06482_1_flip_lr_blur.mp4,/content/drive/MyDrive/ucf_experiments/ciclo_experimental_1/data/data_crop/train/Fighting006_x264-db61b06482_1_flip_lr_crop.mp4,1
2945,/content/drive/MyDrive/ucf_experiments/ciclo_experimental_1/data/data_blur/train/Fighting038_x264-0ec383f362_1_flip_lr_blur.mp4,/content/drive/MyDrive/ucf_experiments/ciclo_experimental_1/data/data_crop/train/Fighting038_x264-0ec383f362_1_flip_lr_crop.mp4,1
2946,/content/drive/MyDrive/ucf_experiments/ciclo_experimental_1/data/data_blur/train/Robbery064_x264-a0f38baeaf_0_flip_lr_blur.mp4,/content/drive/MyDrive/ucf_experiments/ciclo_experimental_1/data/data_crop/train/Robbery064_x264-a0f38baeaf_0_flip_lr_crop.mp4,0
2947,/content/drive/MyDrive/ucf_experiments/ciclo_experimental_1/data/data_blur/train/Fighting009_x264-079b851404_0_flip_lr_blur.mp4,/content/drive/MyDrive/ucf_experiments/ciclo_experimental_1/data/data_crop/train/Fighting009_x264-079b851404_0_flip_lr_crop.mp4,0
2948,/content/drive/MyDrive/ucf_experiments/ciclo_experimental_1/data/data_blur/train/Arrest014_x264-ccc826079a_0_flip_lr_blur.mp4,/content/drive/MyDrive/ucf_experiments/ciclo_experimental_1/data/data_crop/train/Arrest014_x264-ccc826079a_0_flip_lr_crop.mp4,0
2949,/content/drive/MyDrive/ucf_experiments/ciclo_experimental_1/data/data_blur/train/Robbery016_x264-022dd7f648_1_flip_lr_blur.mp4,/content/drive/MyDrive/ucf_experiments/ciclo_experimental_1/data/data_crop/train/Robbery016_x264-022dd7f648_1_flip_lr_crop.mp4,1
2950,/content/drive/MyDrive/ucf_experiments/ciclo_experimental_1/data/data_blur/train/Robbery071_x264-36ac8b498c_0_flip_lr_blur.mp4,/content/drive/MyDrive/ucf_experiments/ciclo_experimental_1/data/data_crop/train/Robbery071_x264-36ac8b498c_0_flip_lr_crop.mp4,0
2951,/content/drive/MyDrive/ucf_experiments/ciclo_experimental_1/data/data_blur/train/Robbery032_x264-4273695c79_0_flip_lr_blur.mp4,/content/drive/MyDrive/ucf_experiments/ciclo_experimental_1/data/data_crop/train/Robbery032_x264-4273695c79_0_flip_lr_crop.mp4,0
2952,/content/drive/MyDrive/ucf_experiments/ciclo_experimental_1/data/data_blur/train/Robbery047_x264-81a0b2df1c_1_flip_lr_blur.mp4,/content/drive/MyDrive/ucf_experiments/ciclo_experimental_1/data/data_crop/train/Robbery047_x264-81a0b2df1c_1_flip_lr_crop.mp4,1
2953,/content/drive/MyDrive/ucf_experiments/ciclo_experimental_1/data/data_blur/train/Fighting013_x264-3bf723743f_1_flip_lr_blur.mp4,/content/drive/MyDrive/ucf_experiments/ciclo_experimental_1/data/data_crop/train/Fighting013_x264-3bf723743f_1_flip_lr_crop.mp4,1
2954,/content/drive/MyDrive/ucf_experiments/ciclo_experimental_1/data/data_blur/train/Robbery031_x264-2f13ff6925_1_flip_lr_blur.mp4,/content/drive/MyDrive/ucf_experiments/ciclo_experimental_1/data/data_crop/train/Robbery031_x264-2f13ff6925_1_flip_lr_crop.mp4,1
2955,/content/drive/MyDrive/ucf_experiments/ciclo_experimental_1/data/data_blur/train/Abuse033_x264-edc9089bb4_1_flip_lr_blur.mp4,/content/drive/MyDrive/ucf_experiments/ciclo_experimental_1/data/data_crop/train/Abuse033_x264-edc9089bb4_1_flip_lr_crop.mp4,1
2956,/content/drive/MyDrive/ucf_experiments/ciclo_experimental_1/data/data_blur/train/Fighting011_x264-6f9e823041_0_flip_lr_blur.mp4,/content/drive/MyDrive/ucf_experiments/ciclo_experimental_1/data/data_crop/train/Fighting011_x264-6f9e823041_0_flip_lr_crop.mp4,0
2957,/content/drive/MyDrive/ucf_experiments/ciclo_experimental_1/data/data_blur/train/Fighting010_x264-242ebca914_0_flip_lr_blur.mp4,/content/drive/MyDrive/ucf_experiments/ciclo_experimental_1/data/data_crop/train/Fighting010_x264-242ebca914_0_flip_lr_crop.mp4,0
2958,/content/drive/MyDrive/ucf_experiments/ciclo_experimental_1/data/data_blur/train/Robbery100_x264-9fc2462689_1_flip_lr_blur.mp4,/content/drive/MyDrive/ucf_experiments/ciclo_experimental_1/data/data_crop/train/Robbery100_x264-9fc2462689_1_flip_lr_crop.mp4,1
2959,/content/drive/MyDrive/ucf_experiments/ciclo_experimental_1/data/data_blur/train/Abuse031_x264-5f51a02ad7_0_flip_lr_blur.mp4,/content/drive/MyDrive/ucf_experiments/ciclo_experimental_1/data/data_crop/train/Abuse031_x264-5f51a02ad7_0_flip_lr_crop.mp4,0
2960,/content/drive/MyDrive/ucf_experiments/ciclo_experimental_1/data/data_blur/train/Assault008_x264-6a57c2fde8_1_flip_lr_blur.mp4,/content/drive/MyDrive/ucf_experiments/ciclo_experimental_1/data/data_crop/train/Assault008_x264-6a57c2fde8_1_flip_lr_crop.mp4,1
2961,/content/drive/MyDrive/ucf_experiments/ciclo_experimental_1/data/data_blur/train/Fighting036_x264-1ff4c468a3_1_flip_lr_blur.mp4,/content/drive/MyDrive/ucf_experiments/ciclo_experimental_1/data/data_crop/train/Fighting036_x264-1ff4c468a3_1_flip_lr_crop.mp4,1
2962,/content/drive/MyDrive/ucf_experiments/ciclo_experimental_1/data/data_blur/train/Assault037_x264-0daec43e46_1_flip_lr_blur.mp4,/content/drive/MyDrive/ucf_experiments/ciclo_experimental_1/data/data_crop/train/Assault037_x264-0daec43e46_1_flip_lr_crop.mp4,1
2963,/content/drive/MyDrive/ucf_experiments/ciclo_experimental_1/data/data_blur/train/Robbery094_x264-e72e57b142_0_flip_lr_blur.mp4,/content/drive/MyDrive/ucf_experiments/ciclo_experimental_1/data/data_crop/train/Robbery094_x264-e72e57b142_0_flip_lr_crop.mp4,0
2964,/content/drive/MyDrive/ucf_experiments/ciclo_experimental_1/data/data_blur/train/Robbery041_x264-8df6d789cb_1_flip_lr_blur.mp4,/content/drive/MyDrive/ucf_experiments/ciclo_experimental_1/data/data_crop/train/Robbery041_x264-8df6d789cb_1_flip_lr_crop.mp4,1
2965,/content/drive/MyDrive/ucf_experiments/ciclo_experimental_1/data/data_blur/train/Robbery072_x264-cfd9e1830b_1_flip_lr_blur.mp4,/content/drive/MyDrive/ucf_experiments/ciclo_experimental_1/data/data_crop/train/Robbery072_x264-cfd9e1830b_1_flip_lr_crop.mp4,1
2966,/content/drive/MyDrive/ucf_experiments/ciclo_experimental_1/data/data_blur/train/Robbery033_x264-4c70a1ca1e_1_flip_lr_blur.mp4,/content/drive/MyDrive/ucf_experiments/ciclo_experimental_1/data/data_crop/train/Robbery033_x264-4c70a1ca1e_1_flip_lr_crop.mp4,1
2967,/content/drive/MyDrive/ucf_experiments/ciclo_experimental_1/data/data_blur/train/Arrest034_x264-1bd30431c6_0_flip_lr_blur.mp4,/content/drive/MyDrive/ucf_experiments/ciclo_experimental_1/data/data_crop/train/Arrest034_x264-1bd30431c6_0_flip_lr_crop.mp4,0
2968,/content/drive/MyDrive/ucf_experiments/ciclo_experimental_1/data/data_blur/train/Fighting011_x264-1e9881c12c_0_flip_lr_blur.mp4,/content/drive/MyDrive/ucf_experiments/ciclo_experimental_1/data/data_crop/train/Fighting011_x264-1e9881c12c_0_flip_lr_crop.mp4,0
2969,/content/drive/MyDrive/ucf_experiments/ciclo_experimental_1/data/data_blur/train/Robbery066_x264-091e1866d8_0_flip_lr_blur.mp4,/content/drive/MyDrive/ucf_experiments/ciclo_experimental_1/data/data_crop/train/Robbery066_x264-091e1866d8_0_flip_lr_crop.mp4,0
2970,/content/drive/MyDrive/ucf_experiments/ciclo_experimental_1/data/data_blur/train/Abuse026_x264-ec15edeeff_0_flip_lr_blur.mp4,/content/drive/MyDrive/ucf_experiments/ciclo_experimental_1/data/data_crop/train/Abuse026_x264-ec15edeeff_0_flip_lr_crop.mp4,0
2971,/content/drive/MyDrive/ucf_experiments/ciclo_experimental_1/data/data_blur/train/Assault037_x264-c3f0a880b8_0_flip_lr_blur.mp4,/content/drive/MyDrive/ucf_experiments/ciclo_experimental_1/data/data_crop/train/Assault037_x264-c3f0a880b8_0_flip_lr_crop.mp4,0
2972,/content/drive/MyDrive/ucf_experiments/ciclo_experimental_1/data/data_blur/train/Arrest011_x264-fce75759cb_0_flip_lr_blur.mp4,/content/drive/MyDrive/ucf_experiments/ciclo_experimental_1/data/data_crop/train/Arrest011_x264-fce75759cb_0_flip_lr_crop.mp4,0
2973,/content/drive/MyDrive/ucf_experiments/ciclo_experimental_1/data/data_blur/train/Fighting002_x264-c6bf14ab13_1_flip_lr_blur.mp4,/content/drive/MyDrive/ucf_experiments/ciclo_experimental_1/data/data_crop/train/Fighting002_x264-c6bf14ab13_1_flip_lr_crop.mp4,1
2974,/content/drive/MyDrive/ucf_experiments/ciclo_experimental_1/data/data_blur/train/Robbery070_x264-9c2f4d9d86_1_flip_lr_blur.mp4,/content/drive/MyDrive/ucf_experiments/ciclo_experimental_1/data/data_crop/train/Robbery070_x264-9c2f4d9d86_1_flip_lr_crop.mp4,1
2975,/content/drive/MyDrive/ucf_experiments/ciclo_experimental_1/data/data_blur/train/Fighting009_x264-822fdd6166_0_flip_lr_blur.mp4,/content/drive/MyDrive/ucf_experiments/ciclo_experimental_1/data/data_crop/train/Fighting009_x264-822fdd6166_0_flip_lr_crop.mp4,0
2976,/content/drive/MyDrive/ucf_experiments/ciclo_experimental_1/data/data_blur/train/Robbery019_x264-e9845eec35_1_flip_lr_blur.mp4,/content/drive/MyDrive/ucf_experiments/ciclo_experimental_1/data/data_crop/train/Robbery019_x264-e9845eec35_1_flip_lr_crop.mp4,1
2977,/content/drive/MyDrive/ucf_experiments/ciclo_experimental_1/data/data_blur/train/Abuse003_x264-6191480fe1_0_flip_lr_blur.mp4,/content/drive/MyDrive/ucf_experiments/ciclo_experimental_1/data/data_crop/train/Abuse003_x264-6191480fe1_0_flip_lr_crop.mp4,0
2978,/content/drive/MyDrive/ucf_experiments/ciclo_experimental_1/data/data_blur/train/Robbery055_x264-763a130f36_1_flip_lr_blur.mp4,/content/drive/MyDrive/ucf_experiments/ciclo_experimental_1/data/data_crop/train/Robbery055_x264-763a130f36_1_flip_lr_crop.mp4,1
2979,/content/drive/MyDrive/ucf_experiments/ciclo_experimental_1/data/data_blur/train/Robbery040_x264-c126de9ed8_0_flip_lr_blur.mp4,/content/drive/MyDrive/ucf_experiments/ciclo_experimental_1/data/data_crop/train/Robbery040_x264-c126de9ed8_0_flip_lr_crop.mp4,0
2980,/content/drive/MyDrive/ucf_experiments/ciclo_experimental_1/data/data_blur/train/Abuse042_x264-2417fd51b5_1_flip_lr_blur.mp4,/content/drive/MyDrive/ucf_experiments/ciclo_experimental_1/data/data_crop/train/Abuse042_x264-2417fd51b5_1_flip_lr_crop.mp4,1
2981,/content/drive/MyDrive/ucf_experiments/ciclo_experimental_1/data/data_blur/train/Arrest022_x264-d1618e90fe_0_flip_lr_blur.mp4,/content/drive/MyDrive/ucf_experiments/ciclo_experimental_1/data/data_crop/train/Arrest022_x264-d1618e90fe_0_flip_lr_crop.mp4,0
2982,/content/drive/MyDrive/ucf_experiments/ciclo_experimental_1/data/data_blur/train/Abuse020_x264-a10818727b_1_flip_lr_blur.mp4,/content/drive/MyDrive/ucf_experiments/ciclo_experimental_1/data/data_crop/train/Abuse020_x264-a10818727b_1_flip_lr_crop.mp4,1
2983,/content/drive/MyDrive/ucf_experiments/ciclo_experimental_1/data/data_blur/train/Abuse048_x264-63746627dc_0_flip_lr_blur.mp4,/content/drive/MyDrive/ucf_experiments/ciclo_experimental_1/data/data_crop/train/Abuse048_x264-63746627dc_0_flip_lr_crop.mp4,0
2984,/content/drive/MyDrive/ucf_experiments/ciclo_experimental_1/data/data_blur/train/Abuse044_x264-a92142b336_0_flip_lr_blur.mp4,/content/drive/MyDrive/ucf_experiments/ciclo_experimental_1/data/data_crop/train/Abuse044_x264-a92142b336_0_flip_lr_crop.mp4,0
2985,/content/drive/MyDrive/ucf_experiments/ciclo_experimental_1/data/data_blur/train/Arrest026_x264-09e9a4b490_1_flip_lr_blur.mp4,/content/drive/MyDrive/ucf_experiments/ciclo_experimental_1/data/data_crop/train/Arrest026_x264-09e9a4b490_1_flip_lr_crop.mp4,1
2986,/content/drive/MyDrive/ucf_experiments/ciclo_experimental_1/data/data_blur/train/Robbery104_x264-985f07f285_0_flip_lr_blur.mp4,/content/drive/MyDrive/ucf_experiments/ciclo_experimental_1/data/data_crop/train/Robbery104_x264-985f07f285_0_flip_lr_crop.mp4,0
2987,/content/drive/MyDrive/ucf_experiments/ciclo_experimental_1/data/data_blur/train/Assault018_x264-3be46fc439_1_flip_lr_blur.mp4,/content/drive/MyDrive/ucf_experiments/ciclo_experimental_1/data/data_crop/train/Assault018_x264-3be46fc439_1_flip_lr_crop.mp4,1
2988,/content/drive/MyDrive/ucf_experiments/ciclo_experimental_1/data/data_blur/train/Fighting007_x264-c68c58d277_0_flip_lr_blur.mp4,/content/drive/MyDrive/ucf_experiments/ciclo_experimental_1/data/data_crop/train/Fighting007_x264-c68c58d277_0_flip_lr_crop.mp4,0
2989,/content/drive/MyDrive/ucf_experiments/ciclo_experimental_1/data/data_blur/train/Fighting008_x264-5bdb15cd73_0_flip_lr_blur.mp4,/content/drive/MyDrive/ucf_experiments/ciclo_experimental_1/data/data_crop/train/Fighting008_x264-5bdb15cd73_0_flip_lr_crop.mp4,0
2990,/content/drive/MyDrive/ucf_experiments/ciclo_experimental_1/data/data_blur/train/Robbery009_x264-95b59ab9f7_1_flip_lr_blur.mp4,/content/drive/MyDrive/ucf_experiments/ciclo_experimental_1/data/data_crop/train/Robbery009_x264-95b59ab9f7_1_flip_lr_crop.mp4,1
2991,/content/drive/MyDrive/ucf_experiments/ciclo_experimental_1/data/data_blur/train/Fighting051_x264-f76a19cbc7_0_flip_lr_blur.mp4,/content/drive/MyDrive/ucf_experiments/ciclo_experimental_1/data/data_crop/train/Fighting051_x264-f76a19cbc7_0_flip_lr_crop.mp4,0
2992,/content/drive/MyDrive/ucf_experiments/ciclo_experimental_1/data/data_blur/train/Robbery090_x264-6bc2c359e3_1_flip_lr_blur.mp4,/content/drive/MyDrive/ucf_experiments/ciclo_experimental_1/data/data_crop/train/Robbery090_x264-6bc2c359e3_1_flip_lr_crop.mp4,1
2993,/content/drive/MyDrive/ucf_experiments/ciclo_experimental_1/data/data_blur/train/Assault019_x264-a3afdd4d3b_0_flip_lr_blur.mp4,/content/drive/MyDrive/ucf_experiments/ciclo_experimental_1/data/data_crop/train/Assault019_x264-a3afdd4d3b_0_flip_lr_crop.mp4,0
2994,/content/drive/MyDrive/ucf_experiments/ciclo_experimental_1/data/data_blur/train/Fighting016_x264-b0f1eb9e74_0_flip_lr_blur.mp4,/content/drive/MyDrive/ucf_experiments/ciclo_experimental_1/data/data_crop/train/Fighting016_x264-b0f1eb9e74_0_flip_lr_crop.mp4,0
2995,/content/drive/MyDrive/ucf_experiments/ciclo_experimental_1/data/data_blur/train/Robbery099_x264-f012825c04_0_flip_lr_blur.mp4,/content/drive/MyDrive/ucf_experiments/ciclo_experimental_1/data/data_crop/train/Robbery099_x264-f012825c04_0_flip_lr_crop.mp4,0
2996,/content/drive/MyDrive/ucf_experiments/ciclo_experimental_1/data/data_blur/train/Fighting025_x264-0905aa57f8_0_flip_lr_blur.mp4,/content/drive/MyDrive/ucf_experiments/ciclo_experimental_1/data/data_crop/train/Fighting025_x264-0905aa57f8_0_flip_lr_crop.mp4,0
2997,/content/drive/MyDrive/ucf_experiments/ciclo_experimental_1/data/data_blur/train/Arrest036_x264-6bd7e11e53_1_flip_lr_blur.mp4,/content/drive/MyDrive/ucf_experiments/ciclo_experimental_1/data/data_crop/train/Arrest036_x264-6bd7e11e53_1_flip_lr_crop.mp4,1
2998,/content/drive/MyDrive/ucf_experiments/ciclo_experimental_1/data/data_blur/train/Assault016_x264-9f1ed324a1_1_flip_lr_blur.mp4,/content/drive/MyDrive/ucf_experiments/ciclo_experimental_1/data/data_crop/train/Assault016_x264-9f1ed324a1_1_flip_lr_crop.mp4,1
2999,/content/drive/MyDrive/ucf_experiments/ciclo_experimental_1/data/data_blur/train/Fighting013_x264-9bafe7e2f4_1_flip_lr_blur.mp4,/content/drive/MyDrive/ucf_experiments/ciclo_experimental_1/data/data_crop/train/Fighting013_x264-9bafe7e2f4_1_flip_lr_crop.mp4,1
3000,/content/drive/MyDrive/ucf_experiments/ciclo_experimental_1/data/data_blur/train/Arrest012_x264-cd4fb42a34_0_flip_lr_blur.mp4,/content/drive/MyDrive/ucf_experiments/ciclo_experimental_1/data/data_crop/train/Arrest012_x264-cd4fb42a34_0_flip_lr_crop.mp4,0
3001,/content/drive/MyDrive/ucf_experiments/ciclo_experimental_1/data/data_blur/train/Abuse018_x264-8cb82972ce_0_flip_lr_blur.mp4,/content/drive/MyDrive/ucf_experiments/ciclo_experimental_1/data/data_crop/train/Abuse018_x264-8cb82972ce_0_flip_lr_crop.mp4,0
3002,/content/drive/MyDrive/ucf_experiments/ciclo_experimental_1/data/data_blur/train/Fighting013_x264-5e53089f6d_1_flip_lr_blur.mp4,/content/drive/MyDrive/ucf_experiments/ciclo_experimental_1/data/data_crop/train/Fighting013_x264-5e53089f6d_1_flip_lr_crop.mp4,1
3003,/content/drive/MyDrive/ucf_experiments/ciclo_experimental_1/data/data_blur/train/Arrest003_x264-cd888df99a_0_flip_lr_blur.mp4,/content/drive/MyDrive/ucf_experiments/ciclo_experimental_1/data/data_crop/train/Arrest003_x264-cd888df99a_0_flip_lr_crop.mp4,0
3004,/content/drive/MyDrive/ucf_experiments/ciclo_experimental_1/data/data_blur/train/Robbery060_x264-9e46acd186_1_flip_lr_blur.mp4,/content/drive/MyDrive/ucf_experiments/ciclo_experimental_1/data/data_crop/train/Robbery060_x264-9e46acd186_1_flip_lr_crop.mp4,1
3005,/content/drive/MyDrive/ucf_experiments/ciclo_experimental_1/data/data_blur/train/Fighting049_x264-859e4b6dc8_0_flip_lr_blur.mp4,/content/drive/MyDrive/ucf_experiments/ciclo_experimental_1/data/data_crop/train/Fighting049_x264-859e4b6dc8_0_flip_lr_crop.mp4,0
3006,/content/drive/MyDrive/ucf_experiments/ciclo_experimental_1/data/data_blur/train/Assault037_x264-e4747a3dbf_0_flip_lr_blur.mp4,/content/drive/MyDrive/ucf_experiments/ciclo_experimental_1/data/data_crop/train/Assault037_x264-e4747a3dbf_0_flip_lr_crop.mp4,0
3007,/content/drive/MyDrive/ucf_experiments/ciclo_experimental_1/data/data_blur/train/Robbery062_x264-8baec4b699_1_flip_lr_blur.mp4,/content/drive/MyDrive/ucf_experiments/ciclo_experimental_1/data/data_crop/train/Robbery062_x264-8baec4b699_1_flip_lr_crop.mp4,1
3008,/content/drive/MyDrive/ucf_experiments/ciclo_experimental_1/data/data_blur/train/Robbery002_x264-b9def3ddb6_0_flip_lr_blur.mp4,/content/drive/MyDrive/ucf_experiments/ciclo_experimental_1/data/data_crop/train/Robbery002_x264-b9def3ddb6_0_flip_lr_crop.mp4,0
3009,/content/drive/MyDrive/ucf_experiments/ciclo_experimental_1/data/data_blur/train/Assault046_x264-5d4b65c8ed_1_flip_lr_blur.mp4,/content/drive/MyDrive/ucf_experiments/ciclo_experimental_1/data/data_crop/train/Assault046_x264-5d4b65c8ed_1_flip_lr_crop.mp4,1
3010,/content/drive/MyDrive/ucf_experiments/ciclo_experimental_1/data/data_blur/train/Fighting040_x264-6913341878_0_flip_lr_blur.mp4,/content/drive/MyDrive/ucf_experiments/ciclo_experimental_1/data/data_crop/train/Fighting040_x264-6913341878_0_flip_lr_crop.mp4,0
3011,/content/drive/MyDrive/ucf_experiments/ciclo_experimental_1/data/data_blur/train/Assault024_x264-dae006bce6_0_flip_lr_blur.mp4,/content/drive/MyDrive/ucf_experiments/ciclo_experimental_1/data/data_crop/train/Assault024_x264-dae006bce6_0_flip_lr_crop.mp4,0
3012,/content/drive/MyDrive/ucf_experiments/ciclo_experimental_1/data/data_blur/train/Robbery088_x264-44c5d92ef2_1_flip_lr_blur.mp4,/content/drive/MyDrive/ucf_experiments/ciclo_experimental_1/data/data_crop/train/Robbery088_x264-44c5d92ef2_1_flip_lr_crop.mp4,1
3013,/content/drive/MyDrive/ucf_experiments/ciclo_experimental_1/data/data_blur/train/Fighting040_x264-648dc2136b_0_flip_lr_blur.mp4,/content/drive/MyDrive/ucf_experiments/ciclo_experimental_1/data/data_crop/train/Fighting040_x264-648dc2136b_0_flip_lr_crop.mp4,0
3014,/content/drive/MyDrive/ucf_experiments/ciclo_experimental_1/data/data_blur/train/Fighting028_x264-709820652b_1_flip_lr_blur.mp4,/content/drive/MyDrive/ucf_experiments/ciclo_experimental_1/data/data_crop/train/Fighting028_x264-709820652b_1_flip_lr_crop.mp4,1
3015,/content/drive/MyDrive/ucf_experiments/ciclo_experimental_1/data/data_blur/train/Arrest014_x264-ff177906e7_0_flip_lr_blur.mp4,/content/drive/MyDrive/ucf_experiments/ciclo_experimental_1/data/data_crop/train/Arrest014_x264-ff177906e7_0_flip_lr_crop.mp4,0
3016,/content/drive/MyDrive/ucf_experiments/ciclo_experimental_1/data/data_blur/train/Arrest032_x264-73dbc3fab8_0_flip_lr_blur.mp4,/content/drive/MyDrive/ucf_experiments/ciclo_experimental_1/data/data_crop/train/Arrest032_x264-73dbc3fab8_0_flip_lr_crop.mp4,0
3017,/content/drive/MyDrive/ucf_experiments/ciclo_experimental_1/data/data_blur/train/Assault041_x264-b623be83ca_0_flip_lr_blur.mp4,/content/drive/MyDrive/ucf_experiments/ciclo_experimental_1/data/data_crop/train/Assault041_x264-b623be83ca_0_flip_lr_crop.mp4,0
3018,/content/drive/MyDrive/ucf_experiments/ciclo_experimental_1/data/data_blur/train/Abuse008_x264-59ebe0b268_1_flip_lr_blur.mp4,/content/drive/MyDrive/ucf_experiments/ciclo_experimental_1/data/data_crop/train/Abuse008_x264-59ebe0b268_1_flip_lr_crop.mp4,1
3019,/content/drive/MyDrive/ucf_experiments/ciclo_experimental_1/data/data_blur/train/Arrest035_x264-96dd7cfe7a_0_flip_lr_blur.mp4,/content/drive/MyDrive/ucf_experiments/ciclo_experimental_1/data/data_crop/train/Arrest035_x264-96dd7cfe7a_0_flip_lr_crop.mp4,0
3020,/content/drive/MyDrive/ucf_experiments/ciclo_experimental_1/data/data_blur/train/Assault046_x264-1733b109e2_1_flip_lr_blur.mp4,/content/drive/MyDrive/ucf_experiments/ciclo_experimental_1/data/data_crop/train/Assault046_x264-1733b109e2_1_flip_lr_crop.mp4,1
3021,/content/drive/MyDrive/ucf_experiments/ciclo_experimental_1/data/data_blur/train/Assault046_x264-4e25ac98e0_1_flip_lr_blur.mp4,/content/drive/MyDrive/ucf_experiments/ciclo_experimental_1/data/data_crop/train/Assault046_x264-4e25ac98e0_1_flip_lr_crop.mp4,1
3022,/content/drive/MyDrive/ucf_experiments/ciclo_experimental_1/data/data_blur/train/Arrest038_x264-d2a6634365_0_flip_lr_blur.mp4,/content/drive/MyDrive/ucf_experiments/ciclo_experimental_1/data/data_crop/train/Arrest038_x264-d2a6634365_0_flip_lr_crop.mp4,0
3023,/content/drive/MyDrive/ucf_experiments/ciclo_experimental_1/data/data_blur/train/Assault032_x264-d432085cfc_0_flip_lr_blur.mp4,/content/drive/MyDrive/ucf_experiments/ciclo_experimental_1/data/data_crop/train/Assault032_x264-d432085cfc_0_flip_lr_crop.mp4,0
3024,/content/drive/MyDrive/ucf_experiments/ciclo_experimental_1/data/data_blur/train/Fighting049_x264-6a77a54f80_0_flip_lr_blur.mp4,/content/drive/MyDrive/ucf_experiments/ciclo_experimental_1/data/data_crop/train/Fighting049_x264-6a77a54f80_0_flip_lr_crop.mp4,0
3025,/content/drive/MyDrive/ucf_experiments/ciclo_experimental_1/data/data_blur/train/Arrest035_x264-0507587b6f_1_flip_lr_blur.mp4,/content/drive/MyDrive/ucf_experiments/ciclo_experimental_1/data/data_crop/train/Arrest035_x264-0507587b6f_1_flip_lr_crop.mp4,1
3026,/content/drive/MyDrive/ucf_experiments/ciclo_experimental_1/data/data_blur/train/Robbery025_x264-c04724a2f3_0_flip_lr_blur.mp4,/content/drive/MyDrive/ucf_experiments/ciclo_experimental_1/data/data_crop/train/Robbery025_x264-c04724a2f3_0_flip_lr_crop.mp4,0
3027,/content/drive/MyDrive/ucf_experiments/ciclo_experimental_1/data/data_blur/train/Robbery042_x264-f17686afbe_0_flip_lr_blur.mp4,/content/drive/MyDrive/ucf_experiments/ciclo_experimental_1/data/data_crop/train/Robbery042_x264-f17686afbe_0_flip_lr_crop.mp4,0
3028,/content/drive/MyDrive/ucf_experiments/ciclo_experimental_1/data/data_blur/train/Assault019_x264-3424750b02_0_flip_lr_blur.mp4,/content/drive/MyDrive/ucf_experiments/ciclo_experimental_1/data/data_crop/train/Assault019_x264-3424750b02_0_flip_lr_crop.mp4,0
3029,/content/drive/MyDrive/ucf_experiments/ciclo_experimental_1/data/data_blur/train/Assault007_x264-4760605f2b_1_flip_lr_blur.mp4,/content/drive/MyDrive/ucf_experiments/ciclo_experimental_1/data/data_crop/train/Assault007_x264-4760605f2b_1_flip_lr_crop.mp4,1
3030,/content/drive/MyDrive/ucf_experiments/ciclo_experimental_1/data/data_blur/train/Assault033_x264-389ec0e58a_1_flip_lr_blur.mp4,/content/drive/MyDrive/ucf_experiments/ciclo_experimental_1/data/data_crop/train/Assault033_x264-389ec0e58a_1_flip_lr_crop.mp4,1
3031,/content/drive/MyDrive/ucf_experiments/ciclo_experimental_1/data/data_blur/train/Fighting007_x264-bff4523a4b_1_flip_lr_blur.mp4,/content/drive/MyDrive/ucf_experiments/ciclo_experimental_1/data/data_crop/train/Fighting007_x264-bff4523a4b_1_flip_lr_crop.mp4,1
3032,/content/drive/MyDrive/ucf_experiments/ciclo_experimental_1/data/data_blur/train/Assault017_x264-5ba550ecf8_1_flip_lr_blur.mp4,/content/drive/MyDrive/ucf_experiments/ciclo_experimental_1/data/data_crop/train/Assault017_x264-5ba550ecf8_1_flip_lr_crop.mp4,1
3033,/content/drive/MyDrive/ucf_experiments/ciclo_experimental_1/data/data_blur/train/Fighting049_x264-bc4b7b06fd_1_flip_lr_blur.mp4,/content/drive/MyDrive/ucf_experiments/ciclo_experimental_1/data/data_crop/train/Fighting049_x264-bc4b7b06fd_1_flip_lr_crop.mp4,1
3034,/content/drive/MyDrive/ucf_experiments/ciclo_experimental_1/data/data_blur/train/Assault026_x264-b5c198dadc_1_flip_lr_blur.mp4,/content/drive/MyDrive/ucf_experiments/ciclo_experimental_1/data/data_crop/train/Assault026_x264-b5c198dadc_1_flip_lr_crop.mp4,1
3035,/content/drive/MyDrive/ucf_experiments/ciclo_experimental_1/data/data_blur/train/Fighting004_x264-fa54382b5d_0_flip_lr_blur.mp4,/content/drive/MyDrive/ucf_experiments/ciclo_experimental_1/data/data_crop/train/Fighting004_x264-fa54382b5d_0_flip_lr_crop.mp4,0
3036,/content/drive/MyDrive/ucf_experiments/ciclo_experimental_1/data/data_blur/train/Assault042_x264-fff337c439_1_flip_lr_blur.mp4,/content/drive/MyDrive/ucf_experiments/ciclo_experimental_1/data/data_crop/train/Assault042_x264-fff337c439_1_flip_lr_crop.mp4,1
3037,/content/drive/MyDrive/ucf_experiments/ciclo_experimental_1/data/data_blur/train/Robbery039_x264-9d688efd54_1_flip_lr_blur.mp4,/content/drive/MyDrive/ucf_experiments/ciclo_experimental_1/data/data_crop/train/Robbery039_x264-9d688efd54_1_flip_lr_crop.mp4,1
3038,/content/drive/MyDrive/ucf_experiments/ciclo_experimental_1/data/data_blur/train/Robbery006_x264-5113017f7f_1_flip_lr_blur.mp4,/content/drive/MyDrive/ucf_experiments/ciclo_experimental_1/data/data_crop/train/Robbery006_x264-5113017f7f_1_flip_lr_crop.mp4,1
3039,/content/drive/MyDrive/ucf_experiments/ciclo_experimental_1/data/data_blur/train/Fighting021_x264-a4a2e10741_0_flip_lr_blur.mp4,/content/drive/MyDrive/ucf_experiments/ciclo_experimental_1/data/data_crop/train/Fighting021_x264-a4a2e10741_0_flip_lr_crop.mp4,0
3040,/content/drive/MyDrive/ucf_experiments/ciclo_experimental_1/data/data_blur/train/Assault014_x264-906abdb587_0_flip_lr_blur.mp4,/content/drive/MyDrive/ucf_experiments/ciclo_experimental_1/data/data_crop/train/Assault014_x264-906abdb587_0_flip_lr_crop.mp4,0
3041,/content/drive/MyDrive/ucf_experiments/ciclo_experimental_1/data/data_blur/train/Arrest035_x264-01c5667f9c_1_flip_lr_blur.mp4,/content/drive/MyDrive/ucf_experiments/ciclo_experimental_1/data/data_crop/train/Arrest035_x264-01c5667f9c_1_flip_lr_crop.mp4,1
3042,/content/drive/MyDrive/ucf_experiments/ciclo_experimental_1/data/data_blur/train/Robbery094_x264-de39db1378_0_flip_lr_blur.mp4,/content/drive/MyDrive/ucf_experiments/ciclo_experimental_1/data/data_crop/train/Robbery094_x264-de39db1378_0_flip_lr_crop.mp4,0
3043,/content/drive/MyDrive/ucf_experiments/ciclo_experimental_1/data/data_blur/train/Robbery033_x264-cc5115a73a_1_flip_lr_blur.mp4,/content/drive/MyDrive/ucf_experiments/ciclo_experimental_1/data/data_crop/train/Robbery033_x264-cc5115a73a_1_flip_lr_crop.mp4,1
3044,/content/drive/MyDrive/ucf_experiments/ciclo_experimental_1/data/data_blur/train/Assault032_x264-c36efd6ea4_1_flip_lr_blur.mp4,/content/drive/MyDrive/ucf_experiments/ciclo_experimental_1/data/data_crop/train/Assault032_x264-c36efd6ea4_1_flip_lr_crop.mp4,1
3045,/content/drive/MyDrive/ucf_experiments/ciclo_experimental_1/data/data_blur/train/Robbery052_x264-a9fbedf274_0_flip_lr_blur.mp4,/content/drive/MyDrive/ucf_experiments/ciclo_experimental_1/data/data_crop/train/Robbery052_x264-a9fbedf274_0_flip_lr_crop.mp4,0
3046,/content/drive/MyDrive/ucf_experiments/ciclo_experimental_1/data/data_blur/train/Robbery090_x264-a84ce7c75e_0_flip_lr_blur.mp4,/content/drive/MyDrive/ucf_experiments/ciclo_experimental_1/data/data_crop/train/Robbery090_x264-a84ce7c75e_0_flip_lr_crop.mp4,0
3047,/content/drive/MyDrive/ucf_experiments/ciclo_experimental_1/data/data_blur/train/Robbery039_x264-70570defc6_0_flip_lr_blur.mp4,/content/drive/MyDrive/ucf_experiments/ciclo_experimental_1/data/data_crop/train/Robbery039_x264-70570defc6_0_flip_lr_crop.mp4,0
3048,/content/drive/MyDrive/ucf_experiments/ciclo_experimental_1/data/data_blur/train/Fighting026_x264-7abd645574_0_flip_lr_blur.mp4,/content/drive/MyDrive/ucf_experiments/ciclo_experimental_1/data/data_crop/train/Fighting026_x264-7abd645574_0_flip_lr_crop.mp4,0
3049,/content/drive/MyDrive/ucf_experiments/ciclo_experimental_1/data/data_blur/train/Fighting035_x264-38c50a0c2a_0_flip_lr_blur.mp4,/content/drive/MyDrive/ucf_experiments/ciclo_experimental_1/data/data_crop/train/Fighting035_x264-38c50a0c2a_0_flip_lr_crop.mp4,0
3050,/content/drive/MyDrive/ucf_experiments/ciclo_experimental_1/data/data_blur/train/Assault040_x264-94008b16e9_0_flip_lr_blur.mp4,/content/drive/MyDrive/ucf_experiments/ciclo_experimental_1/data/data_crop/train/Assault040_x264-94008b16e9_0_flip_lr_crop.mp4,0
3051,/content/drive/MyDrive/ucf_experiments/ciclo_experimental_1/data/data_blur/train/Robbery065_x264-adb517afcc_0_flip_lr_blur.mp4,/content/drive/MyDrive/ucf_experiments/ciclo_experimental_1/data/data_crop/train/Robbery065_x264-adb517afcc_0_flip_lr_crop.mp4,0
3052,/content/drive/MyDrive/ucf_experiments/ciclo_experimental_1/data/data_blur/train/Assault012_x264-d5ca14a0aa_0_flip_lr_blur.mp4,/content/drive/MyDrive/ucf_experiments/ciclo_experimental_1/data/data_crop/train/Assault012_x264-d5ca14a0aa_0_flip_lr_crop.mp4,0
3053,/content/drive/MyDrive/ucf_experiments/ciclo_experimental_1/data/data_blur/train/Abuse009_x264-b8faeae7a6_1_flip_lr_blur.mp4,/content/drive/MyDrive/ucf_experiments/ciclo_experimental_1/data/data_crop/train/Abuse009_x264-b8faeae7a6_1_flip_lr_crop.mp4,1
3054,/content/drive/MyDrive/ucf_experiments/ciclo_experimental_1/data/data_blur/train/Fighting034_x264-fe4884daa6_0_flip_lr_blur.mp4,/content/drive/MyDrive/ucf_experiments/ciclo_experimental_1/data/data_crop/train/Fighting034_x264-fe4884daa6_0_flip_lr_crop.mp4,0
3055,/content/drive/MyDrive/ucf_experiments/ciclo_experimental_1/data/data_blur/train/Robbery053_x264-56555bd87c_1_flip_lr_blur.mp4,/content/drive/MyDrive/ucf_experiments/ciclo_experimental_1/data/data_crop/train/Robbery053_x264-56555bd87c_1_flip_lr_crop.mp4,1
3056,/content/drive/MyDrive/ucf_experiments/ciclo_experimental_1/data/data_blur/train/Robbery012_x264-bea9ede266_1_flip_lr_blur.mp4,/content/drive/MyDrive/ucf_experiments/ciclo_experimental_1/data/data_crop/train/Robbery012_x264-bea9ede266_1_flip_lr_crop.mp4,1
3057,/content/drive/MyDrive/ucf_experiments/ciclo_experimental_1/data/data_blur/train/Robbery042_x264-43f34594a4_0_flip_lr_blur.mp4,/content/drive/MyDrive/ucf_experiments/ciclo_experimental_1/data/data_crop/train/Robbery042_x264-43f34594a4_0_flip_lr_crop.mp4,0
3058,/content/drive/MyDrive/ucf_experiments/ciclo_experimental_1/data/data_blur/train/Fighting005_x264-7e7e5b882d_0_flip_lr_blur.mp4,/content/drive/MyDrive/ucf_experiments/ciclo_experimental_1/data/data_crop/train/Fighting005_x264-7e7e5b882d_0_flip_lr_crop.mp4,0
3059,/content/drive/MyDrive/ucf_experiments/ciclo_experimental_1/data/data_blur/train/Fighting035_x264-17b6cebe49_0_flip_lr_blur.mp4,/content/drive/MyDrive/ucf_experiments/ciclo_experimental_1/data/data_crop/train/Fighting035_x264-17b6cebe49_0_flip_lr_crop.mp4,0
3060,/content/drive/MyDrive/ucf_experiments/ciclo_experimental_1/data/data_blur/train/Abuse005_x264-fe0a29cf46_0_flip_lr_blur.mp4,/content/drive/MyDrive/ucf_experiments/ciclo_experimental_1/data/data_crop/train/Abuse005_x264-fe0a29cf46_0_flip_lr_crop.mp4,0
3061,/content/drive/MyDrive/ucf_experiments/ciclo_experimental_1/data/data_blur/train/Assault004_x264-a9a2d2ddde_0_flip_lr_blur.mp4,/content/drive/MyDrive/ucf_experiments/ciclo_experimental_1/data/data_crop/train/Assault004_x264-a9a2d2ddde_0_flip_lr_crop.mp4,0
3062,/content/drive/MyDrive/ucf_experiments/ciclo_experimental_1/data/data_blur/train/Abuse026_x264-7df62b5e5d_1_flip_lr_blur.mp4,/content/drive/MyDrive/ucf_experiments/ciclo_experimental_1/data/data_crop/train/Abuse026_x264-7df62b5e5d_1_flip_lr_crop.mp4,1
3063,/content/drive/MyDrive/ucf_experiments/ciclo_experimental_1/data/data_blur/train/Robbery013_x264-9611e32fe7_1_flip_lr_blur.mp4,/content/drive/MyDrive/ucf_experiments/ciclo_experimental_1/data/data_crop/train/Robbery013_x264-9611e32fe7_1_flip_lr_crop.mp4,1
3064,/content/drive/MyDrive/ucf_experiments/ciclo_experimental_1/data/data_blur/train/Arrest005_x264-5fa7a41950_1_flip_lr_blur.mp4,/content/drive/MyDrive/ucf_experiments/ciclo_experimental_1/data/data_crop/train/Arrest005_x264-5fa7a41950_1_flip_lr_crop.mp4,1
3065,/content/drive/MyDrive/ucf_experiments/ciclo_experimental_1/data/data_blur/train/Assault015_x264-78a65ebe12_1_flip_lr_blur.mp4,/content/drive/MyDrive/ucf_experiments/ciclo_experimental_1/data/data_crop/train/Assault015_x264-78a65ebe12_1_flip_lr_crop.mp4,1
3066,/content/drive/MyDrive/ucf_experiments/ciclo_experimental_1/data/data_blur/train/Robbery002_x264-86e96f6d0a_1_flip_lr_blur.mp4,/content/drive/MyDrive/ucf_experiments/ciclo_experimental_1/data/data_crop/train/Robbery002_x264-86e96f6d0a_1_flip_lr_crop.mp4,1
3067,/content/drive/MyDrive/ucf_experiments/ciclo_experimental_1/data/data_blur/train/Fighting040_x264-dd9ccbf8ba_0_flip_lr_blur.mp4,/content/drive/MyDrive/ucf_experiments/ciclo_experimental_1/data/data_crop/train/Fighting040_x264-dd9ccbf8ba_0_flip_lr_crop.mp4,0
3068,/content/drive/MyDrive/ucf_experiments/ciclo_experimental_1/data/data_blur/train/Assault005_x264-62d2966d7f_0_flip_lr_blur.mp4,/content/drive/MyDrive/ucf_experiments/ciclo_experimental_1/data/data_crop/train/Assault005_x264-62d2966d7f_0_flip_lr_crop.mp4,0
3069,/content/drive/MyDrive/ucf_experiments/ciclo_experimental_1/data/data_blur/train/Abuse017_x264-7301bc5913_0_flip_lr_blur.mp4,/content/drive/MyDrive/ucf_experiments/ciclo_experimental_1/data/data_crop/train/Abuse017_x264-7301bc5913_0_flip_lr_crop.mp4,0
3070,/content/drive/MyDrive/ucf_experiments/ciclo_experimental_1/data/data_blur/train/Abuse019_x264-7d9545db67_1_flip_lr_blur.mp4,/content/drive/MyDrive/ucf_experiments/ciclo_experimental_1/data/data_crop/train/Abuse019_x264-7d9545db67_1_flip_lr_crop.mp4,1
3071,/content/drive/MyDrive/ucf_experiments/ciclo_experimental_1/data/data_blur/train/Robbery015_x264-880e64ae7d_1_flip_lr_blur.mp4,/content/drive/MyDrive/ucf_experiments/ciclo_experimental_1/data/data_crop/train/Robbery015_x264-880e64ae7d_1_flip_lr_crop.mp4,1
3072,/content/drive/MyDrive/ucf_experiments/ciclo_experimental_1/data/data_blur/train/Arrest036_x264-1f7b2a8e3c_1_flip_lr_blur.mp4,/content/drive/MyDrive/ucf_experiments/ciclo_experimental_1/data/data_crop/train/Arrest036_x264-1f7b2a8e3c_1_flip_lr_crop.mp4,1
3073,/content/drive/MyDrive/ucf_experiments/ciclo_experimental_1/data/data_blur/train/Abuse017_x264-7f9713e524_1_flip_lr_blur.mp4,/content/drive/MyDrive/ucf_experiments/ciclo_experimental_1/data/data_crop/train/Abuse017_x264-7f9713e524_1_flip_lr_crop.mp4,1
3074,/content/drive/MyDrive/ucf_experiments/ciclo_experimental_1/data/data_blur/train/Robbery024_x264-6fd44d860a_1_flip_lr_blur.mp4,/content/drive/MyDrive/ucf_experiments/ciclo_experimental_1/data/data_crop/train/Robbery024_x264-6fd44d860a_1_flip_lr_crop.mp4,1
3075,/content/drive/MyDrive/ucf_experiments/ciclo_experimental_1/data/data_blur/train/Robbery033_x264-768c284fc3_1_flip_lr_blur.mp4,/content/drive/MyDrive/ucf_experiments/ciclo_experimental_1/data/data_crop/train/Robbery033_x264-768c284fc3_1_flip_lr_crop.mp4,1
3076,/content/drive/MyDrive/ucf_experiments/ciclo_experimental_1/data/data_blur/train/Assault040_x264-ef9aab5697_0_flip_lr_blur.mp4,/content/drive/MyDrive/ucf_experiments/ciclo_experimental_1/data/data_crop/train/Assault040_x264-ef9aab5697_0_flip_lr_crop.mp4,0
3077,/content/drive/MyDrive/ucf_experiments/ciclo_experimental_1/data/data_blur/train/Robbery035_x264-94ca6e1718_0_flip_lr_blur.mp4,/content/drive/MyDrive/ucf_experiments/ciclo_experimental_1/data/data_crop/train/Robbery035_x264-94ca6e1718_0_flip_lr_crop.mp4,0
3078,/content/drive/MyDrive/ucf_experiments/ciclo_experimental_1/data/data_blur/train/Assault001_x264-afb4447316_1_flip_lr_blur.mp4,/content/drive/MyDrive/ucf_experiments/ciclo_experimental_1/data/data_crop/train/Assault001_x264-afb4447316_1_flip_lr_crop.mp4,1
3079,/content/drive/MyDrive/ucf_experiments/ciclo_experimental_1/data/data_blur/train/Robbery040_x264-06b1d738ac_0_flip_lr_blur.mp4,/content/drive/MyDrive/ucf_experiments/ciclo_experimental_1/data/data_crop/train/Robbery040_x264-06b1d738ac_0_flip_lr_crop.mp4,0
3080,/content/drive/MyDrive/ucf_experiments/ciclo_experimental_1/data/data_blur/train/Arrest028_x264-32d33b2a3e_1_flip_lr_blur.mp4,/content/drive/MyDrive/ucf_experiments/ciclo_experimental_1/data/data_crop/train/Arrest028_x264-32d33b2a3e_1_flip_lr_crop.mp4,1
3081,/content/drive/MyDrive/ucf_experiments/ciclo_experimental_1/data/data_blur/train/Assault033_x264-781f681f73_1_flip_lr_blur.mp4,/content/drive/MyDrive/ucf_experiments/ciclo_experimental_1/data/data_crop/train/Assault033_x264-781f681f73_1_flip_lr_crop.mp4,1
3082,/content/drive/MyDrive/ucf_experiments/ciclo_experimental_1/data/data_blur/train/Robbery053_x264-db17ca3c49_0_flip_lr_blur.mp4,/content/drive/MyDrive/ucf_experiments/ciclo_experimental_1/data/data_crop/train/Robbery053_x264-db17ca3c49_0_flip_lr_crop.mp4,0
3083,/content/drive/MyDrive/ucf_experiments/ciclo_experimental_1/data/data_blur/train/Fighting044_x264-8e94728a73_0_flip_lr_blur.mp4,/content/drive/MyDrive/ucf_experiments/ciclo_experimental_1/data/data_crop/train/Fighting044_x264-8e94728a73_0_flip_lr_crop.mp4,0
3084,/content/drive/MyDrive/ucf_experiments/ciclo_experimental_1/data/data_blur/train/Robbery057_x264-f4d3b3206b_0_flip_lr_blur.mp4,/content/drive/MyDrive/ucf_experiments/ciclo_experimental_1/data/data_crop/train/Robbery057_x264-f4d3b3206b_0_flip_lr_crop.mp4,0
3085,/content/drive/MyDrive/ucf_experiments/ciclo_experimental_1/data/data_blur/train/Fighting044_x264-811fced4ca_1_flip_lr_blur.mp4,/content/drive/MyDrive/ucf_experiments/ciclo_experimental_1/data/data_crop/train/Fighting044_x264-811fced4ca_1_flip_lr_crop.mp4,1
3086,/content/drive/MyDrive/ucf_experiments/ciclo_experimental_1/data/data_blur/train/Arrest049_x264-a2107eab0b_1_flip_lr_blur.mp4,/content/drive/MyDrive/ucf_experiments/ciclo_experimental_1/data/data_crop/train/Arrest049_x264-a2107eab0b_1_flip_lr_crop.mp4,1
3087,/content/drive/MyDrive/ucf_experiments/ciclo_experimental_1/data/data_blur/train/Fighting035_x264-80bbfcea9d_0_flip_lr_blur.mp4,/content/drive/MyDrive/ucf_experiments/ciclo_experimental_1/data/data_crop/train/Fighting035_x264-80bbfcea9d_0_flip_lr_crop.mp4,0
3088,/content/drive/MyDrive/ucf_experiments/ciclo_experimental_1/data/data_blur/train/Robbery085_x264-10dfe2f1a1_0_flip_lr_blur.mp4,/content/drive/MyDrive/ucf_experiments/ciclo_experimental_1/data/data_crop/train/Robbery085_x264-10dfe2f1a1_0_flip_lr_crop.mp4,0
3089,/content/drive/MyDrive/ucf_experiments/ciclo_experimental_1/data/data_blur/train/Abuse017_x264-7dfff671bd_1_flip_lr_blur.mp4,/content/drive/MyDrive/ucf_experiments/ciclo_experimental_1/data/data_crop/train/Abuse017_x264-7dfff671bd_1_flip_lr_crop.mp4,1
3090,/content/drive/MyDrive/ucf_experiments/ciclo_experimental_1/data/data_blur/train/Robbery019_x264-ca41493c06_1_flip_lr_blur.mp4,/content/drive/MyDrive/ucf_experiments/ciclo_experimental_1/data/data_crop/train/Robbery019_x264-ca41493c06_1_flip_lr_crop.mp4,1
3091,/content/drive/MyDrive/ucf_experiments/ciclo_experimental_1/data/data_blur/train/Robbery012_x264-64b6dfb3d3_1_flip_lr_blur.mp4,/content/drive/MyDrive/ucf_experiments/ciclo_experimental_1/data/data_crop/train/Robbery012_x264-64b6dfb3d3_1_flip_lr_crop.mp4,1
3092,/content/drive/MyDrive/ucf_experiments/ciclo_experimental_1/data/data_blur/train/Robbery041_x264-2d67fc1bd2_1_flip_lr_blur.mp4,/content/drive/MyDrive/ucf_experiments/ciclo_experimental_1/data/data_crop/train/Robbery041_x264-2d67fc1bd2_1_flip_lr_crop.mp4,1
3093,/content/drive/MyDrive/ucf_experiments/ciclo_experimental_1/data/data_blur/train/Arrest042_x264-d1b38052f4_0_flip_lr_blur.mp4,/content/drive/MyDrive/ucf_experiments/ciclo_experimental_1/data/data_crop/train/Arrest042_x264-d1b38052f4_0_flip_lr_crop.mp4,0
3094,/content/drive/MyDrive/ucf_experiments/ciclo_experimental_1/data/data_blur/train/Fighting011_x264-be6ac66de1_0_flip_lr_blur.mp4,/content/drive/MyDrive/ucf_experiments/ciclo_experimental_1/data/data_crop/train/Fighting011_x264-be6ac66de1_0_flip_lr_crop.mp4,0
3095,/content/drive/MyDrive/ucf_experiments/ciclo_experimental_1/data/data_blur/train/Abuse029_x264-f9e526055d_0_flip_lr_blur.mp4,/content/drive/MyDrive/ucf_experiments/ciclo_experimental_1/data/data_crop/train/Abuse029_x264-f9e526055d_0_flip_lr_crop.mp4,0
3096,/content/drive/MyDrive/ucf_experiments/ciclo_experimental_1/data/data_blur/train/Fighting050_x264-7796bf70e6_1_flip_lr_blur.mp4,/content/drive/MyDrive/ucf_experiments/ciclo_experimental_1/data/data_crop/train/Fighting050_x264-7796bf70e6_1_flip_lr_crop.mp4,1
3097,/content/drive/MyDrive/ucf_experiments/ciclo_experimental_1/data/data_blur/train/Robbery056_x264-fbb415106d_1_flip_lr_blur.mp4,/content/drive/MyDrive/ucf_experiments/ciclo_experimental_1/data/data_crop/train/Robbery056_x264-fbb415106d_1_flip_lr_crop.mp4,1
3098,/content/drive/MyDrive/ucf_experiments/ciclo_experimental_1/data/data_blur/train/Fighting024_x264-e92389f8c9_1_flip_lr_blur.mp4,/content/drive/MyDrive/ucf_experiments/ciclo_experimental_1/data/data_crop/train/Fighting024_x264-e92389f8c9_1_flip_lr_crop.mp4,1
3099,/content/drive/MyDrive/ucf_experiments/ciclo_experimental_1/data/data_blur/train/Robbery070_x264-8f95077ff2_1_flip_lr_blur.mp4,/content/drive/MyDrive/ucf_experiments/ciclo_experimental_1/data/data_crop/train/Robbery070_x264-8f95077ff2_1_flip_lr_crop.mp4,1
3100,/content/drive/MyDrive/ucf_experiments/ciclo_experimental_1/data/data_blur/train/Robbery066_x264-056484c889_0_flip_lr_blur.mp4,/content/drive/MyDrive/ucf_experiments/ciclo_experimental_1/data/data_crop/train/Robbery066_x264-056484c889_0_flip_lr_crop.mp4,0
3101,/content/drive/MyDrive/ucf_experiments/ciclo_experimental_1/data/data_blur/train/Fighting008_x264-ea3cfbc85d_0_flip_lr_blur.mp4,/content/drive/MyDrive/ucf_experiments/ciclo_experimental_1/data/data_crop/train/Fighting008_x264-ea3cfbc85d_0_flip_lr_crop.mp4,0
3102,/content/drive/MyDrive/ucf_experiments/ciclo_experimental_1/data/data_blur/train/Abuse050_x264-45e6a0b2d6_1_flip_lr_blur.mp4,/content/drive/MyDrive/ucf_experiments/ciclo_experimental_1/data/data_crop/train/Abuse050_x264-45e6a0b2d6_1_flip_lr_crop.mp4,1
3103,/content/drive/MyDrive/ucf_experiments/ciclo_experimental_1/data/data_blur/train/Robbery037_x264-b20467b684_0_flip_lr_blur.mp4,/content/drive/MyDrive/ucf_experiments/ciclo_experimental_1/data/data_crop/train/Robbery037_x264-b20467b684_0_flip_lr_crop.mp4,0
3104,/content/drive/MyDrive/ucf_experiments/ciclo_experimental_1/data/data_blur/train/Abuse039_x264-9e19157f96_1_flip_lr_blur.mp4,/content/drive/MyDrive/ucf_experiments/ciclo_experimental_1/data/data_crop/train/Abuse039_x264-9e19157f96_1_flip_lr_crop.mp4,1
3105,/content/drive/MyDrive/ucf_experiments/ciclo_experimental_1/data/data_blur/train/Fighting011_x264-aa93b1ad7e_0_flip_lr_blur.mp4,/content/drive/MyDrive/ucf_experiments/ciclo_experimental_1/data/data_crop/train/Fighting011_x264-aa93b1ad7e_0_flip_lr_crop.mp4,0
3106,/content/drive/MyDrive/ucf_experiments/ciclo_experimental_1/data/data_blur/train/Abuse050_x264-f51f45495a_1_flip_lr_blur.mp4,/content/drive/MyDrive/ucf_experiments/ciclo_experimental_1/data/data_crop/train/Abuse050_x264-f51f45495a_1_flip_lr_crop.mp4,1
3107,/content/drive/MyDrive/ucf_experiments/ciclo_experimental_1/data/data_blur/train/Robbery064_x264-c7459bda19_0_flip_lr_blur.mp4,/content/drive/MyDrive/ucf_experiments/ciclo_experimental_1/data/data_crop/train/Robbery064_x264-c7459bda19_0_flip_lr_crop.mp4,0
3108,/content/drive/MyDrive/ucf_experiments/ciclo_experimental_1/data/data_blur/train/Assault052_x264-cb7252f178_1_flip_lr_blur.mp4,/content/drive/MyDrive/ucf_experiments/ciclo_experimental_1/data/data_crop/train/Assault052_x264-cb7252f178_1_flip_lr_crop.mp4,1
3109,/content/drive/MyDrive/ucf_experiments/ciclo_experimental_1/data/data_blur/train/Assault049_x264-bff03978cc_0_flip_lr_blur.mp4,/content/drive/MyDrive/ucf_experiments/ciclo_experimental_1/data/data_crop/train/Assault049_x264-bff03978cc_0_flip_lr_crop.mp4,0
3110,/content/drive/MyDrive/ucf_experiments/ciclo_experimental_1/data/data_blur/train/Robbery088_x264-4ee83d83c9_1_flip_lr_blur.mp4,/content/drive/MyDrive/ucf_experiments/ciclo_experimental_1/data/data_crop/train/Robbery088_x264-4ee83d83c9_1_flip_lr_crop.mp4,1
3111,/content/drive/MyDrive/ucf_experiments/ciclo_experimental_1/data/data_blur/train/Assault036_x264-2bde35c6ce_1_flip_lr_blur.mp4,/content/drive/MyDrive/ucf_experiments/ciclo_experimental_1/data/data_crop/train/Assault036_x264-2bde35c6ce_1_flip_lr_crop.mp4,1
3112,/content/drive/MyDrive/ucf_experiments/ciclo_experimental_1/data/data_blur/train/Robbery078_x264-721441602b_0_flip_lr_blur.mp4,/content/drive/MyDrive/ucf_experiments/ciclo_experimental_1/data/data_crop/train/Robbery078_x264-721441602b_0_flip_lr_crop.mp4,0
3113,/content/drive/MyDrive/ucf_experiments/ciclo_experimental_1/data/data_blur/train/Fighting027_x264-5d7af13927_1_flip_lr_blur.mp4,/content/drive/MyDrive/ucf_experiments/ciclo_experimental_1/data/data_crop/train/Fighting027_x264-5d7af13927_1_flip_lr_crop.mp4,1
3114,/content/drive/MyDrive/ucf_experiments/ciclo_experimental_1/data/data_blur/train/Assault002_x264-3d2299ca71_0_flip_lr_blur.mp4,/content/drive/MyDrive/ucf_experiments/ciclo_experimental_1/data/data_crop/train/Assault002_x264-3d2299ca71_0_flip_lr_crop.mp4,0
3115,/content/drive/MyDrive/ucf_experiments/ciclo_experimental_1/data/data_blur/train/Assault042_x264-48b9e7f0b2_1_flip_lr_blur.mp4,/content/drive/MyDrive/ucf_experiments/ciclo_experimental_1/data/data_crop/train/Assault042_x264-48b9e7f0b2_1_flip_lr_crop.mp4,1
3116,/content/drive/MyDrive/ucf_experiments/ciclo_experimental_1/data/data_blur/train/Robbery036_x264-348fde7fb9_0_flip_lr_blur.mp4,/content/drive/MyDrive/ucf_experiments/ciclo_experimental_1/data/data_crop/train/Robbery036_x264-348fde7fb9_0_flip_lr_crop.mp4,0
3117,/content/drive/MyDrive/ucf_experiments/ciclo_experimental_1/data/data_blur/train/Abuse031_x264-691622617a_0_flip_lr_blur.mp4,/content/drive/MyDrive/ucf_experiments/ciclo_experimental_1/data/data_crop/train/Abuse031_x264-691622617a_0_flip_lr_crop.mp4,0
3118,/content/drive/MyDrive/ucf_experiments/ciclo_experimental_1/data/data_blur/train/Fighting020_x264-a1b5cd4b43_1_flip_lr_blur.mp4,/content/drive/MyDrive/ucf_experiments/ciclo_experimental_1/data/data_crop/train/Fighting020_x264-a1b5cd4b43_1_flip_lr_crop.mp4,1
3119,/content/drive/MyDrive/ucf_experiments/ciclo_experimental_1/data/data_blur/train/Assault052_x264-111d345f07_0_flip_lr_blur.mp4,/content/drive/MyDrive/ucf_experiments/ciclo_experimental_1/data/data_crop/train/Assault052_x264-111d345f07_0_flip_lr_crop.mp4,0
3120,/content/drive/MyDrive/ucf_experiments/ciclo_experimental_1/data/data_blur/train/Robbery008_x264-26cac1b86e_1_flip_lr_blur.mp4,/content/drive/MyDrive/ucf_experiments/ciclo_experimental_1/data/data_crop/train/Robbery008_x264-26cac1b86e_1_flip_lr_crop.mp4,1
3121,/content/drive/MyDrive/ucf_experiments/ciclo_experimental_1/data/data_blur/train/Abuse015_x264-d2cd2998a4_1_flip_lr_blur.mp4,/content/drive/MyDrive/ucf_experiments/ciclo_experimental_1/data/data_crop/train/Abuse015_x264-d2cd2998a4_1_flip_lr_crop.mp4,1
3122,/content/drive/MyDrive/ucf_experiments/ciclo_experimental_1/data/data_blur/train/Abuse023_x264-61beeaf6d5_1_flip_lr_blur.mp4,/content/drive/MyDrive/ucf_experiments/ciclo_experimental_1/data/data_crop/train/Abuse023_x264-61beeaf6d5_1_flip_lr_crop.mp4,1
3123,/content/drive/MyDrive/ucf_experiments/ciclo_experimental_1/data/data_blur/train/Fighting040_x264-11f610ca3d_1_flip_lr_blur.mp4,/content/drive/MyDrive/ucf_experiments/ciclo_experimental_1/data/data_crop/train/Fighting040_x264-11f610ca3d_1_flip_lr_crop.mp4,1
3124,/content/drive/MyDrive/ucf_experiments/ciclo_experimental_1/data/data_blur/train/Arrest009_x264-ad7ac771bd_0_flip_lr_blur.mp4,/content/drive/MyDrive/ucf_experiments/ciclo_experimental_1/data/data_crop/train/Arrest009_x264-ad7ac771bd_0_flip_lr_crop.mp4,0
3125,/content/drive/MyDrive/ucf_experiments/ciclo_experimental_1/data/data_blur/train/Fighting008_x264-b79a7b36d5_1_flip_lr_blur.mp4,/content/drive/MyDrive/ucf_experiments/ciclo_experimental_1/data/data_crop/train/Fighting008_x264-b79a7b36d5_1_flip_lr_crop.mp4,1
3126,/content/drive/MyDrive/ucf_experiments/ciclo_experimental_1/data/data_blur/train/Arrest023_x264-a0aedbf253_1_flip_lr_blur.mp4,/content/drive/MyDrive/ucf_experiments/ciclo_experimental_1/data/data_crop/train/Arrest023_x264-a0aedbf253_1_flip_lr_crop.mp4,1
3127,/content/drive/MyDrive/ucf_experiments/ciclo_experimental_1/data/data_blur/train/Assault037_x264-f32cd0b237_0_flip_lr_blur.mp4,/content/drive/MyDrive/ucf_experiments/ciclo_experimental_1/data/data_crop/train/Assault037_x264-f32cd0b237_0_flip_lr_crop.mp4,0
3128,/content/drive/MyDrive/ucf_experiments/ciclo_experimental_1/data/data_blur/train/Arrest035_x264-d27d6405bf_1_flip_lr_blur.mp4,/content/drive/MyDrive/ucf_experiments/ciclo_experimental_1/data/data_crop/train/Arrest035_x264-d27d6405bf_1_flip_lr_crop.mp4,1
3129,/content/drive/MyDrive/ucf_experiments/ciclo_experimental_1/data/data_blur/train/Abuse003_x264-91ec2c66ab_1_flip_lr_blur.mp4,/content/drive/MyDrive/ucf_experiments/ciclo_experimental_1/data/data_crop/train/Abuse003_x264-91ec2c66ab_1_flip_lr_crop.mp4,1
3130,/content/drive/MyDrive/ucf_experiments/ciclo_experimental_1/data/data_blur/train/Robbery035_x264-b19be4ce0e_0_flip_lr_blur.mp4,/content/drive/MyDrive/ucf_experiments/ciclo_experimental_1/data/data_crop/train/Robbery035_x264-b19be4ce0e_0_flip_lr_crop.mp4,0
3131,/content/drive/MyDrive/ucf_experiments/ciclo_experimental_1/data/data_blur/train/Robbery107_x264-bb9ea4a150_0_flip_lr_blur.mp4,/content/drive/MyDrive/ucf_experiments/ciclo_experimental_1/data/data_crop/train/Robbery107_x264-bb9ea4a150_0_flip_lr_crop.mp4,0
3132,/content/drive/MyDrive/ucf_experiments/ciclo_experimental_1/data/data_blur/train/Assault002_x264-8a9e59cddd_0_flip_lr_blur.mp4,/content/drive/MyDrive/ucf_experiments/ciclo_experimental_1/data/data_crop/train/Assault002_x264-8a9e59cddd_0_flip_lr_crop.mp4,0
3133,/content/drive/MyDrive/ucf_experiments/ciclo_experimental_1/data/data_blur/train/Assault005_x264-922f3ed74d_0_flip_lr_blur.mp4,/content/drive/MyDrive/ucf_experiments/ciclo_experimental_1/data/data_crop/train/Assault005_x264-922f3ed74d_0_flip_lr_crop.mp4,0
3134,/content/drive/MyDrive/ucf_experiments/ciclo_experimental_1/data/data_blur/train/Abuse004_x264-7c24921c71_1_flip_lr_blur.mp4,/content/drive/MyDrive/ucf_experiments/ciclo_experimental_1/data/data_crop/train/Abuse004_x264-7c24921c71_1_flip_lr_crop.mp4,1
3135,/content/drive/MyDrive/ucf_experiments/ciclo_experimental_1/data/data_blur/train/Arrest025_x264-e361b3cf8b_1_flip_lr_blur.mp4,/content/drive/MyDrive/ucf_experiments/ciclo_experimental_1/data/data_crop/train/Arrest025_x264-e361b3cf8b_1_flip_lr_crop.mp4,1
3136,/content/drive/MyDrive/ucf_experiments/ciclo_experimental_1/data/data_blur/train/Robbery097_x264-8c77b33d01_0_flip_lr_blur.mp4,/content/drive/MyDrive/ucf_experiments/ciclo_experimental_1/data/data_crop/train/Robbery097_x264-8c77b33d01_0_flip_lr_crop.mp4,0
3137,/content/drive/MyDrive/ucf_experiments/ciclo_experimental_1/data/data_blur/train/Arrest026_x264-3706152ff4_1_flip_lr_blur.mp4,/content/drive/MyDrive/ucf_experiments/ciclo_experimental_1/data/data_crop/train/Arrest026_x264-3706152ff4_1_flip_lr_crop.mp4,1
3138,/content/drive/MyDrive/ucf_experiments/ciclo_experimental_1/data/data_blur/train/Fighting028_x264-c14ded49b3_1_flip_lr_blur.mp4,/content/drive/MyDrive/ucf_experiments/ciclo_experimental_1/data/data_crop/train/Fighting028_x264-c14ded49b3_1_flip_lr_crop.mp4,1
3139,/content/drive/MyDrive/ucf_experiments/ciclo_experimental_1/data/data_blur/train/Abuse049_x264-7ac77d2bf8_0_flip_lr_blur.mp4,/content/drive/MyDrive/ucf_experiments/ciclo_experimental_1/data/data_crop/train/Abuse049_x264-7ac77d2bf8_0_flip_lr_crop.mp4,0
3140,/content/drive/MyDrive/ucf_experiments/ciclo_experimental_1/data/data_blur/train/Abuse024_x264-fa3ca6dcf2_0_flip_lr_blur.mp4,/content/drive/MyDrive/ucf_experiments/ciclo_experimental_1/data/data_crop/train/Abuse024_x264-fa3ca6dcf2_0_flip_lr_crop.mp4,0
3141,/content/drive/MyDrive/ucf_experiments/ciclo_experimental_1/data/data_blur/train/Assault030_x264-031fa2c1ca_1_flip_lr_blur.mp4,/content/drive/MyDrive/ucf_experiments/ciclo_experimental_1/data/data_crop/train/Assault030_x264-031fa2c1ca_1_flip_lr_crop.mp4,1
3142,/content/drive/MyDrive/ucf_experiments/ciclo_experimental_1/data/data_blur/train/Robbery053_x264-f36a18d043_1_flip_lr_blur.mp4,/content/drive/MyDrive/ucf_experiments/ciclo_experimental_1/data/data_crop/train/Robbery053_x264-f36a18d043_1_flip_lr_crop.mp4,1
3143,/content/drive/MyDrive/ucf_experiments/ciclo_experimental_1/data/data_blur/train/Robbery097_x264-1c7ba4eb59_0_flip_lr_blur.mp4,/content/drive/MyDrive/ucf_experiments/ciclo_experimental_1/data/data_crop/train/Robbery097_x264-1c7ba4eb59_0_flip_lr_crop.mp4,0
3144,/content/drive/MyDrive/ucf_experiments/ciclo_experimental_1/data/data_blur/train/Arrest046_x264-26123feac6_0_flip_lr_blur.mp4,/content/drive/MyDrive/ucf_experiments/ciclo_experimental_1/data/data_crop/train/Arrest046_x264-26123feac6_0_flip_lr_crop.mp4,0
3145,/content/drive/MyDrive/ucf_experiments/ciclo_experimental_1/data/data_blur/train/Assault040_x264-2f9a5a55c1_1_flip_lr_blur.mp4,/content/drive/MyDrive/ucf_experiments/ciclo_experimental_1/data/data_crop/train/Assault040_x264-2f9a5a55c1_1_flip_lr_crop.mp4,1
3146,/content/drive/MyDrive/ucf_experiments/ciclo_experimental_1/data/data_blur/train/Assault014_x264-c968cdaa21_0_flip_lr_blur.mp4,/content/drive/MyDrive/ucf_experiments/ciclo_experimental_1/data/data_crop/train/Assault014_x264-c968cdaa21_0_flip_lr_crop.mp4,0
3147,/content/drive/MyDrive/ucf_experiments/ciclo_experimental_1/data/data_blur/train/Robbery042_x264-493e470a19_0_flip_lr_blur.mp4,/content/drive/MyDrive/ucf_experiments/ciclo_experimental_1/data/data_crop/train/Robbery042_x264-493e470a19_0_flip_lr_crop.mp4,0
3148,/content/drive/MyDrive/ucf_experiments/ciclo_experimental_1/data/data_blur/train/Assault014_x264-90d47987bb_0_flip_lr_blur.mp4,/content/drive/MyDrive/ucf_experiments/ciclo_experimental_1/data/data_crop/train/Assault014_x264-90d47987bb_0_flip_lr_crop.mp4,0
3149,/content/drive/MyDrive/ucf_experiments/ciclo_experimental_1/data/data_blur/train/Robbery065_x264-d230fcf943_1_flip_lr_blur.mp4,/content/drive/MyDrive/ucf_experiments/ciclo_experimental_1/data/data_crop/train/Robbery065_x264-d230fcf943_1_flip_lr_crop.mp4,1
3150,/content/drive/MyDrive/ucf_experiments/ciclo_experimental_1/data/data_blur/train/Assault049_x264-9de5e1f4d7_1_flip_lr_blur.mp4,/content/drive/MyDrive/ucf_experiments/ciclo_experimental_1/data/data_crop/train/Assault049_x264-9de5e1f4d7_1_flip_lr_crop.mp4,1
3151,/content/drive/MyDrive/ucf_experiments/ciclo_experimental_1/data/data_blur/train/Fighting040_x264-52ba259773_1_flip_lr_blur.mp4,/content/drive/MyDrive/ucf_experiments/ciclo_experimental_1/data/data_crop/train/Fighting040_x264-52ba259773_1_flip_lr_crop.mp4,1
3152,/content/drive/MyDrive/ucf_experiments/ciclo_experimental_1/data/data_blur/train/Robbery070_x264-f3f468919a_1_flip_lr_blur.mp4,/content/drive/MyDrive/ucf_experiments/ciclo_experimental_1/data/data_crop/train/Robbery070_x264-f3f468919a_1_flip_lr_crop.mp4,1
3153,/content/drive/MyDrive/ucf_experiments/ciclo_experimental_1/data/data_blur/train/Fighting044_x264-a345c9a95c_1_flip_lr_blur.mp4,/content/drive/MyDrive/ucf_experiments/ciclo_experimental_1/data/data_crop/train/Fighting044_x264-a345c9a95c_1_flip_lr_crop.mp4,1
3154,/content/drive/MyDrive/ucf_experiments/ciclo_experimental_1/data/data_blur/train/Abuse043_x264-73eca6be3e_0_flip_lr_blur.mp4,/content/drive/MyDrive/ucf_experiments/ciclo_experimental_1/data/data_crop/train/Abuse043_x264-73eca6be3e_0_flip_lr_crop.mp4,0
3155,/content/drive/MyDrive/ucf_experiments/ciclo_experimental_1/data/data_blur/train/Arrest046_x264-2b499815da_0_flip_lr_blur.mp4,/content/drive/MyDrive/ucf_experiments/ciclo_experimental_1/data/data_crop/train/Arrest046_x264-2b499815da_0_flip_lr_crop.mp4,0
3156,/content/drive/MyDrive/ucf_experiments/ciclo_experimental_1/data/data_blur/train/Robbery060_x264-74f12866bf_0_flip_lr_blur.mp4,/content/drive/MyDrive/ucf_experiments/ciclo_experimental_1/data/data_crop/train/Robbery060_x264-74f12866bf_0_flip_lr_crop.mp4,0
3157,/content/drive/MyDrive/ucf_experiments/ciclo_experimental_1/data/data_blur/train/Assault044_x264-87c15ac69b_1_flip_lr_blur.mp4,/content/drive/MyDrive/ucf_experiments/ciclo_experimental_1/data/data_crop/train/Assault044_x264-87c15ac69b_1_flip_lr_crop.mp4,1
3158,/content/drive/MyDrive/ucf_experiments/ciclo_experimental_1/data/data_blur/train/Robbery056_x264-b010c6d01c_1_flip_lr_blur.mp4,/content/drive/MyDrive/ucf_experiments/ciclo_experimental_1/data/data_crop/train/Robbery056_x264-b010c6d01c_1_flip_lr_crop.mp4,1
3159,/content/drive/MyDrive/ucf_experiments/ciclo_experimental_1/data/data_blur/train/Assault049_x264-fabd45480f_1_flip_lr_blur.mp4,/content/drive/MyDrive/ucf_experiments/ciclo_experimental_1/data/data_crop/train/Assault049_x264-fabd45480f_1_flip_lr_crop.mp4,1
3160,/content/drive/MyDrive/ucf_experiments/ciclo_experimental_1/data/data_blur/train/Fighting006_x264-dc74499ec3_1_flip_lr_blur.mp4,/content/drive/MyDrive/ucf_experiments/ciclo_experimental_1/data/data_crop/train/Fighting006_x264-dc74499ec3_1_flip_lr_crop.mp4,1
3161,/content/drive/MyDrive/ucf_experiments/ciclo_experimental_1/data/data_blur/train/Assault050_x264-6cdffee32e_1_flip_lr_blur.mp4,/content/drive/MyDrive/ucf_experiments/ciclo_experimental_1/data/data_crop/train/Assault050_x264-6cdffee32e_1_flip_lr_crop.mp4,1
3162,/content/drive/MyDrive/ucf_experiments/ciclo_experimental_1/data/data_blur/train/Robbery041_x264-477e7c1501_1_flip_lr_blur.mp4,/content/drive/MyDrive/ucf_experiments/ciclo_experimental_1/data/data_crop/train/Robbery041_x264-477e7c1501_1_flip_lr_crop.mp4,1
3163,/content/drive/MyDrive/ucf_experiments/ciclo_experimental_1/data/data_blur/train/Robbery067_x264-74930d783c_0_flip_lr_blur.mp4,/content/drive/MyDrive/ucf_experiments/ciclo_experimental_1/data/data_crop/train/Robbery067_x264-74930d783c_0_flip_lr_crop.mp4,0
3164,/content/drive/MyDrive/ucf_experiments/ciclo_experimental_1/data/data_blur/train/Robbery038_x264-6f1c645836_1_flip_lr_blur.mp4,/content/drive/MyDrive/ucf_experiments/ciclo_experimental_1/data/data_crop/train/Robbery038_x264-6f1c645836_1_flip_lr_crop.mp4,1
3165,/content/drive/MyDrive/ucf_experiments/ciclo_experimental_1/data/data_blur/train/Fighting027_x264-00e5b5679f_1_flip_lr_blur.mp4,/content/drive/MyDrive/ucf_experiments/ciclo_experimental_1/data/data_crop/train/Fighting027_x264-00e5b5679f_1_flip_lr_crop.mp4,1
3166,/content/drive/MyDrive/ucf_experiments/ciclo_experimental_1/data/data_blur/train/Abuse045_x264-497366a7d8_0_flip_lr_blur.mp4,/content/drive/MyDrive/ucf_experiments/ciclo_experimental_1/data/data_crop/train/Abuse045_x264-497366a7d8_0_flip_lr_crop.mp4,0
3167,/content/drive/MyDrive/ucf_experiments/ciclo_experimental_1/data/data_blur/train/Fighting011_x264-3fdbdfcddc_1_flip_lr_blur.mp4,/content/drive/MyDrive/ucf_experiments/ciclo_experimental_1/data/data_crop/train/Fighting011_x264-3fdbdfcddc_1_flip_lr_crop.mp4,1
3168,/content/drive/MyDrive/ucf_experiments/ciclo_experimental_1/data/data_blur/train/Robbery064_x264-341bb34c40_0_flip_lr_blur.mp4,/content/drive/MyDrive/ucf_experiments/ciclo_experimental_1/data/data_crop/train/Robbery064_x264-341bb34c40_0_flip_lr_crop.mp4,0
3169,/content/drive/MyDrive/ucf_experiments/ciclo_experimental_1/data/data_blur/train/Arrest025_x264-54e5a62735_0_flip_lr_blur.mp4,/content/drive/MyDrive/ucf_experiments/ciclo_experimental_1/data/data_crop/train/Arrest025_x264-54e5a62735_0_flip_lr_crop.mp4,0
3170,/content/drive/MyDrive/ucf_experiments/ciclo_experimental_1/data/data_blur/train/Robbery057_x264-124276df46_0_flip_lr_blur.mp4,/content/drive/MyDrive/ucf_experiments/ciclo_experimental_1/data/data_crop/train/Robbery057_x264-124276df46_0_flip_lr_crop.mp4,0
3171,/content/drive/MyDrive/ucf_experiments/ciclo_experimental_1/data/data_blur/train/Assault022_x264-339960096b_0_flip_lr_blur.mp4,/content/drive/MyDrive/ucf_experiments/ciclo_experimental_1/data/data_crop/train/Assault022_x264-339960096b_0_flip_lr_crop.mp4,0
3172,/content/drive/MyDrive/ucf_experiments/ciclo_experimental_1/data/data_blur/train/Fighting036_x264-0418ba7b42_1_flip_lr_blur.mp4,/content/drive/MyDrive/ucf_experiments/ciclo_experimental_1/data/data_crop/train/Fighting036_x264-0418ba7b42_1_flip_lr_crop.mp4,1
3173,/content/drive/MyDrive/ucf_experiments/ciclo_experimental_1/data/data_blur/train/Robbery006_x264-01951b2b5a_1_flip_lr_blur.mp4,/content/drive/MyDrive/ucf_experiments/ciclo_experimental_1/data/data_crop/train/Robbery006_x264-01951b2b5a_1_flip_lr_crop.mp4,1
3174,/content/drive/MyDrive/ucf_experiments/ciclo_experimental_1/data/data_blur/train/Fighting004_x264-dc251ff0ee_1_flip_lr_blur.mp4,/content/drive/MyDrive/ucf_experiments/ciclo_experimental_1/data/data_crop/train/Fighting004_x264-dc251ff0ee_1_flip_lr_crop.mp4,1
3175,/content/drive/MyDrive/ucf_experiments/ciclo_experimental_1/data/data_blur/train/Arrest032_x264-b47b90cbad_0_flip_lr_blur.mp4,/content/drive/MyDrive/ucf_experiments/ciclo_experimental_1/data/data_crop/train/Arrest032_x264-b47b90cbad_0_flip_lr_crop.mp4,0
3176,/content/drive/MyDrive/ucf_experiments/ciclo_experimental_1/data/data_blur/train/Robbery001_x264-e0122794a1_1_flip_lr_blur.mp4,/content/drive/MyDrive/ucf_experiments/ciclo_experimental_1/data/data_crop/train/Robbery001_x264-e0122794a1_1_flip_lr_crop.mp4,1
3177,/content/drive/MyDrive/ucf_experiments/ciclo_experimental_1/data/data_blur/train/Assault008_x264-80461c940d_1_flip_lr_blur.mp4,/content/drive/MyDrive/ucf_experiments/ciclo_experimental_1/data/data_crop/train/Assault008_x264-80461c940d_1_flip_lr_crop.mp4,1
3178,/content/drive/MyDrive/ucf_experiments/ciclo_experimental_1/data/data_blur/train/Robbery023_x264-a415a68f26_1_flip_lr_blur.mp4,/content/drive/MyDrive/ucf_experiments/ciclo_experimental_1/data/data_crop/train/Robbery023_x264-a415a68f26_1_flip_lr_crop.mp4,1
3179,/content/drive/MyDrive/ucf_experiments/ciclo_experimental_1/data/data_blur/train/Assault047_x264-a59e3b2f3d_0_flip_lr_blur.mp4,/content/drive/MyDrive/ucf_experiments/ciclo_experimental_1/data/data_crop/train/Assault047_x264-a59e3b2f3d_0_flip_lr_crop.mp4,0
3180,/content/drive/MyDrive/ucf_experiments/ciclo_experimental_1/data/data_blur/train/Fighting027_x264-14d583a88d_0_flip_lr_blur.mp4,/content/drive/MyDrive/ucf_experiments/ciclo_experimental_1/data/data_crop/train/Fighting027_x264-14d583a88d_0_flip_lr_crop.mp4,0
3181,/content/drive/MyDrive/ucf_experiments/ciclo_experimental_1/data/data_blur/train/Abuse005_x264-970f3d26c6_1_flip_lr_blur.mp4,/content/drive/MyDrive/ucf_experiments/ciclo_experimental_1/data/data_crop/train/Abuse005_x264-970f3d26c6_1_flip_lr_crop.mp4,1
3182,/content/drive/MyDrive/ucf_experiments/ciclo_experimental_1/data/data_blur/train/Robbery025_x264-1a09f5fef0_1_flip_lr_blur.mp4,/content/drive/MyDrive/ucf_experiments/ciclo_experimental_1/data/data_crop/train/Robbery025_x264-1a09f5fef0_1_flip_lr_crop.mp4,1
3183,/content/drive/MyDrive/ucf_experiments/ciclo_experimental_1/data/data_blur/train/Robbery091_x264-3e12d6816c_0_flip_lr_blur.mp4,/content/drive/MyDrive/ucf_experiments/ciclo_experimental_1/data/data_crop/train/Robbery091_x264-3e12d6816c_0_flip_lr_crop.mp4,0
3184,/content/drive/MyDrive/ucf_experiments/ciclo_experimental_1/data/data_blur/train/Robbery043_x264-3bfe29ae08_1_flip_lr_blur.mp4,/content/drive/MyDrive/ucf_experiments/ciclo_experimental_1/data/data_crop/train/Robbery043_x264-3bfe29ae08_1_flip_lr_crop.mp4,1
3185,/content/drive/MyDrive/ucf_experiments/ciclo_experimental_1/data/data_blur/train/Abuse019_x264-180100f475_0_flip_lr_blur.mp4,/content/drive/MyDrive/ucf_experiments/ciclo_experimental_1/data/data_crop/train/Abuse019_x264-180100f475_0_flip_lr_crop.mp4,0
3186,/content/drive/MyDrive/ucf_experiments/ciclo_experimental_1/data/data_blur/train/Fighting011_x264-7294ae14a1_0_flip_lr_blur.mp4,/content/drive/MyDrive/ucf_experiments/ciclo_experimental_1/data/data_crop/train/Fighting011_x264-7294ae14a1_0_flip_lr_crop.mp4,0
3187,/content/drive/MyDrive/ucf_experiments/ciclo_experimental_1/data/data_blur/train/Arrest011_x264-64ed78c758_1_flip_lr_blur.mp4,/content/drive/MyDrive/ucf_experiments/ciclo_experimental_1/data/data_crop/train/Arrest011_x264-64ed78c758_1_flip_lr_crop.mp4,1
3188,/content/drive/MyDrive/ucf_experiments/ciclo_experimental_1/data/data_blur/train/Robbery023_x264-31da4450e6_0_flip_lr_blur.mp4,/content/drive/MyDrive/ucf_experiments/ciclo_experimental_1/data/data_crop/train/Robbery023_x264-31da4450e6_0_flip_lr_crop.mp4,0
3189,/content/drive/MyDrive/ucf_experiments/ciclo_experimental_1/data/data_blur/train/Fighting036_x264-250e4cbfa1_1_flip_lr_blur.mp4,/content/drive/MyDrive/ucf_experiments/ciclo_experimental_1/data/data_crop/train/Fighting036_x264-250e4cbfa1_1_flip_lr_crop.mp4,1
3190,/content/drive/MyDrive/ucf_experiments/ciclo_experimental_1/data/data_blur/train/Robbery047_x264-ef10c0f36e_0_flip_lr_blur.mp4,/content/drive/MyDrive/ucf_experiments/ciclo_experimental_1/data/data_crop/train/Robbery047_x264-ef10c0f36e_0_flip_lr_crop.mp4,0
3191,/content/drive/MyDrive/ucf_experiments/ciclo_experimental_1/data/data_blur/train/Assault014_x264-8ff4165220_0_flip_lr_blur.mp4,/content/drive/MyDrive/ucf_experiments/ciclo_experimental_1/data/data_crop/train/Assault014_x264-8ff4165220_0_flip_lr_crop.mp4,0
3192,/content/drive/MyDrive/ucf_experiments/ciclo_experimental_1/data/data_blur/train/Abuse046_x264-88c31a7abd_1_flip_lr_blur.mp4,/content/drive/MyDrive/ucf_experiments/ciclo_experimental_1/data/data_crop/train/Abuse046_x264-88c31a7abd_1_flip_lr_crop.mp4,1
3193,/content/drive/MyDrive/ucf_experiments/ciclo_experimental_1/data/data_blur/train/Robbery006_x264-98d2a150f0_1_flip_lr_blur.mp4,/content/drive/MyDrive/ucf_experiments/ciclo_experimental_1/data/data_crop/train/Robbery006_x264-98d2a150f0_1_flip_lr_crop.mp4,1
3194,/content/drive/MyDrive/ucf_experiments/ciclo_experimental_1/data/data_blur/train/Arrest003_x264-ccf560ef61_0_flip_lr_blur.mp4,/content/drive/MyDrive/ucf_experiments/ciclo_experimental_1/data/data_crop/train/Arrest003_x264-ccf560ef61_0_flip_lr_crop.mp4,0
3195,/content/drive/MyDrive/ucf_experiments/ciclo_experimental_1/data/data_blur/train/Robbery015_x264-3b24d2c630_0_flip_lr_blur.mp4,/content/drive/MyDrive/ucf_experiments/ciclo_experimental_1/data/data_crop/train/Robbery015_x264-3b24d2c630_0_flip_lr_crop.mp4,0
3196,/content/drive/MyDrive/ucf_experiments/ciclo_experimental_1/data/data_blur/train/Abuse005_x264-3cba67aeab_0_flip_lr_blur.mp4,/content/drive/MyDrive/ucf_experiments/ciclo_experimental_1/data/data_crop/train/Abuse005_x264-3cba67aeab_0_flip_lr_crop.mp4,0
3197,/content/drive/MyDrive/ucf_experiments/ciclo_experimental_1/data/data_blur/train/Abuse031_x264-49320e48eb_1_flip_lr_blur.mp4,/content/drive/MyDrive/ucf_experiments/ciclo_experimental_1/data/data_crop/train/Abuse031_x264-49320e48eb_1_flip_lr_crop.mp4,1
3198,/content/drive/MyDrive/ucf_experiments/ciclo_experimental_1/data/data_blur/train/Assault002_x264-fc31c32924_0_flip_lr_blur.mp4,/content/drive/MyDrive/ucf_experiments/ciclo_experimental_1/data/data_crop/train/Assault002_x264-fc31c32924_0_flip_lr_crop.mp4,0
3199,/content/drive/MyDrive/ucf_experiments/ciclo_experimental_1/data/data_blur/train/Robbery026_x264-7a2297eeca_0_flip_lr_blur.mp4,/content/drive/MyDrive/ucf_experiments/ciclo_experimental_1/data/data_crop/train/Robbery026_x264-7a2297eeca_0_flip_lr_crop.mp4,0
3200,/content/drive/MyDrive/ucf_experiments/ciclo_experimental_1/data/data_blur/train/Arrest023_x264-dc73e011d5_1_flip_lr_blur.mp4,/content/drive/MyDrive/ucf_experiments/ciclo_experimental_1/data/data_crop/train/Arrest023_x264-dc73e011d5_1_flip_lr_crop.mp4,1
3201,/content/drive/MyDrive/ucf_experiments/ciclo_experimental_1/data/data_blur/train/Assault029_x264-3222311391_0_flip_lr_blur.mp4,/content/drive/MyDrive/ucf_experiments/ciclo_experimental_1/data/data_crop/train/Assault029_x264-3222311391_0_flip_lr_crop.mp4,0
3202,/content/drive/MyDrive/ucf_experiments/ciclo_experimental_1/data/data_blur/train/Robbery039_x264-4b09266ff5_0_flip_lr_blur.mp4,/content/drive/MyDrive/ucf_experiments/ciclo_experimental_1/data/data_crop/train/Robbery039_x264-4b09266ff5_0_flip_lr_crop.mp4,0
3203,/content/drive/MyDrive/ucf_experiments/ciclo_experimental_1/data/data_blur/train/Robbery100_x264-6751d6459e_1_flip_lr_blur.mp4,/content/drive/MyDrive/ucf_experiments/ciclo_experimental_1/data/data_crop/train/Robbery100_x264-6751d6459e_1_flip_lr_crop.mp4,1
3204,/content/drive/MyDrive/ucf_experiments/ciclo_experimental_1/data/data_blur/train/Assault026_x264-7ea0ba27ce_1_flip_lr_blur.mp4,/content/drive/MyDrive/ucf_experiments/ciclo_experimental_1/data/data_crop/train/Assault026_x264-7ea0ba27ce_1_flip_lr_crop.mp4,1
3205,/content/drive/MyDrive/ucf_experiments/ciclo_experimental_1/data/data_blur/train/Robbery021_x264-17f6bfcdfb_0_flip_lr_blur.mp4,/content/drive/MyDrive/ucf_experiments/ciclo_experimental_1/data/data_crop/train/Robbery021_x264-17f6bfcdfb_0_flip_lr_crop.mp4,0
3206,/content/drive/MyDrive/ucf_experiments/ciclo_experimental_1/data/data_blur/train/Arrest038_x264-574ba9937a_0_flip_lr_blur.mp4,/content/drive/MyDrive/ucf_experiments/ciclo_experimental_1/data/data_crop/train/Arrest038_x264-574ba9937a_0_flip_lr_crop.mp4,0
3207,/content/drive/MyDrive/ucf_experiments/ciclo_experimental_1/data/data_blur/train/Fighting025_x264-ea50c3788b_0_flip_lr_blur.mp4,/content/drive/MyDrive/ucf_experiments/ciclo_experimental_1/data/data_crop/train/Fighting025_x264-ea50c3788b_0_flip_lr_crop.mp4,0
3208,/content/drive/MyDrive/ucf_experiments/ciclo_experimental_1/data/data_blur/train/Abuse026_x264-8126f3553b_0_flip_lr_blur.mp4,/content/drive/MyDrive/ucf_experiments/ciclo_experimental_1/data/data_crop/train/Abuse026_x264-8126f3553b_0_flip_lr_crop.mp4,0
3209,/content/drive/MyDrive/ucf_experiments/ciclo_experimental_1/data/data_blur/train/Robbery006_x264-3549fb67ef_1_flip_lr_blur.mp4,/content/drive/MyDrive/ucf_experiments/ciclo_experimental_1/data/data_crop/train/Robbery006_x264-3549fb67ef_1_flip_lr_crop.mp4,1
3210,/content/drive/MyDrive/ucf_experiments/ciclo_experimental_1/data/data_blur/train/Robbery009_x264-1c441a11e9_1_flip_lr_blur.mp4,/content/drive/MyDrive/ucf_experiments/ciclo_experimental_1/data/data_crop/train/Robbery009_x264-1c441a11e9_1_flip_lr_crop.mp4,1
3211,/content/drive/MyDrive/ucf_experiments/ciclo_experimental_1/data/data_blur/train/Fighting024_x264-ffd457d4ea_1_flip_lr_blur.mp4,/content/drive/MyDrive/ucf_experiments/ciclo_experimental_1/data/data_crop/train/Fighting024_x264-ffd457d4ea_1_flip_lr_crop.mp4,1
3212,/content/drive/MyDrive/ucf_experiments/ciclo_experimental_1/data/data_blur/train/Assault031_x264-17c4e2b9f3_1_flip_lr_blur.mp4,/content/drive/MyDrive/ucf_experiments/ciclo_experimental_1/data/data_crop/train/Assault031_x264-17c4e2b9f3_1_flip_lr_crop.mp4,1
3213,/content/drive/MyDrive/ucf_experiments/ciclo_experimental_1/data/data_blur/train/Abuse042_x264-99150a7402_1_flip_lr_blur.mp4,/content/drive/MyDrive/ucf_experiments/ciclo_experimental_1/data/data_crop/train/Abuse042_x264-99150a7402_1_flip_lr_crop.mp4,1
3214,/content/drive/MyDrive/ucf_experiments/ciclo_experimental_1/data/data_blur/train/Assault037_x264-047ab5f22c_0_flip_lr_blur.mp4,/content/drive/MyDrive/ucf_experiments/ciclo_experimental_1/data/data_crop/train/Assault037_x264-047ab5f22c_0_flip_lr_crop.mp4,0
3215,/content/drive/MyDrive/ucf_experiments/ciclo_experimental_1/data/data_blur/train/Abuse042_x264-ca0da39c5a_1_flip_lr_blur.mp4,/content/drive/MyDrive/ucf_experiments/ciclo_experimental_1/data/data_crop/train/Abuse042_x264-ca0da39c5a_1_flip_lr_crop.mp4,1
3216,/content/drive/MyDrive/ucf_experiments/ciclo_experimental_1/data/data_blur/train/Fighting049_x264-3464d89bb4_1_flip_lr_blur.mp4,/content/drive/MyDrive/ucf_experiments/ciclo_experimental_1/data/data_crop/train/Fighting049_x264-3464d89bb4_1_flip_lr_crop.mp4,1
3217,/content/drive/MyDrive/ucf_experiments/ciclo_experimental_1/data/data_blur/train/Fighting006_x264-758eaf2368_0_flip_lr_blur.mp4,/content/drive/MyDrive/ucf_experiments/ciclo_experimental_1/data/data_crop/train/Fighting006_x264-758eaf2368_0_flip_lr_crop.mp4,0
3218,/content/drive/MyDrive/ucf_experiments/ciclo_experimental_1/data/data_blur/train/Robbery070_x264-9179acebe6_1_flip_lr_blur.mp4,/content/drive/MyDrive/ucf_experiments/ciclo_experimental_1/data/data_crop/train/Robbery070_x264-9179acebe6_1_flip_lr_crop.mp4,1
3219,/content/drive/MyDrive/ucf_experiments/ciclo_experimental_1/data/data_blur/train/Assault049_x264-f33bd4c1c1_0_flip_lr_blur.mp4,/content/drive/MyDrive/ucf_experiments/ciclo_experimental_1/data/data_crop/train/Assault049_x264-f33bd4c1c1_0_flip_lr_crop.mp4,0
3220,/content/drive/MyDrive/ucf_experiments/ciclo_experimental_1/data/data_blur/train/Assault023_x264-69af2ac9ad_0_flip_lr_blur.mp4,/content/drive/MyDrive/ucf_experiments/ciclo_experimental_1/data/data_crop/train/Assault023_x264-69af2ac9ad_0_flip_lr_crop.mp4,0
3221,/content/drive/MyDrive/ucf_experiments/ciclo_experimental_1/data/data_blur/train/Assault045_x264-5d0b0cb72e_0_flip_lr_blur.mp4,/content/drive/MyDrive/ucf_experiments/ciclo_experimental_1/data/data_crop/train/Assault045_x264-5d0b0cb72e_0_flip_lr_crop.mp4,0
3222,/content/drive/MyDrive/ucf_experiments/ciclo_experimental_1/data/data_blur/train/Arrest005_x264-2a79509dcf_1_flip_lr_blur.mp4,/content/drive/MyDrive/ucf_experiments/ciclo_experimental_1/data/data_crop/train/Arrest005_x264-2a79509dcf_1_flip_lr_crop.mp4,1
3223,/content/drive/MyDrive/ucf_experiments/ciclo_experimental_1/data/data_blur/train/Robbery070_x264-75e9deacb5_1_flip_lr_blur.mp4,/content/drive/MyDrive/ucf_experiments/ciclo_experimental_1/data/data_crop/train/Robbery070_x264-75e9deacb5_1_flip_lr_crop.mp4,1
3224,/content/drive/MyDrive/ucf_experiments/ciclo_experimental_1/data/data_blur/train/-1l5631l3fg_0-c35da37146_1_flip_lr_blur.mp4,/content/drive/MyDrive/ucf_experiments/ciclo_experimental_1/data/data_crop/train/-1l5631l3fg_0-c35da37146_1_flip_lr_crop.mp4,1
3225,/content/drive/MyDrive/ucf_experiments/ciclo_experimental_1/data/data_blur/train/Ile3EVQA_0-057cd83114_1_flip_lr_blur.mp4,/content/drive/MyDrive/ucf_experiments/ciclo_experimental_1/data/data_crop/train/Ile3EVQA_0-057cd83114_1_flip_lr_crop.mp4,1
3226,/content/drive/MyDrive/ucf_experiments/ciclo_experimental_1/data/data_blur/train/EtRfZ2KP_5-27521c0df3_1_flip_lr_blur.mp4,/content/drive/MyDrive/ucf_experiments/ciclo_experimental_1/data/data_crop/train/EtRfZ2KP_5-27521c0df3_1_flip_lr_crop.mp4,1
3227,/content/drive/MyDrive/ucf_experiments/ciclo_experimental_1/data/data_blur/train/-1l5631l3fg_1-60d6734bd5_1_flip_lr_blur.mp4,/content/drive/MyDrive/ucf_experiments/ciclo_experimental_1/data/data_crop/train/-1l5631l3fg_1-60d6734bd5_1_flip_lr_crop.mp4,1
3228,/content/drive/MyDrive/ucf_experiments/ciclo_experimental_1/data/data_blur/train/-1l5631l3fg_2-8b3c63f38a_1_flip_lr_blur.mp4,/content/drive/MyDrive/ucf_experiments/ciclo_experimental_1/data/data_crop/train/-1l5631l3fg_2-8b3c63f38a_1_flip_lr_crop.mp4,1
3229,/content/drive/MyDrive/ucf_experiments/ciclo_experimental_1/data/data_blur/train/0H2s9UJcNJ0_0-606b64f172_1_flip_lr_blur.mp4,/content/drive/MyDrive/ucf_experiments/ciclo_experimental_1/data/data_crop/train/0H2s9UJcNJ0_0-606b64f172_1_flip_lr_crop.mp4,1
3230,/content/drive/MyDrive/ucf_experiments/ciclo_experimental_1/data/data_blur/train/0H2s9UJcNJ0_2-befb3e6640_1_flip_lr_blur.mp4,/content/drive/MyDrive/ucf_experiments/ciclo_experimental_1/data/data_crop/train/0H2s9UJcNJ0_2-befb3e6640_1_flip_lr_crop.mp4,1
3231,/content/drive/MyDrive/ucf_experiments/ciclo_experimental_1/data/data_blur/train/0H2s9UJcNJ0_3-206e5cd0d7_1_flip_lr_blur.mp4,/content/drive/MyDrive/ucf_experiments/ciclo_experimental_1/data/data_crop/train/0H2s9UJcNJ0_3-206e5cd0d7_1_flip_lr_crop.mp4,1
3232,/content/drive/MyDrive/ucf_experiments/ciclo_experimental_1/data/data_blur/train/0H2s9UJcNJ0_4-6116946200_1_flip_lr_blur.mp4,/content/drive/MyDrive/ucf_experiments/ciclo_experimental_1/data/data_crop/train/0H2s9UJcNJ0_4-6116946200_1_flip_lr_crop.mp4,1
3233,/content/drive/MyDrive/ucf_experiments/ciclo_experimental_1/data/data_blur/train/0H2s9UJcNJ0_5-b09050007f_1_flip_lr_blur.mp4,/content/drive/MyDrive/ucf_experiments/ciclo_experimental_1/data/data_crop/train/0H2s9UJcNJ0_5-b09050007f_1_flip_lr_crop.mp4,1
3234,/content/drive/MyDrive/ucf_experiments/ciclo_experimental_1/data/data_blur/train/0lHQ2f0d_0-98e359c1cb_1_flip_lr_blur.mp4,/content/drive/MyDrive/ucf_experiments/ciclo_experimental_1/data/data_crop/train/0lHQ2f0d_0-98e359c1cb_1_flip_lr_crop.mp4,1
3235,/content/drive/MyDrive/ucf_experiments/ciclo_experimental_1/data/data_blur/train/0lHQ2f0d_1-6a14dc919d_1_flip_lr_blur.mp4,/content/drive/MyDrive/ucf_experiments/ciclo_experimental_1/data/data_crop/train/0lHQ2f0d_1-6a14dc919d_1_flip_lr_crop.mp4,1
3236,/content/drive/MyDrive/ucf_experiments/ciclo_experimental_1/data/data_blur/train/0lHQ2f0d_2-affed7912d_1_flip_lr_blur.mp4,/content/drive/MyDrive/ucf_experiments/ciclo_experimental_1/data/data_crop/train/0lHQ2f0d_2-affed7912d_1_flip_lr_crop.mp4,1
3237,/content/drive/MyDrive/ucf_experiments/ciclo_experimental_1/data/data_blur/train/0lHQ2f0d_3-048385713b_1_flip_lr_blur.mp4,/content/drive/MyDrive/ucf_experiments/ciclo_experimental_1/data/data_crop/train/0lHQ2f0d_3-048385713b_1_flip_lr_crop.mp4,1
3238,/content/drive/MyDrive/ucf_experiments/ciclo_experimental_1/data/data_blur/train/0NWz-01A2yk_0-2d21d2f38f_1_flip_lr_blur.mp4,/content/drive/MyDrive/ucf_experiments/ciclo_experimental_1/data/data_crop/train/0NWz-01A2yk_0-2d21d2f38f_1_flip_lr_crop.mp4,1
3239,/content/drive/MyDrive/ucf_experiments/ciclo_experimental_1/data/data_blur/train/0NWz-01A2yk_1-17627f0be3_1_flip_lr_blur.mp4,/content/drive/MyDrive/ucf_experiments/ciclo_experimental_1/data/data_crop/train/0NWz-01A2yk_1-17627f0be3_1_flip_lr_crop.mp4,1
3240,/content/drive/MyDrive/ucf_experiments/ciclo_experimental_1/data/data_blur/train/0TFi8D8IBg4_1-9a2fd9fcd5_1_flip_lr_blur.mp4,/content/drive/MyDrive/ucf_experiments/ciclo_experimental_1/data/data_crop/train/0TFi8D8IBg4_1-9a2fd9fcd5_1_flip_lr_crop.mp4,1
3241,/content/drive/MyDrive/ucf_experiments/ciclo_experimental_1/data/data_blur/train/0vasozvJYvk_0-768b5cb889_1_flip_lr_blur.mp4,/content/drive/MyDrive/ucf_experiments/ciclo_experimental_1/data/data_crop/train/0vasozvJYvk_0-768b5cb889_1_flip_lr_crop.mp4,1
3242,/content/drive/MyDrive/ucf_experiments/ciclo_experimental_1/data/data_blur/train/0_DzLlklZa0_3-992190605d_1_flip_lr_blur.mp4,/content/drive/MyDrive/ucf_experiments/ciclo_experimental_1/data/data_crop/train/0_DzLlklZa0_3-992190605d_1_flip_lr_crop.mp4,1
3243,/content/drive/MyDrive/ucf_experiments/ciclo_experimental_1/data/data_blur/train/0_DzLlklZa0_4-68513949d8_1_flip_lr_blur.mp4,/content/drive/MyDrive/ucf_experiments/ciclo_experimental_1/data/data_crop/train/0_DzLlklZa0_4-68513949d8_1_flip_lr_crop.mp4,1
3244,/content/drive/MyDrive/ucf_experiments/ciclo_experimental_1/data/data_blur/train/0_DzLlklZa0_5-4f3317f95e_1_flip_lr_blur.mp4,/content/drive/MyDrive/ucf_experiments/ciclo_experimental_1/data/data_crop/train/0_DzLlklZa0_5-4f3317f95e_1_flip_lr_crop.mp4,1
3245,/content/drive/MyDrive/ucf_experiments/ciclo_experimental_1/data/data_blur/train/0_DzLlklZa0_6-c19d9d3ee2_1_flip_lr_blur.mp4,/content/drive/MyDrive/ucf_experiments/ciclo_experimental_1/data/data_crop/train/0_DzLlklZa0_6-c19d9d3ee2_1_flip_lr_crop.mp4,1
3246,/content/drive/MyDrive/ucf_experiments/ciclo_experimental_1/data/data_blur/train/1060314ф╕нхгвхдйцЩЯщЖлщЩвцАеши║ходцЪ┤хКЫф║Лф╗╢я╝ИхНЮщЗСх│░я╝Й_17-17843c47d4_1_flip_lr_blur.mp4,/content/drive/MyDrive/ucf_experiments/ciclo_experimental_1/data/data_crop/train/1060314ф╕нхгвхдйцЩЯщЖлщЩвцАеши║ходцЪ┤хКЫф║Лф╗╢я╝ИхНЮщЗСх│░я╝Й_17-17843c47d4_1_flip_lr_crop.mp4,1
3247,/content/drive/MyDrive/ucf_experiments/ciclo_experimental_1/data/data_blur/train/1dsLuL5Lvbc_0-862d24622a_1_flip_lr_blur.mp4,/content/drive/MyDrive/ucf_experiments/ciclo_experimental_1/data/data_crop/train/1dsLuL5Lvbc_0-862d24622a_1_flip_lr_crop.mp4,1
3248,/content/drive/MyDrive/ucf_experiments/ciclo_experimental_1/data/data_blur/train/1dsLuL5Lvbc_1-756e288f9a_1_flip_lr_blur.mp4,/content/drive/MyDrive/ucf_experiments/ciclo_experimental_1/data/data_crop/train/1dsLuL5Lvbc_1-756e288f9a_1_flip_lr_crop.mp4,1
3249,/content/drive/MyDrive/ucf_experiments/ciclo_experimental_1/data/data_blur/train/1dsLuL5Lvbc_2-f06449afcb_1_flip_lr_blur.mp4,/content/drive/MyDrive/ucf_experiments/ciclo_experimental_1/data/data_crop/train/1dsLuL5Lvbc_2-f06449afcb_1_flip_lr_crop.mp4,1
3250,/content/drive/MyDrive/ucf_experiments/ciclo_experimental_1/data/data_blur/train/1dsLuL5Lvbc_3-ee1fb58204_1_flip_lr_blur.mp4,/content/drive/MyDrive/ucf_experiments/ciclo_experimental_1/data/data_crop/train/1dsLuL5Lvbc_3-ee1fb58204_1_flip_lr_crop.mp4,1
3251,/content/drive/MyDrive/ucf_experiments/ciclo_experimental_1/data/data_blur/train/1DwRGRND_0-f9299defa3_1_flip_lr_blur.mp4,/content/drive/MyDrive/ucf_experiments/ciclo_experimental_1/data/data_crop/train/1DwRGRND_0-f9299defa3_1_flip_lr_crop.mp4,1
3252,/content/drive/MyDrive/ucf_experiments/ciclo_experimental_1/data/data_blur/train/1DwRGRND_1-a9bc3e1af7_1_flip_lr_blur.mp4,/content/drive/MyDrive/ucf_experiments/ciclo_experimental_1/data/data_crop/train/1DwRGRND_1-a9bc3e1af7_1_flip_lr_crop.mp4,1
3253,/content/drive/MyDrive/ucf_experiments/ciclo_experimental_1/data/data_blur/train/1O4KGHbRt3M_0-61cd725c9a_1_flip_lr_blur.mp4,/content/drive/MyDrive/ucf_experiments/ciclo_experimental_1/data/data_crop/train/1O4KGHbRt3M_0-61cd725c9a_1_flip_lr_crop.mp4,1
3254,/content/drive/MyDrive/ucf_experiments/ciclo_experimental_1/data/data_blur/train/1O4KGHbRt3M_1-287456e110_1_flip_lr_blur.mp4,/content/drive/MyDrive/ucf_experiments/ciclo_experimental_1/data/data_crop/train/1O4KGHbRt3M_1-287456e110_1_flip_lr_crop.mp4,1
3255,/content/drive/MyDrive/ucf_experiments/ciclo_experimental_1/data/data_blur/train/1O4KGHbRt3M_2-72e7185038_1_flip_lr_blur.mp4,/content/drive/MyDrive/ucf_experiments/ciclo_experimental_1/data/data_crop/train/1O4KGHbRt3M_2-72e7185038_1_flip_lr_crop.mp4,1
3256,/content/drive/MyDrive/ucf_experiments/ciclo_experimental_1/data/data_blur/train/1O4KGHbRt3M_3-34daf3970f_1_flip_lr_blur.mp4,/content/drive/MyDrive/ucf_experiments/ciclo_experimental_1/data/data_crop/train/1O4KGHbRt3M_3-34daf3970f_1_flip_lr_crop.mp4,1
3257,/content/drive/MyDrive/ucf_experiments/ciclo_experimental_1/data/data_blur/train/1O4KGHbRt3M_4-2303d16c6c_1_flip_lr_blur.mp4,/content/drive/MyDrive/ucf_experiments/ciclo_experimental_1/data/data_crop/train/1O4KGHbRt3M_4-2303d16c6c_1_flip_lr_crop.mp4,1
3258,/content/drive/MyDrive/ucf_experiments/ciclo_experimental_1/data/data_blur/train/1r0Wz04q_0-64416cebda_1_flip_lr_blur.mp4,/content/drive/MyDrive/ucf_experiments/ciclo_experimental_1/data/data_crop/train/1r0Wz04q_0-64416cebda_1_flip_lr_crop.mp4,1
3259,/content/drive/MyDrive/ucf_experiments/ciclo_experimental_1/data/data_blur/train/1tU4kxa51vw_1-0ad750c90f_1_flip_lr_blur.mp4,/content/drive/MyDrive/ucf_experiments/ciclo_experimental_1/data/data_crop/train/1tU4kxa51vw_1-0ad750c90f_1_flip_lr_crop.mp4,1
3260,/content/drive/MyDrive/ucf_experiments/ciclo_experimental_1/data/data_blur/train/1XFiS6Lt_0-fde7bd2a5d_1_flip_lr_blur.mp4,/content/drive/MyDrive/ucf_experiments/ciclo_experimental_1/data/data_crop/train/1XFiS6Lt_0-fde7bd2a5d_1_flip_lr_crop.mp4,1
3261,/content/drive/MyDrive/ucf_experiments/ciclo_experimental_1/data/data_blur/train/1XFiS6Lt_1-f77a954290_1_flip_lr_blur.mp4,/content/drive/MyDrive/ucf_experiments/ciclo_experimental_1/data/data_crop/train/1XFiS6Lt_1-f77a954290_1_flip_lr_crop.mp4,1
3262,/content/drive/MyDrive/ucf_experiments/ciclo_experimental_1/data/data_blur/train/20130506 05_58 шЧЭф║║ щ╗СцЮЭ_37-add4be0be9_1_flip_lr_blur.mp4,/content/drive/MyDrive/ucf_experiments/ciclo_experimental_1/data/data_crop/train/20130506 05_58 шЧЭф║║ щ╗СцЮЭ_37-add4be0be9_1_flip_lr_crop.mp4,1
3263,/content/drive/MyDrive/ucf_experiments/ciclo_experimental_1/data/data_blur/train/24E0xYYUz44_0-774ed41198_1_flip_lr_blur.mp4,/content/drive/MyDrive/ucf_experiments/ciclo_experimental_1/data/data_crop/train/24E0xYYUz44_0-774ed41198_1_flip_lr_crop.mp4,1
3264,/content/drive/MyDrive/ucf_experiments/ciclo_experimental_1/data/data_blur/train/24E0xYYUz44_1-1982a28f1c_1_flip_lr_blur.mp4,/content/drive/MyDrive/ucf_experiments/ciclo_experimental_1/data/data_crop/train/24E0xYYUz44_1-1982a28f1c_1_flip_lr_crop.mp4,1
3265,/content/drive/MyDrive/ucf_experiments/ciclo_experimental_1/data/data_blur/train/24E0xYYUz44_2-b3be1d526b_1_flip_lr_blur.mp4,/content/drive/MyDrive/ucf_experiments/ciclo_experimental_1/data/data_crop/train/24E0xYYUz44_2-b3be1d526b_1_flip_lr_crop.mp4,1
3266,/content/drive/MyDrive/ucf_experiments/ciclo_experimental_1/data/data_blur/train/24E0xYYUz44_3-841ad788ab_1_flip_lr_blur.mp4,/content/drive/MyDrive/ucf_experiments/ciclo_experimental_1/data/data_crop/train/24E0xYYUz44_3-841ad788ab_1_flip_lr_crop.mp4,1
3267,/content/drive/MyDrive/ucf_experiments/ciclo_experimental_1/data/data_blur/train/24E0xYYUz44_4-788f415fd8_1_flip_lr_blur.mp4,/content/drive/MyDrive/ucf_experiments/ciclo_experimental_1/data/data_crop/train/24E0xYYUz44_4-788f415fd8_1_flip_lr_crop.mp4,1
3268,/content/drive/MyDrive/ucf_experiments/ciclo_experimental_1/data/data_blur/train/24E0xYYUz44_5-f8f008f5f1_1_flip_lr_blur.mp4,/content/drive/MyDrive/ucf_experiments/ciclo_experimental_1/data/data_crop/train/24E0xYYUz44_5-f8f008f5f1_1_flip_lr_crop.mp4,1
3269,/content/drive/MyDrive/ucf_experiments/ciclo_experimental_1/data/data_blur/train/24E0xYYUz44_6-ae6e9407c6_1_flip_lr_blur.mp4,/content/drive/MyDrive/ucf_experiments/ciclo_experimental_1/data/data_crop/train/24E0xYYUz44_6-ae6e9407c6_1_flip_lr_crop.mp4,1
3270,/content/drive/MyDrive/ucf_experiments/ciclo_experimental_1/data/data_blur/train/24E0xYYUz44_7-22ca926039_1_flip_lr_blur.mp4,/content/drive/MyDrive/ucf_experiments/ciclo_experimental_1/data/data_crop/train/24E0xYYUz44_7-22ca926039_1_flip_lr_crop.mp4,1
3271,/content/drive/MyDrive/ucf_experiments/ciclo_experimental_1/data/data_blur/train/2hQMRq06NJs_0-9d06d1aa80_1_flip_lr_blur.mp4,/content/drive/MyDrive/ucf_experiments/ciclo_experimental_1/data/data_crop/train/2hQMRq06NJs_0-9d06d1aa80_1_flip_lr_crop.mp4,1
3272,/content/drive/MyDrive/ucf_experiments/ciclo_experimental_1/data/data_blur/train/2sy_eLpH-PI_0-c2238fcb78_1_flip_lr_blur.mp4,/content/drive/MyDrive/ucf_experiments/ciclo_experimental_1/data/data_crop/train/2sy_eLpH-PI_0-c2238fcb78_1_flip_lr_crop.mp4,1
3273,/content/drive/MyDrive/ucf_experiments/ciclo_experimental_1/data/data_blur/train/2sy_eLpH-PI_1-b580c89da8_1_flip_lr_blur.mp4,/content/drive/MyDrive/ucf_experiments/ciclo_experimental_1/data/data_crop/train/2sy_eLpH-PI_1-b580c89da8_1_flip_lr_crop.mp4,1
3274,/content/drive/MyDrive/ucf_experiments/ciclo_experimental_1/data/data_blur/train/3CQi0ZCCHvc_0-bffe48f6f4_1_flip_lr_blur.mp4,/content/drive/MyDrive/ucf_experiments/ciclo_experimental_1/data/data_crop/train/3CQi0ZCCHvc_0-bffe48f6f4_1_flip_lr_crop.mp4,1
3275,/content/drive/MyDrive/ucf_experiments/ciclo_experimental_1/data/data_blur/train/3CQi0ZCCHvc_1-8e69b51f18_1_flip_lr_blur.mp4,/content/drive/MyDrive/ucf_experiments/ciclo_experimental_1/data/data_crop/train/3CQi0ZCCHvc_1-8e69b51f18_1_flip_lr_crop.mp4,1
3276,/content/drive/MyDrive/ucf_experiments/ciclo_experimental_1/data/data_blur/train/3CQi0ZCCHvc_2-133cb9097a_1_flip_lr_blur.mp4,/content/drive/MyDrive/ucf_experiments/ciclo_experimental_1/data/data_crop/train/3CQi0ZCCHvc_2-133cb9097a_1_flip_lr_crop.mp4,1
3277,/content/drive/MyDrive/ucf_experiments/ciclo_experimental_1/data/data_blur/train/3kpviz7lAMY_0-9f6119ea3f_1_flip_lr_blur.mp4,/content/drive/MyDrive/ucf_experiments/ciclo_experimental_1/data/data_crop/train/3kpviz7lAMY_0-9f6119ea3f_1_flip_lr_crop.mp4,1
3278,/content/drive/MyDrive/ucf_experiments/ciclo_experimental_1/data/data_blur/train/3kpviz7lAMY_1-5220be2cd6_1_flip_lr_blur.mp4,/content/drive/MyDrive/ucf_experiments/ciclo_experimental_1/data/data_crop/train/3kpviz7lAMY_1-5220be2cd6_1_flip_lr_crop.mp4,1
3279,/content/drive/MyDrive/ucf_experiments/ciclo_experimental_1/data/data_blur/train/3kpviz7lAMY_2-c970a7971a_1_flip_lr_blur.mp4,/content/drive/MyDrive/ucf_experiments/ciclo_experimental_1/data/data_crop/train/3kpviz7lAMY_2-c970a7971a_1_flip_lr_crop.mp4,1
3280,/content/drive/MyDrive/ucf_experiments/ciclo_experimental_1/data/data_blur/train/3kpviz7lAMY_3-d3916e72a5_1_flip_lr_blur.mp4,/content/drive/MyDrive/ucf_experiments/ciclo_experimental_1/data/data_crop/train/3kpviz7lAMY_3-d3916e72a5_1_flip_lr_crop.mp4,1
3281,/content/drive/MyDrive/ucf_experiments/ciclo_experimental_1/data/data_blur/train/3kpviz7lAMY_4-75d53a9ed0_1_flip_lr_blur.mp4,/content/drive/MyDrive/ucf_experiments/ciclo_experimental_1/data/data_crop/train/3kpviz7lAMY_4-75d53a9ed0_1_flip_lr_crop.mp4,1
3282,/content/drive/MyDrive/ucf_experiments/ciclo_experimental_1/data/data_blur/train/3OKArbzg1uc_0-5ad6631edb_1_flip_lr_blur.mp4,/content/drive/MyDrive/ucf_experiments/ciclo_experimental_1/data/data_crop/train/3OKArbzg1uc_0-5ad6631edb_1_flip_lr_crop.mp4,1
3283,/content/drive/MyDrive/ucf_experiments/ciclo_experimental_1/data/data_blur/train/3OKArbzg1uc_1-c2abdc3f4b_1_flip_lr_blur.mp4,/content/drive/MyDrive/ucf_experiments/ciclo_experimental_1/data/data_crop/train/3OKArbzg1uc_1-c2abdc3f4b_1_flip_lr_crop.mp4,1
3284,/content/drive/MyDrive/ucf_experiments/ciclo_experimental_1/data/data_blur/train/3OKArbzg1uc_2-cc33dc9548_1_flip_lr_blur.mp4,/content/drive/MyDrive/ucf_experiments/ciclo_experimental_1/data/data_crop/train/3OKArbzg1uc_2-cc33dc9548_1_flip_lr_crop.mp4,1
3285,/content/drive/MyDrive/ucf_experiments/ciclo_experimental_1/data/data_blur/train/3OKArbzg1uc_3-7e475425e8_1_flip_lr_blur.mp4,/content/drive/MyDrive/ucf_experiments/ciclo_experimental_1/data/data_crop/train/3OKArbzg1uc_3-7e475425e8_1_flip_lr_crop.mp4,1
3286,/content/drive/MyDrive/ucf_experiments/ciclo_experimental_1/data/data_blur/train/3OKArbzg1uc_4-df4dfb42b9_1_flip_lr_blur.mp4,/content/drive/MyDrive/ucf_experiments/ciclo_experimental_1/data/data_crop/train/3OKArbzg1uc_4-df4dfb42b9_1_flip_lr_crop.mp4,1
3287,/content/drive/MyDrive/ucf_experiments/ciclo_experimental_1/data/data_blur/train/3SS0E4SmTk8_0-b2c6b3f406_1_flip_lr_blur.mp4,/content/drive/MyDrive/ucf_experiments/ciclo_experimental_1/data/data_crop/train/3SS0E4SmTk8_0-b2c6b3f406_1_flip_lr_crop.mp4,1
3288,/content/drive/MyDrive/ucf_experiments/ciclo_experimental_1/data/data_blur/train/3SS0E4SmTk8_1-3875b41950_1_flip_lr_blur.mp4,/content/drive/MyDrive/ucf_experiments/ciclo_experimental_1/data/data_crop/train/3SS0E4SmTk8_1-3875b41950_1_flip_lr_crop.mp4,1
3289,/content/drive/MyDrive/ucf_experiments/ciclo_experimental_1/data/data_blur/train/3Vw7MoNBgx4_0-db88ecdadc_1_flip_lr_blur.mp4,/content/drive/MyDrive/ucf_experiments/ciclo_experimental_1/data/data_crop/train/3Vw7MoNBgx4_0-db88ecdadc_1_flip_lr_crop.mp4,1
3290,/content/drive/MyDrive/ucf_experiments/ciclo_experimental_1/data/data_blur/train/4HH7yMU8y9A_0-076bd18dba_1_flip_lr_blur.mp4,/content/drive/MyDrive/ucf_experiments/ciclo_experimental_1/data/data_crop/train/4HH7yMU8y9A_0-076bd18dba_1_flip_lr_crop.mp4,1
3291,/content/drive/MyDrive/ucf_experiments/ciclo_experimental_1/data/data_blur/train/4HH7yMU8y9A_1-47e37348ec_1_flip_lr_blur.mp4,/content/drive/MyDrive/ucf_experiments/ciclo_experimental_1/data/data_crop/train/4HH7yMU8y9A_1-47e37348ec_1_flip_lr_crop.mp4,1
3292,/content/drive/MyDrive/ucf_experiments/ciclo_experimental_1/data/data_blur/train/4RqDG4I4iAk_0-060ed87347_1_flip_lr_blur.mp4,/content/drive/MyDrive/ucf_experiments/ciclo_experimental_1/data/data_crop/train/4RqDG4I4iAk_0-060ed87347_1_flip_lr_crop.mp4,1
3293,/content/drive/MyDrive/ucf_experiments/ciclo_experimental_1/data/data_blur/train/4RqDG4I4iAk_1-99c91705ff_1_flip_lr_blur.mp4,/content/drive/MyDrive/ucf_experiments/ciclo_experimental_1/data/data_crop/train/4RqDG4I4iAk_1-99c91705ff_1_flip_lr_crop.mp4,1
3294,/content/drive/MyDrive/ucf_experiments/ciclo_experimental_1/data/data_blur/train/4RqDG4I4iAk_2-e0c7f934f5_1_flip_lr_blur.mp4,/content/drive/MyDrive/ucf_experiments/ciclo_experimental_1/data/data_crop/train/4RqDG4I4iAk_2-e0c7f934f5_1_flip_lr_crop.mp4,1
3295,/content/drive/MyDrive/ucf_experiments/ciclo_experimental_1/data/data_blur/train/4RqDG4I4iAk_3-a63ab4a23a_1_flip_lr_blur.mp4,/content/drive/MyDrive/ucf_experiments/ciclo_experimental_1/data/data_crop/train/4RqDG4I4iAk_3-a63ab4a23a_1_flip_lr_crop.mp4,1
3296,/content/drive/MyDrive/ucf_experiments/ciclo_experimental_1/data/data_blur/train/4RqDG4I4iAk_4-3c32ad2cb3_1_flip_lr_blur.mp4,/content/drive/MyDrive/ucf_experiments/ciclo_experimental_1/data/data_crop/train/4RqDG4I4iAk_4-3c32ad2cb3_1_flip_lr_crop.mp4,1
3297,/content/drive/MyDrive/ucf_experiments/ciclo_experimental_1/data/data_blur/train/4RqDG4I4iAk_5-ac112c594e_1_flip_lr_blur.mp4,/content/drive/MyDrive/ucf_experiments/ciclo_experimental_1/data/data_crop/train/4RqDG4I4iAk_5-ac112c594e_1_flip_lr_crop.mp4,1
3298,/content/drive/MyDrive/ucf_experiments/ciclo_experimental_1/data/data_blur/train/4RqDG4I4iAk_6-73c50e180b_1_flip_lr_blur.mp4,/content/drive/MyDrive/ucf_experiments/ciclo_experimental_1/data/data_crop/train/4RqDG4I4iAk_6-73c50e180b_1_flip_lr_crop.mp4,1
3299,/content/drive/MyDrive/ucf_experiments/ciclo_experimental_1/data/data_blur/train/4RqDG4I4iAk_7-85fd990d61_1_flip_lr_blur.mp4,/content/drive/MyDrive/ucf_experiments/ciclo_experimental_1/data/data_crop/train/4RqDG4I4iAk_7-85fd990d61_1_flip_lr_crop.mp4,1
3300,/content/drive/MyDrive/ucf_experiments/ciclo_experimental_1/data/data_blur/train/4RqDG4I4iAk_8-50a6b8b90b_1_flip_lr_blur.mp4,/content/drive/MyDrive/ucf_experiments/ciclo_experimental_1/data/data_crop/train/4RqDG4I4iAk_8-50a6b8b90b_1_flip_lr_crop.mp4,1
3301,/content/drive/MyDrive/ucf_experiments/ciclo_experimental_1/data/data_blur/train/4yTlGiDoxBo_0-0eb2f53514_1_flip_lr_blur.mp4,/content/drive/MyDrive/ucf_experiments/ciclo_experimental_1/data/data_crop/train/4yTlGiDoxBo_0-0eb2f53514_1_flip_lr_crop.mp4,1
3302,/content/drive/MyDrive/ucf_experiments/ciclo_experimental_1/data/data_blur/train/4yTlGiDoxBo_1-e8fc7e9f0d_1_flip_lr_blur.mp4,/content/drive/MyDrive/ucf_experiments/ciclo_experimental_1/data/data_crop/train/4yTlGiDoxBo_1-e8fc7e9f0d_1_flip_lr_crop.mp4,1
3303,/content/drive/MyDrive/ucf_experiments/ciclo_experimental_1/data/data_blur/train/4yTlGiDoxBo_2-4e8ca44dd2_1_flip_lr_blur.mp4,/content/drive/MyDrive/ucf_experiments/ciclo_experimental_1/data/data_crop/train/4yTlGiDoxBo_2-4e8ca44dd2_1_flip_lr_crop.mp4,1
3304,/content/drive/MyDrive/ucf_experiments/ciclo_experimental_1/data/data_blur/train/4yTlGiDoxBo_3-88fcb6b229_1_flip_lr_blur.mp4,/content/drive/MyDrive/ucf_experiments/ciclo_experimental_1/data/data_crop/train/4yTlGiDoxBo_3-88fcb6b229_1_flip_lr_crop.mp4,1
3305,/content/drive/MyDrive/ucf_experiments/ciclo_experimental_1/data/data_blur/train/4yTlGiDoxBo_4-24d68618e1_1_flip_lr_blur.mp4,/content/drive/MyDrive/ucf_experiments/ciclo_experimental_1/data/data_crop/train/4yTlGiDoxBo_4-24d68618e1_1_flip_lr_crop.mp4,1
3306,/content/drive/MyDrive/ucf_experiments/ciclo_experimental_1/data/data_blur/train/4yTlGiDoxBo_5-e4a99df682_1_flip_lr_blur.mp4,/content/drive/MyDrive/ucf_experiments/ciclo_experimental_1/data/data_crop/train/4yTlGiDoxBo_5-e4a99df682_1_flip_lr_crop.mp4,1
3307,/content/drive/MyDrive/ucf_experiments/ciclo_experimental_1/data/data_blur/train/4yzwSsis_0-9f9ae936c0_1_flip_lr_blur.mp4,/content/drive/MyDrive/ucf_experiments/ciclo_experimental_1/data/data_crop/train/4yzwSsis_0-9f9ae936c0_1_flip_lr_crop.mp4,1
3308,/content/drive/MyDrive/ucf_experiments/ciclo_experimental_1/data/data_blur/train/5QqDgtwEQsI_0-5a0eab0669_1_flip_lr_blur.mp4,/content/drive/MyDrive/ucf_experiments/ciclo_experimental_1/data/data_crop/train/5QqDgtwEQsI_0-5a0eab0669_1_flip_lr_crop.mp4,1
3309,/content/drive/MyDrive/ucf_experiments/ciclo_experimental_1/data/data_blur/train/6Dej3-k3MRE_0-c9213be3e2_1_flip_lr_blur.mp4,/content/drive/MyDrive/ucf_experiments/ciclo_experimental_1/data/data_crop/train/6Dej3-k3MRE_0-c9213be3e2_1_flip_lr_crop.mp4,1
3310,/content/drive/MyDrive/ucf_experiments/ciclo_experimental_1/data/data_blur/train/6Dej3-k3MRE_1-e01f18487d_1_flip_lr_blur.mp4,/content/drive/MyDrive/ucf_experiments/ciclo_experimental_1/data/data_crop/train/6Dej3-k3MRE_1-e01f18487d_1_flip_lr_crop.mp4,1
3311,/content/drive/MyDrive/ucf_experiments/ciclo_experimental_1/data/data_blur/train/6Dej3-k3MRE_2-b5a20d7879_1_flip_lr_blur.mp4,/content/drive/MyDrive/ucf_experiments/ciclo_experimental_1/data/data_crop/train/6Dej3-k3MRE_2-b5a20d7879_1_flip_lr_crop.mp4,1
3312,/content/drive/MyDrive/ucf_experiments/ciclo_experimental_1/data/data_blur/train/6Dej3-k3MRE_3-81b60a4289_1_flip_lr_blur.mp4,/content/drive/MyDrive/ucf_experiments/ciclo_experimental_1/data/data_crop/train/6Dej3-k3MRE_3-81b60a4289_1_flip_lr_crop.mp4,1
3313,/content/drive/MyDrive/ucf_experiments/ciclo_experimental_1/data/data_blur/train/6Dej3-k3MRE_4-a7ce3c6822_1_flip_lr_blur.mp4,/content/drive/MyDrive/ucf_experiments/ciclo_experimental_1/data/data_crop/train/6Dej3-k3MRE_4-a7ce3c6822_1_flip_lr_crop.mp4,1
3314,/content/drive/MyDrive/ucf_experiments/ciclo_experimental_1/data/data_blur/train/6Dej3-k3MRE_5-1917aba72f_1_flip_lr_blur.mp4,/content/drive/MyDrive/ucf_experiments/ciclo_experimental_1/data/data_crop/train/6Dej3-k3MRE_5-1917aba72f_1_flip_lr_crop.mp4,1
3315,/content/drive/MyDrive/ucf_experiments/ciclo_experimental_1/data/data_blur/train/6mrIIcAQ2fI_0-dfe7e54194_1_flip_lr_blur.mp4,/content/drive/MyDrive/ucf_experiments/ciclo_experimental_1/data/data_crop/train/6mrIIcAQ2fI_0-dfe7e54194_1_flip_lr_crop.mp4,1
3316,/content/drive/MyDrive/ucf_experiments/ciclo_experimental_1/data/data_blur/train/6mrIIcAQ2fI_2-c6c0d321ee_1_flip_lr_blur.mp4,/content/drive/MyDrive/ucf_experiments/ciclo_experimental_1/data/data_crop/train/6mrIIcAQ2fI_2-c6c0d321ee_1_flip_lr_crop.mp4,1
3317,/content/drive/MyDrive/ucf_experiments/ciclo_experimental_1/data/data_blur/train/6mrIIcAQ2fI_3-17c5aa9357_1_flip_lr_blur.mp4,/content/drive/MyDrive/ucf_experiments/ciclo_experimental_1/data/data_crop/train/6mrIIcAQ2fI_3-17c5aa9357_1_flip_lr_crop.mp4,1
3318,/content/drive/MyDrive/ucf_experiments/ciclo_experimental_1/data/data_blur/train/6TDF_12-60c1d707fe_1_flip_lr_blur.mp4,/content/drive/MyDrive/ucf_experiments/ciclo_experimental_1/data/data_crop/train/6TDF_12-60c1d707fe_1_flip_lr_crop.mp4,1
3319,/content/drive/MyDrive/ucf_experiments/ciclo_experimental_1/data/data_blur/train/6TDF_13-b3f2115643_1_flip_lr_blur.mp4,/content/drive/MyDrive/ucf_experiments/ciclo_experimental_1/data/data_crop/train/6TDF_13-b3f2115643_1_flip_lr_crop.mp4,1
3320,/content/drive/MyDrive/ucf_experiments/ciclo_experimental_1/data/data_blur/train/6TDF_14-c9dd1fe9c0_1_flip_lr_blur.mp4,/content/drive/MyDrive/ucf_experiments/ciclo_experimental_1/data/data_crop/train/6TDF_14-c9dd1fe9c0_1_flip_lr_crop.mp4,1
3321,/content/drive/MyDrive/ucf_experiments/ciclo_experimental_1/data/data_blur/train/6TDF_15-fb41322957_1_flip_lr_blur.mp4,/content/drive/MyDrive/ucf_experiments/ciclo_experimental_1/data/data_crop/train/6TDF_15-fb41322957_1_flip_lr_crop.mp4,1
3322,/content/drive/MyDrive/ucf_experiments/ciclo_experimental_1/data/data_blur/train/6TDF_27-6fa719a0bb_1_flip_lr_blur.mp4,/content/drive/MyDrive/ucf_experiments/ciclo_experimental_1/data/data_crop/train/6TDF_27-6fa719a0bb_1_flip_lr_crop.mp4,1
3323,/content/drive/MyDrive/ucf_experiments/ciclo_experimental_1/data/data_blur/train/7LnoFKSl2rs_0-bb812c9320_1_flip_lr_blur.mp4,/content/drive/MyDrive/ucf_experiments/ciclo_experimental_1/data/data_crop/train/7LnoFKSl2rs_0-bb812c9320_1_flip_lr_crop.mp4,1
3324,/content/drive/MyDrive/ucf_experiments/ciclo_experimental_1/data/data_blur/train/7qtRgyFsk3s_0-57ec83613e_1_flip_lr_blur.mp4,/content/drive/MyDrive/ucf_experiments/ciclo_experimental_1/data/data_crop/train/7qtRgyFsk3s_0-57ec83613e_1_flip_lr_crop.mp4,1
3325,/content/drive/MyDrive/ucf_experiments/ciclo_experimental_1/data/data_blur/train/7qtRgyFsk3s_1-8c6734681a_1_flip_lr_blur.mp4,/content/drive/MyDrive/ucf_experiments/ciclo_experimental_1/data/data_crop/train/7qtRgyFsk3s_1-8c6734681a_1_flip_lr_crop.mp4,1
3326,/content/drive/MyDrive/ucf_experiments/ciclo_experimental_1/data/data_blur/train/7R1m3V8C30g_0-a5139774d0_1_flip_lr_blur.mp4,/content/drive/MyDrive/ucf_experiments/ciclo_experimental_1/data/data_crop/train/7R1m3V8C30g_0-a5139774d0_1_flip_lr_crop.mp4,1
3327,/content/drive/MyDrive/ucf_experiments/ciclo_experimental_1/data/data_blur/train/7R1m3V8C30g_1-65a9e886d8_1_flip_lr_blur.mp4,/content/drive/MyDrive/ucf_experiments/ciclo_experimental_1/data/data_crop/train/7R1m3V8C30g_1-65a9e886d8_1_flip_lr_crop.mp4,1
3328,/content/drive/MyDrive/ucf_experiments/ciclo_experimental_1/data/data_blur/train/7R1m3V8C30g_2-1c58e8d801_1_flip_lr_blur.mp4,/content/drive/MyDrive/ucf_experiments/ciclo_experimental_1/data/data_crop/train/7R1m3V8C30g_2-1c58e8d801_1_flip_lr_crop.mp4,1
3329,/content/drive/MyDrive/ucf_experiments/ciclo_experimental_1/data/data_blur/train/7Xe6eysGKeU_0-60d435abfc_1_flip_lr_blur.mp4,/content/drive/MyDrive/ucf_experiments/ciclo_experimental_1/data/data_crop/train/7Xe6eysGKeU_0-60d435abfc_1_flip_lr_crop.mp4,1
3330,/content/drive/MyDrive/ucf_experiments/ciclo_experimental_1/data/data_blur/train/88ndrvAZpE8_0-472c4557d5_1_flip_lr_blur.mp4,/content/drive/MyDrive/ucf_experiments/ciclo_experimental_1/data/data_crop/train/88ndrvAZpE8_0-472c4557d5_1_flip_lr_crop.mp4,1
3331,/content/drive/MyDrive/ucf_experiments/ciclo_experimental_1/data/data_blur/train/88ndrvAZpE8_1-5cccdc6181_1_flip_lr_blur.mp4,/content/drive/MyDrive/ucf_experiments/ciclo_experimental_1/data/data_crop/train/88ndrvAZpE8_1-5cccdc6181_1_flip_lr_crop.mp4,1
3332,/content/drive/MyDrive/ucf_experiments/ciclo_experimental_1/data/data_blur/train/89UQqPuR4Q4_0-c4edae8d89_1_flip_lr_blur.mp4,/content/drive/MyDrive/ucf_experiments/ciclo_experimental_1/data/data_crop/train/89UQqPuR4Q4_0-c4edae8d89_1_flip_lr_crop.mp4,1
3333,/content/drive/MyDrive/ucf_experiments/ciclo_experimental_1/data/data_blur/train/8bEO4LGr_0-b255e2d53c_1_flip_lr_blur.mp4,/content/drive/MyDrive/ucf_experiments/ciclo_experimental_1/data/data_crop/train/8bEO4LGr_0-b255e2d53c_1_flip_lr_crop.mp4,1
3334,/content/drive/MyDrive/ucf_experiments/ciclo_experimental_1/data/data_blur/train/8mxsp2RTU6M_0-92231fdee8_1_flip_lr_blur.mp4,/content/drive/MyDrive/ucf_experiments/ciclo_experimental_1/data/data_crop/train/8mxsp2RTU6M_0-92231fdee8_1_flip_lr_crop.mp4,1
3335,/content/drive/MyDrive/ucf_experiments/ciclo_experimental_1/data/data_blur/train/8pKKdS7rhXo_0-3152618eaf_1_flip_lr_blur.mp4,/content/drive/MyDrive/ucf_experiments/ciclo_experimental_1/data/data_crop/train/8pKKdS7rhXo_0-3152618eaf_1_flip_lr_crop.mp4,1
3336,/content/drive/MyDrive/ucf_experiments/ciclo_experimental_1/data/data_blur/train/8pKKdS7rhXo_1-71fe98b20b_1_flip_lr_blur.mp4,/content/drive/MyDrive/ucf_experiments/ciclo_experimental_1/data/data_crop/train/8pKKdS7rhXo_1-71fe98b20b_1_flip_lr_crop.mp4,1
3337,/content/drive/MyDrive/ucf_experiments/ciclo_experimental_1/data/data_blur/train/8pKKdS7rhXo_2-570c2586e9_1_flip_lr_blur.mp4,/content/drive/MyDrive/ucf_experiments/ciclo_experimental_1/data/data_crop/train/8pKKdS7rhXo_2-570c2586e9_1_flip_lr_crop.mp4,1
3338,/content/drive/MyDrive/ucf_experiments/ciclo_experimental_1/data/data_blur/train/8SWZq5we_fk_0-c12d1b8e9a_1_flip_lr_blur.mp4,/content/drive/MyDrive/ucf_experiments/ciclo_experimental_1/data/data_crop/train/8SWZq5we_fk_0-c12d1b8e9a_1_flip_lr_crop.mp4,1
3339,/content/drive/MyDrive/ucf_experiments/ciclo_experimental_1/data/data_blur/train/8SWZq5we_fk_1-e5a0b66ba3_1_flip_lr_blur.mp4,/content/drive/MyDrive/ucf_experiments/ciclo_experimental_1/data/data_crop/train/8SWZq5we_fk_1-e5a0b66ba3_1_flip_lr_crop.mp4,1
3340,/content/drive/MyDrive/ucf_experiments/ciclo_experimental_1/data/data_blur/train/8VqTmuq4HcI_0-c1c3acfddd_1_flip_lr_blur.mp4,/content/drive/MyDrive/ucf_experiments/ciclo_experimental_1/data/data_crop/train/8VqTmuq4HcI_0-c1c3acfddd_1_flip_lr_crop.mp4,1
3341,/content/drive/MyDrive/ucf_experiments/ciclo_experimental_1/data/data_blur/train/91TniI0y_0-6be9d31ccf_1_flip_lr_blur.mp4,/content/drive/MyDrive/ucf_experiments/ciclo_experimental_1/data/data_crop/train/91TniI0y_0-6be9d31ccf_1_flip_lr_crop.mp4,1
3342,/content/drive/MyDrive/ucf_experiments/ciclo_experimental_1/data/data_blur/train/9ErNHIovPDI_0-585ee34203_1_flip_lr_blur.mp4,/content/drive/MyDrive/ucf_experiments/ciclo_experimental_1/data/data_crop/train/9ErNHIovPDI_0-585ee34203_1_flip_lr_crop.mp4,1
3343,/content/drive/MyDrive/ucf_experiments/ciclo_experimental_1/data/data_blur/train/9U8J4abJGDg_0-c8bb1b75a5_1_flip_lr_blur.mp4,/content/drive/MyDrive/ucf_experiments/ciclo_experimental_1/data/data_crop/train/9U8J4abJGDg_0-c8bb1b75a5_1_flip_lr_crop.mp4,1
3344,/content/drive/MyDrive/ucf_experiments/ciclo_experimental_1/data/data_blur/train/a2qLzOu_n0s_0-fa75c7befe_1_flip_lr_blur.mp4,/content/drive/MyDrive/ucf_experiments/ciclo_experimental_1/data/data_crop/train/a2qLzOu_n0s_0-fa75c7befe_1_flip_lr_crop.mp4,1
3345,/content/drive/MyDrive/ucf_experiments/ciclo_experimental_1/data/data_blur/train/a2qLzOu_n0s_1-6ec10f42cd_1_flip_lr_blur.mp4,/content/drive/MyDrive/ucf_experiments/ciclo_experimental_1/data/data_crop/train/a2qLzOu_n0s_1-6ec10f42cd_1_flip_lr_crop.mp4,1
3346,/content/drive/MyDrive/ucf_experiments/ciclo_experimental_1/data/data_blur/train/a2qLzOu_n0s_2-5bab5238b8_1_flip_lr_blur.mp4,/content/drive/MyDrive/ucf_experiments/ciclo_experimental_1/data/data_crop/train/a2qLzOu_n0s_2-5bab5238b8_1_flip_lr_crop.mp4,1
3347,/content/drive/MyDrive/ucf_experiments/ciclo_experimental_1/data/data_blur/train/a2qLzOu_n0s_3-7dee9ffc09_1_flip_lr_blur.mp4,/content/drive/MyDrive/ucf_experiments/ciclo_experimental_1/data/data_crop/train/a2qLzOu_n0s_3-7dee9ffc09_1_flip_lr_crop.mp4,1
3348,/content/drive/MyDrive/ucf_experiments/ciclo_experimental_1/data/data_blur/train/a2qLzOu_n0s_4-d36cabe65f_1_flip_lr_blur.mp4,/content/drive/MyDrive/ucf_experiments/ciclo_experimental_1/data/data_crop/train/a2qLzOu_n0s_4-d36cabe65f_1_flip_lr_crop.mp4,1
3349,/content/drive/MyDrive/ucf_experiments/ciclo_experimental_1/data/data_blur/train/a7D2i0HTXGM_0-59af9d98bd_1_flip_lr_blur.mp4,/content/drive/MyDrive/ucf_experiments/ciclo_experimental_1/data/data_crop/train/a7D2i0HTXGM_0-59af9d98bd_1_flip_lr_crop.mp4,1
3350,/content/drive/MyDrive/ucf_experiments/ciclo_experimental_1/data/data_blur/train/a7D2i0HTXGM_1-ac8ba060f9_1_flip_lr_blur.mp4,/content/drive/MyDrive/ucf_experiments/ciclo_experimental_1/data/data_crop/train/a7D2i0HTXGM_1-ac8ba060f9_1_flip_lr_crop.mp4,1
3351,/content/drive/MyDrive/ucf_experiments/ciclo_experimental_1/data/data_blur/train/a7D2i0HTXGM_2-d4b7ebb97e_1_flip_lr_blur.mp4,/content/drive/MyDrive/ucf_experiments/ciclo_experimental_1/data/data_crop/train/a7D2i0HTXGM_2-d4b7ebb97e_1_flip_lr_crop.mp4,1
3352,/content/drive/MyDrive/ucf_experiments/ciclo_experimental_1/data/data_blur/train/a7gBQaAFEtw_2-bc386a017d_1_flip_lr_blur.mp4,/content/drive/MyDrive/ucf_experiments/ciclo_experimental_1/data/data_crop/train/a7gBQaAFEtw_2-bc386a017d_1_flip_lr_crop.mp4,1
3353,/content/drive/MyDrive/ucf_experiments/ciclo_experimental_1/data/data_blur/train/a7gBQaAFEtw_4-ae4bdc6d09_1_flip_lr_blur.mp4,/content/drive/MyDrive/ucf_experiments/ciclo_experimental_1/data/data_crop/train/a7gBQaAFEtw_4-ae4bdc6d09_1_flip_lr_crop.mp4,1
3354,/content/drive/MyDrive/ucf_experiments/ciclo_experimental_1/data/data_blur/train/adg5WJ6y_1-47124f8440_1_flip_lr_blur.mp4,/content/drive/MyDrive/ucf_experiments/ciclo_experimental_1/data/data_crop/train/adg5WJ6y_1-47124f8440_1_flip_lr_crop.mp4,1
3355,/content/drive/MyDrive/ucf_experiments/ciclo_experimental_1/data/data_blur/train/aIg9Yb0O7Hg_0-7dd6b1b2b5_1_flip_lr_blur.mp4,/content/drive/MyDrive/ucf_experiments/ciclo_experimental_1/data/data_crop/train/aIg9Yb0O7Hg_0-7dd6b1b2b5_1_flip_lr_crop.mp4,1
3356,/content/drive/MyDrive/ucf_experiments/ciclo_experimental_1/data/data_blur/train/aIg9Yb0O7Hg_1-3ee4575523_1_flip_lr_blur.mp4,/content/drive/MyDrive/ucf_experiments/ciclo_experimental_1/data/data_crop/train/aIg9Yb0O7Hg_1-3ee4575523_1_flip_lr_crop.mp4,1
3357,/content/drive/MyDrive/ucf_experiments/ciclo_experimental_1/data/data_blur/train/aIg9Yb0O7Hg_2-04a00d918f_1_flip_lr_blur.mp4,/content/drive/MyDrive/ucf_experiments/ciclo_experimental_1/data/data_crop/train/aIg9Yb0O7Hg_2-04a00d918f_1_flip_lr_crop.mp4,1
3358,/content/drive/MyDrive/ucf_experiments/ciclo_experimental_1/data/data_blur/train/aIg9Yb0O7Hg_3-aca66e773d_1_flip_lr_blur.mp4,/content/drive/MyDrive/ucf_experiments/ciclo_experimental_1/data/data_crop/train/aIg9Yb0O7Hg_3-aca66e773d_1_flip_lr_crop.mp4,1
3359,/content/drive/MyDrive/ucf_experiments/ciclo_experimental_1/data/data_blur/train/aIg9Yb0O7Hg_4-6d52a560fa_1_flip_lr_blur.mp4,/content/drive/MyDrive/ucf_experiments/ciclo_experimental_1/data/data_crop/train/aIg9Yb0O7Hg_4-6d52a560fa_1_flip_lr_crop.mp4,1
3360,/content/drive/MyDrive/ucf_experiments/ciclo_experimental_1/data/data_blur/train/aIg9Yb0O7Hg_5-6b3dd45db9_1_flip_lr_blur.mp4,/content/drive/MyDrive/ucf_experiments/ciclo_experimental_1/data/data_crop/train/aIg9Yb0O7Hg_5-6b3dd45db9_1_flip_lr_crop.mp4,1
3361,/content/drive/MyDrive/ucf_experiments/ciclo_experimental_1/data/data_blur/train/aKgSasWRJ2s_0-c3736d0ef4_1_flip_lr_blur.mp4,/content/drive/MyDrive/ucf_experiments/ciclo_experimental_1/data/data_crop/train/aKgSasWRJ2s_0-c3736d0ef4_1_flip_lr_crop.mp4,1
3362,/content/drive/MyDrive/ucf_experiments/ciclo_experimental_1/data/data_blur/train/aKgSasWRJ2s_1-e379f777ab_1_flip_lr_blur.mp4,/content/drive/MyDrive/ucf_experiments/ciclo_experimental_1/data/data_crop/train/aKgSasWRJ2s_1-e379f777ab_1_flip_lr_crop.mp4,1
3363,/content/drive/MyDrive/ucf_experiments/ciclo_experimental_1/data/data_blur/train/aKgSasWRJ2s_2-4de44649d4_1_flip_lr_blur.mp4,/content/drive/MyDrive/ucf_experiments/ciclo_experimental_1/data/data_crop/train/aKgSasWRJ2s_2-4de44649d4_1_flip_lr_crop.mp4,1
3364,/content/drive/MyDrive/ucf_experiments/ciclo_experimental_1/data/data_blur/train/aKgSasWRJ2s_3-352c61b034_1_flip_lr_blur.mp4,/content/drive/MyDrive/ucf_experiments/ciclo_experimental_1/data/data_crop/train/aKgSasWRJ2s_3-352c61b034_1_flip_lr_crop.mp4,1
3365,/content/drive/MyDrive/ucf_experiments/ciclo_experimental_1/data/data_blur/train/aKK0B4kpKZA_0-608a57418c_1_flip_lr_blur.mp4,/content/drive/MyDrive/ucf_experiments/ciclo_experimental_1/data/data_crop/train/aKK0B4kpKZA_0-608a57418c_1_flip_lr_crop.mp4,1
3366,/content/drive/MyDrive/ucf_experiments/ciclo_experimental_1/data/data_blur/train/aKK0B4kpKZA_1-c7d0369808_1_flip_lr_blur.mp4,/content/drive/MyDrive/ucf_experiments/ciclo_experimental_1/data/data_crop/train/aKK0B4kpKZA_1-c7d0369808_1_flip_lr_crop.mp4,1
3367,/content/drive/MyDrive/ucf_experiments/ciclo_experimental_1/data/data_blur/train/AkTZX27QhjE_1-815aecd9ff_1_flip_lr_blur.mp4,/content/drive/MyDrive/ucf_experiments/ciclo_experimental_1/data/data_crop/train/AkTZX27QhjE_1-815aecd9ff_1_flip_lr_crop.mp4,1
3368,/content/drive/MyDrive/ucf_experiments/ciclo_experimental_1/data/data_blur/train/AkTZX27QhjE_2-4656746a5a_1_flip_lr_blur.mp4,/content/drive/MyDrive/ucf_experiments/ciclo_experimental_1/data/data_crop/train/AkTZX27QhjE_2-4656746a5a_1_flip_lr_crop.mp4,1
3369,/content/drive/MyDrive/ucf_experiments/ciclo_experimental_1/data/data_blur/train/AkTZX27QhjE_3-b38451e774_1_flip_lr_blur.mp4,/content/drive/MyDrive/ucf_experiments/ciclo_experimental_1/data/data_crop/train/AkTZX27QhjE_3-b38451e774_1_flip_lr_crop.mp4,1
3370,/content/drive/MyDrive/ucf_experiments/ciclo_experimental_1/data/data_blur/train/AkTZX27QhjE_4-f128a66707_1_flip_lr_blur.mp4,/content/drive/MyDrive/ucf_experiments/ciclo_experimental_1/data/data_crop/train/AkTZX27QhjE_4-f128a66707_1_flip_lr_crop.mp4,1
3371,/content/drive/MyDrive/ucf_experiments/ciclo_experimental_1/data/data_blur/train/Am9mUxPTvK4_0-b6a31b9439_1_flip_lr_blur.mp4,/content/drive/MyDrive/ucf_experiments/ciclo_experimental_1/data/data_crop/train/Am9mUxPTvK4_0-b6a31b9439_1_flip_lr_crop.mp4,1
3372,/content/drive/MyDrive/ucf_experiments/ciclo_experimental_1/data/data_blur/train/Am9mUxPTvK4_1-f35ce1b63f_1_flip_lr_blur.mp4,/content/drive/MyDrive/ucf_experiments/ciclo_experimental_1/data/data_crop/train/Am9mUxPTvK4_1-f35ce1b63f_1_flip_lr_crop.mp4,1
3373,/content/drive/MyDrive/ucf_experiments/ciclo_experimental_1/data/data_blur/train/API3q8TBGu4_0-738b45dc7d_1_flip_lr_blur.mp4,/content/drive/MyDrive/ucf_experiments/ciclo_experimental_1/data/data_crop/train/API3q8TBGu4_0-738b45dc7d_1_flip_lr_crop.mp4,1
3374,/content/drive/MyDrive/ucf_experiments/ciclo_experimental_1/data/data_blur/train/ar5ns2zW4lY_0-b03689fe1f_1_flip_lr_blur.mp4,/content/drive/MyDrive/ucf_experiments/ciclo_experimental_1/data/data_crop/train/ar5ns2zW4lY_0-b03689fe1f_1_flip_lr_crop.mp4,1
3375,/content/drive/MyDrive/ucf_experiments/ciclo_experimental_1/data/data_blur/train/ar5ns2zW4lY_1-223444088f_1_flip_lr_blur.mp4,/content/drive/MyDrive/ucf_experiments/ciclo_experimental_1/data/data_crop/train/ar5ns2zW4lY_1-223444088f_1_flip_lr_crop.mp4,1
3376,/content/drive/MyDrive/ucf_experiments/ciclo_experimental_1/data/data_blur/train/as4zD6d86q0_0-9e20224510_1_flip_lr_blur.mp4,/content/drive/MyDrive/ucf_experiments/ciclo_experimental_1/data/data_crop/train/as4zD6d86q0_0-9e20224510_1_flip_lr_crop.mp4,1
3377,/content/drive/MyDrive/ucf_experiments/ciclo_experimental_1/data/data_blur/train/as4zD6d86q0_1-bea35b2711_1_flip_lr_blur.mp4,/content/drive/MyDrive/ucf_experiments/ciclo_experimental_1/data/data_crop/train/as4zD6d86q0_1-bea35b2711_1_flip_lr_crop.mp4,1
3378,/content/drive/MyDrive/ucf_experiments/ciclo_experimental_1/data/data_blur/train/as4zD6d86q0_2-0414b632bd_1_flip_lr_blur.mp4,/content/drive/MyDrive/ucf_experiments/ciclo_experimental_1/data/data_crop/train/as4zD6d86q0_2-0414b632bd_1_flip_lr_crop.mp4,1
3379,/content/drive/MyDrive/ucf_experiments/ciclo_experimental_1/data/data_blur/train/asdasda_107-54f0f78d89_1_flip_lr_blur.mp4,/content/drive/MyDrive/ucf_experiments/ciclo_experimental_1/data/data_crop/train/asdasda_107-54f0f78d89_1_flip_lr_crop.mp4,1
3380,/content/drive/MyDrive/ucf_experiments/ciclo_experimental_1/data/data_blur/train/asdasda_108-2887df8000_1_flip_lr_blur.mp4,/content/drive/MyDrive/ucf_experiments/ciclo_experimental_1/data/data_crop/train/asdasda_108-2887df8000_1_flip_lr_crop.mp4,1
3381,/content/drive/MyDrive/ucf_experiments/ciclo_experimental_1/data/data_blur/train/asdasda_109-85897cc069_1_flip_lr_blur.mp4,/content/drive/MyDrive/ucf_experiments/ciclo_experimental_1/data/data_crop/train/asdasda_109-85897cc069_1_flip_lr_crop.mp4,1
3382,/content/drive/MyDrive/ucf_experiments/ciclo_experimental_1/data/data_blur/train/asdasda_110-1177568d10_1_flip_lr_blur.mp4,/content/drive/MyDrive/ucf_experiments/ciclo_experimental_1/data/data_crop/train/asdasda_110-1177568d10_1_flip_lr_crop.mp4,1
3383,/content/drive/MyDrive/ucf_experiments/ciclo_experimental_1/data/data_blur/train/asdasda_111-8fc4e37fc6_1_flip_lr_blur.mp4,/content/drive/MyDrive/ucf_experiments/ciclo_experimental_1/data/data_crop/train/asdasda_111-8fc4e37fc6_1_flip_lr_crop.mp4,1
3384,/content/drive/MyDrive/ucf_experiments/ciclo_experimental_1/data/data_blur/train/asdasda_112-84e6a26b39_1_flip_lr_blur.mp4,/content/drive/MyDrive/ucf_experiments/ciclo_experimental_1/data/data_crop/train/asdasda_112-84e6a26b39_1_flip_lr_crop.mp4,1
3385,/content/drive/MyDrive/ucf_experiments/ciclo_experimental_1/data/data_blur/train/asdasda_113-0f4a31f640_1_flip_lr_blur.mp4,/content/drive/MyDrive/ucf_experiments/ciclo_experimental_1/data/data_crop/train/asdasda_113-0f4a31f640_1_flip_lr_crop.mp4,1
3386,/content/drive/MyDrive/ucf_experiments/ciclo_experimental_1/data/data_blur/train/AsGAgf8U2rk_0-21b47ae958_1_flip_lr_blur.mp4,/content/drive/MyDrive/ucf_experiments/ciclo_experimental_1/data/data_crop/train/AsGAgf8U2rk_0-21b47ae958_1_flip_lr_crop.mp4,1
3387,/content/drive/MyDrive/ucf_experiments/ciclo_experimental_1/data/data_blur/train/b6XfVAZC9Zs_0-559025fcaf_1_flip_lr_blur.mp4,/content/drive/MyDrive/ucf_experiments/ciclo_experimental_1/data/data_crop/train/b6XfVAZC9Zs_0-559025fcaf_1_flip_lr_crop.mp4,1
3388,/content/drive/MyDrive/ucf_experiments/ciclo_experimental_1/data/data_blur/train/b6XfVAZC9Zs_1-bc05fae1d8_1_flip_lr_blur.mp4,/content/drive/MyDrive/ucf_experiments/ciclo_experimental_1/data/data_crop/train/b6XfVAZC9Zs_1-bc05fae1d8_1_flip_lr_crop.mp4,1
3389,/content/drive/MyDrive/ucf_experiments/ciclo_experimental_1/data/data_blur/train/b6XfVAZC9Zs_2-b319b27c48_1_flip_lr_blur.mp4,/content/drive/MyDrive/ucf_experiments/ciclo_experimental_1/data/data_crop/train/b6XfVAZC9Zs_2-b319b27c48_1_flip_lr_crop.mp4,1
3390,/content/drive/MyDrive/ucf_experiments/ciclo_experimental_1/data/data_blur/train/b6XfVAZC9Zs_3-1a2fd9a76d_1_flip_lr_blur.mp4,/content/drive/MyDrive/ucf_experiments/ciclo_experimental_1/data/data_crop/train/b6XfVAZC9Zs_3-1a2fd9a76d_1_flip_lr_crop.mp4,1
3391,/content/drive/MyDrive/ucf_experiments/ciclo_experimental_1/data/data_blur/train/b6XfVAZC9Zs_4-794b25e132_1_flip_lr_blur.mp4,/content/drive/MyDrive/ucf_experiments/ciclo_experimental_1/data/data_crop/train/b6XfVAZC9Zs_4-794b25e132_1_flip_lr_crop.mp4,1
3392,/content/drive/MyDrive/ucf_experiments/ciclo_experimental_1/data/data_blur/train/b6XfVAZC9Zs_6-945b68210a_1_flip_lr_blur.mp4,/content/drive/MyDrive/ucf_experiments/ciclo_experimental_1/data/data_crop/train/b6XfVAZC9Zs_6-945b68210a_1_flip_lr_crop.mp4,1
3393,/content/drive/MyDrive/ucf_experiments/ciclo_experimental_1/data/data_blur/train/b6XfVAZC9Zs_7-42b4fd3bdd_1_flip_lr_blur.mp4,/content/drive/MyDrive/ucf_experiments/ciclo_experimental_1/data/data_crop/train/b6XfVAZC9Zs_7-42b4fd3bdd_1_flip_lr_crop.mp4,1
3394,/content/drive/MyDrive/ucf_experiments/ciclo_experimental_1/data/data_blur/train/BCVBVC_263-11b3e980b7_1_flip_lr_blur.mp4,/content/drive/MyDrive/ucf_experiments/ciclo_experimental_1/data/data_crop/train/BCVBVC_263-11b3e980b7_1_flip_lr_crop.mp4,1
3395,/content/drive/MyDrive/ucf_experiments/ciclo_experimental_1/data/data_blur/train/BCVBVC_264-87bb06de89_1_flip_lr_blur.mp4,/content/drive/MyDrive/ucf_experiments/ciclo_experimental_1/data/data_crop/train/BCVBVC_264-87bb06de89_1_flip_lr_crop.mp4,1
3396,/content/drive/MyDrive/ucf_experiments/ciclo_experimental_1/data/data_blur/train/bd48s5BpoGY_0-46a6cd2fe4_1_flip_lr_blur.mp4,/content/drive/MyDrive/ucf_experiments/ciclo_experimental_1/data/data_crop/train/bd48s5BpoGY_0-46a6cd2fe4_1_flip_lr_crop.mp4,1
3397,/content/drive/MyDrive/ucf_experiments/ciclo_experimental_1/data/data_blur/train/bdZ7ubago6I_0-33624d50dc_1_flip_lr_blur.mp4,/content/drive/MyDrive/ucf_experiments/ciclo_experimental_1/data/data_crop/train/bdZ7ubago6I_0-33624d50dc_1_flip_lr_crop.mp4,1
3398,/content/drive/MyDrive/ucf_experiments/ciclo_experimental_1/data/data_blur/train/bdZ7ubago6I_1-c688542f7d_1_flip_lr_blur.mp4,/content/drive/MyDrive/ucf_experiments/ciclo_experimental_1/data/data_crop/train/bdZ7ubago6I_1-c688542f7d_1_flip_lr_crop.mp4,1
3399,/content/drive/MyDrive/ucf_experiments/ciclo_experimental_1/data/data_blur/train/BpargJW29Wo_0-d2c47b1ab5_1_flip_lr_blur.mp4,/content/drive/MyDrive/ucf_experiments/ciclo_experimental_1/data/data_crop/train/BpargJW29Wo_0-d2c47b1ab5_1_flip_lr_crop.mp4,1
3400,/content/drive/MyDrive/ucf_experiments/ciclo_experimental_1/data/data_blur/train/BpargJW29Wo_1-e71b9b2381_1_flip_lr_blur.mp4,/content/drive/MyDrive/ucf_experiments/ciclo_experimental_1/data/data_crop/train/BpargJW29Wo_1-e71b9b2381_1_flip_lr_crop.mp4,1
3401,/content/drive/MyDrive/ucf_experiments/ciclo_experimental_1/data/data_blur/train/BpargJW29Wo_2-f6fc781eea_1_flip_lr_blur.mp4,/content/drive/MyDrive/ucf_experiments/ciclo_experimental_1/data/data_crop/train/BpargJW29Wo_2-f6fc781eea_1_flip_lr_crop.mp4,1
3402,/content/drive/MyDrive/ucf_experiments/ciclo_experimental_1/data/data_blur/train/BpargJW29Wo_3-aca9b3fd69_1_flip_lr_blur.mp4,/content/drive/MyDrive/ucf_experiments/ciclo_experimental_1/data/data_crop/train/BpargJW29Wo_3-aca9b3fd69_1_flip_lr_crop.mp4,1
3403,/content/drive/MyDrive/ucf_experiments/ciclo_experimental_1/data/data_blur/train/BpargJW29Wo_4-49434628f6_1_flip_lr_blur.mp4,/content/drive/MyDrive/ucf_experiments/ciclo_experimental_1/data/data_crop/train/BpargJW29Wo_4-49434628f6_1_flip_lr_crop.mp4,1
3404,/content/drive/MyDrive/ucf_experiments/ciclo_experimental_1/data/data_blur/train/bqZo64e6_0-6b030e04ea_1_flip_lr_blur.mp4,/content/drive/MyDrive/ucf_experiments/ciclo_experimental_1/data/data_crop/train/bqZo64e6_0-6b030e04ea_1_flip_lr_crop.mp4,1
3405,/content/drive/MyDrive/ucf_experiments/ciclo_experimental_1/data/data_blur/train/bqZo64e6_1-b4bf95ead4_1_flip_lr_blur.mp4,/content/drive/MyDrive/ucf_experiments/ciclo_experimental_1/data/data_crop/train/bqZo64e6_1-b4bf95ead4_1_flip_lr_crop.mp4,1
3406,/content/drive/MyDrive/ucf_experiments/ciclo_experimental_1/data/data_blur/train/bqZo64e6_2-81be663cc3_1_flip_lr_blur.mp4,/content/drive/MyDrive/ucf_experiments/ciclo_experimental_1/data/data_crop/train/bqZo64e6_2-81be663cc3_1_flip_lr_crop.mp4,1
3407,/content/drive/MyDrive/ucf_experiments/ciclo_experimental_1/data/data_blur/train/bzw-HKuuQbg_0-910dd3d127_1_flip_lr_blur.mp4,/content/drive/MyDrive/ucf_experiments/ciclo_experimental_1/data/data_crop/train/bzw-HKuuQbg_0-910dd3d127_1_flip_lr_crop.mp4,1
3408,/content/drive/MyDrive/ucf_experiments/ciclo_experimental_1/data/data_blur/train/bzw-HKuuQbg_1-ad88b480dd_1_flip_lr_blur.mp4,/content/drive/MyDrive/ucf_experiments/ciclo_experimental_1/data/data_crop/train/bzw-HKuuQbg_1-ad88b480dd_1_flip_lr_crop.mp4,1
3409,/content/drive/MyDrive/ucf_experiments/ciclo_experimental_1/data/data_blur/train/bzw-HKuuQbg_2-a934ed3cf3_1_flip_lr_blur.mp4,/content/drive/MyDrive/ucf_experiments/ciclo_experimental_1/data/data_crop/train/bzw-HKuuQbg_2-a934ed3cf3_1_flip_lr_crop.mp4,1
3410,/content/drive/MyDrive/ucf_experiments/ciclo_experimental_1/data/data_blur/train/bzw-HKuuQbg_3-3b902a41e3_1_flip_lr_blur.mp4,/content/drive/MyDrive/ucf_experiments/ciclo_experimental_1/data/data_crop/train/bzw-HKuuQbg_3-3b902a41e3_1_flip_lr_crop.mp4,1
3411,/content/drive/MyDrive/ucf_experiments/ciclo_experimental_1/data/data_blur/train/bzw-HKuuQbg_4-4077786e4d_1_flip_lr_blur.mp4,/content/drive/MyDrive/ucf_experiments/ciclo_experimental_1/data/data_crop/train/bzw-HKuuQbg_4-4077786e4d_1_flip_lr_crop.mp4,1
3412,/content/drive/MyDrive/ucf_experiments/ciclo_experimental_1/data/data_blur/train/bzw-HKuuQbg_5-643255ed11_1_flip_lr_blur.mp4,/content/drive/MyDrive/ucf_experiments/ciclo_experimental_1/data/data_crop/train/bzw-HKuuQbg_5-643255ed11_1_flip_lr_crop.mp4,1
3413,/content/drive/MyDrive/ucf_experiments/ciclo_experimental_1/data/data_blur/train/bzw-HKuuQbg_6-f8c8a7bcff_1_flip_lr_blur.mp4,/content/drive/MyDrive/ucf_experiments/ciclo_experimental_1/data/data_crop/train/bzw-HKuuQbg_6-f8c8a7bcff_1_flip_lr_crop.mp4,1
3414,/content/drive/MyDrive/ucf_experiments/ciclo_experimental_1/data/data_blur/train/C4SQF-UZzkA_2-54071816b4_1_flip_lr_blur.mp4,/content/drive/MyDrive/ucf_experiments/ciclo_experimental_1/data/data_crop/train/C4SQF-UZzkA_2-54071816b4_1_flip_lr_crop.mp4,1
3415,/content/drive/MyDrive/ucf_experiments/ciclo_experimental_1/data/data_blur/train/C8wt47cphU8_0-b2a97c8dd7_1_flip_lr_blur.mp4,/content/drive/MyDrive/ucf_experiments/ciclo_experimental_1/data/data_crop/train/C8wt47cphU8_0-b2a97c8dd7_1_flip_lr_crop.mp4,1
3416,/content/drive/MyDrive/ucf_experiments/ciclo_experimental_1/data/data_blur/train/C8wt47cphU8_1-0a96cb6dac_1_flip_lr_blur.mp4,/content/drive/MyDrive/ucf_experiments/ciclo_experimental_1/data/data_crop/train/C8wt47cphU8_1-0a96cb6dac_1_flip_lr_crop.mp4,1
3417,/content/drive/MyDrive/ucf_experiments/ciclo_experimental_1/data/data_blur/train/cAp5A44HRS8_0-0ea5c2fee8_1_flip_lr_blur.mp4,/content/drive/MyDrive/ucf_experiments/ciclo_experimental_1/data/data_crop/train/cAp5A44HRS8_0-0ea5c2fee8_1_flip_lr_crop.mp4,1
3418,/content/drive/MyDrive/ucf_experiments/ciclo_experimental_1/data/data_blur/train/cAp5A44HRS8_1-ef4311021a_1_flip_lr_blur.mp4,/content/drive/MyDrive/ucf_experiments/ciclo_experimental_1/data/data_crop/train/cAp5A44HRS8_1-ef4311021a_1_flip_lr_crop.mp4,1
3419,/content/drive/MyDrive/ucf_experiments/ciclo_experimental_1/data/data_blur/train/CBfRtxkO1bE_0-9a2cd19074_1_flip_lr_blur.mp4,/content/drive/MyDrive/ucf_experiments/ciclo_experimental_1/data/data_crop/train/CBfRtxkO1bE_0-9a2cd19074_1_flip_lr_crop.mp4,1
3420,/content/drive/MyDrive/ucf_experiments/ciclo_experimental_1/data/data_blur/train/CBfRtxkO1bE_1-d0318c0735_1_flip_lr_blur.mp4,/content/drive/MyDrive/ucf_experiments/ciclo_experimental_1/data/data_crop/train/CBfRtxkO1bE_1-d0318c0735_1_flip_lr_crop.mp4,1
3421,/content/drive/MyDrive/ucf_experiments/ciclo_experimental_1/data/data_blur/train/CBfRtxkO1bE_2-13b8603546_1_flip_lr_blur.mp4,/content/drive/MyDrive/ucf_experiments/ciclo_experimental_1/data/data_crop/train/CBfRtxkO1bE_2-13b8603546_1_flip_lr_crop.mp4,1
3422,/content/drive/MyDrive/ucf_experiments/ciclo_experimental_1/data/data_blur/train/CBfRtxkO1bE_3-2184fc965e_1_flip_lr_blur.mp4,/content/drive/MyDrive/ucf_experiments/ciclo_experimental_1/data/data_crop/train/CBfRtxkO1bE_3-2184fc965e_1_flip_lr_crop.mp4,1
3423,/content/drive/MyDrive/ucf_experiments/ciclo_experimental_1/data/data_blur/train/cBNVcBk3rjg_0-8db55409a8_1_flip_lr_blur.mp4,/content/drive/MyDrive/ucf_experiments/ciclo_experimental_1/data/data_crop/train/cBNVcBk3rjg_0-8db55409a8_1_flip_lr_crop.mp4,1
3424,/content/drive/MyDrive/ucf_experiments/ciclo_experimental_1/data/data_blur/train/cBNVcBk3rjg_1-e87226ece0_1_flip_lr_blur.mp4,/content/drive/MyDrive/ucf_experiments/ciclo_experimental_1/data/data_crop/train/cBNVcBk3rjg_1-e87226ece0_1_flip_lr_crop.mp4,1
3425,/content/drive/MyDrive/ucf_experiments/ciclo_experimental_1/data/data_blur/train/cBNVcBk3rjg_2-47a9f26010_1_flip_lr_blur.mp4,/content/drive/MyDrive/ucf_experiments/ciclo_experimental_1/data/data_crop/train/cBNVcBk3rjg_2-47a9f26010_1_flip_lr_crop.mp4,1
3426,/content/drive/MyDrive/ucf_experiments/ciclo_experimental_1/data/data_blur/train/cBNVcBk3rjg_3-bb7a37c671_1_flip_lr_blur.mp4,/content/drive/MyDrive/ucf_experiments/ciclo_experimental_1/data/data_crop/train/cBNVcBk3rjg_3-bb7a37c671_1_flip_lr_crop.mp4,1
3427,/content/drive/MyDrive/ucf_experiments/ciclo_experimental_1/data/data_blur/train/cBNVcBk3rjg_4-b5393c1a00_1_flip_lr_blur.mp4,/content/drive/MyDrive/ucf_experiments/ciclo_experimental_1/data/data_crop/train/cBNVcBk3rjg_4-b5393c1a00_1_flip_lr_crop.mp4,1
3428,/content/drive/MyDrive/ucf_experiments/ciclo_experimental_1/data/data_blur/train/Cce4ogHp_0-d55511b9b5_1_flip_lr_blur.mp4,/content/drive/MyDrive/ucf_experiments/ciclo_experimental_1/data/data_crop/train/Cce4ogHp_0-d55511b9b5_1_flip_lr_crop.mp4,1
3429,/content/drive/MyDrive/ucf_experiments/ciclo_experimental_1/data/data_blur/train/Cce4ogHp_1-22dc64ae33_1_flip_lr_blur.mp4,/content/drive/MyDrive/ucf_experiments/ciclo_experimental_1/data/data_crop/train/Cce4ogHp_1-22dc64ae33_1_flip_lr_crop.mp4,1
3430,/content/drive/MyDrive/ucf_experiments/ciclo_experimental_1/data/data_blur/train/cJvLTWGs-SE_0-f9ea3e0209_1_flip_lr_blur.mp4,/content/drive/MyDrive/ucf_experiments/ciclo_experimental_1/data/data_crop/train/cJvLTWGs-SE_0-f9ea3e0209_1_flip_lr_crop.mp4,1
3431,/content/drive/MyDrive/ucf_experiments/ciclo_experimental_1/data/data_blur/train/cJvLTWGs-SE_1-9b3eeb30a5_1_flip_lr_blur.mp4,/content/drive/MyDrive/ucf_experiments/ciclo_experimental_1/data/data_crop/train/cJvLTWGs-SE_1-9b3eeb30a5_1_flip_lr_crop.mp4,1
3432,/content/drive/MyDrive/ucf_experiments/ciclo_experimental_1/data/data_blur/train/CqJB8ZWLZ-o_0-ae45c272e4_1_flip_lr_blur.mp4,/content/drive/MyDrive/ucf_experiments/ciclo_experimental_1/data/data_crop/train/CqJB8ZWLZ-o_0-ae45c272e4_1_flip_lr_crop.mp4,1
3433,/content/drive/MyDrive/ucf_experiments/ciclo_experimental_1/data/data_blur/train/CqJB8ZWLZ-o_1-1b254187a2_1_flip_lr_blur.mp4,/content/drive/MyDrive/ucf_experiments/ciclo_experimental_1/data/data_crop/train/CqJB8ZWLZ-o_1-1b254187a2_1_flip_lr_crop.mp4,1
3434,/content/drive/MyDrive/ucf_experiments/ciclo_experimental_1/data/data_blur/train/cWJ92fkhME4_0-28b6666b9e_1_flip_lr_blur.mp4,/content/drive/MyDrive/ucf_experiments/ciclo_experimental_1/data/data_crop/train/cWJ92fkhME4_0-28b6666b9e_1_flip_lr_crop.mp4,1
3435,/content/drive/MyDrive/ucf_experiments/ciclo_experimental_1/data/data_blur/train/cy1gi3ZJb_c_1-9897ba4633_1_flip_lr_blur.mp4,/content/drive/MyDrive/ucf_experiments/ciclo_experimental_1/data/data_crop/train/cy1gi3ZJb_c_1-9897ba4633_1_flip_lr_crop.mp4,1
3436,/content/drive/MyDrive/ucf_experiments/ciclo_experimental_1/data/data_blur/train/cy1gi3ZJb_c_2-ac2f7d1906_1_flip_lr_blur.mp4,/content/drive/MyDrive/ucf_experiments/ciclo_experimental_1/data/data_crop/train/cy1gi3ZJb_c_2-ac2f7d1906_1_flip_lr_crop.mp4,1
3437,/content/drive/MyDrive/ucf_experiments/ciclo_experimental_1/data/data_blur/train/cy1gi3ZJb_c_3-f09eabc3e0_1_flip_lr_blur.mp4,/content/drive/MyDrive/ucf_experiments/ciclo_experimental_1/data/data_crop/train/cy1gi3ZJb_c_3-f09eabc3e0_1_flip_lr_crop.mp4,1
3438,/content/drive/MyDrive/ucf_experiments/ciclo_experimental_1/data/data_blur/train/cy1gi3ZJb_c_4-0e2d41dfb7_1_flip_lr_blur.mp4,/content/drive/MyDrive/ucf_experiments/ciclo_experimental_1/data/data_crop/train/cy1gi3ZJb_c_4-0e2d41dfb7_1_flip_lr_crop.mp4,1
3439,/content/drive/MyDrive/ucf_experiments/ciclo_experimental_1/data/data_blur/train/cy1gi3ZJb_c_5-a7817af707_1_flip_lr_blur.mp4,/content/drive/MyDrive/ucf_experiments/ciclo_experimental_1/data/data_crop/train/cy1gi3ZJb_c_5-a7817af707_1_flip_lr_crop.mp4,1
3440,/content/drive/MyDrive/ucf_experiments/ciclo_experimental_1/data/data_blur/train/cy1gi3ZJb_c_6-432e76e6af_1_flip_lr_blur.mp4,/content/drive/MyDrive/ucf_experiments/ciclo_experimental_1/data/data_crop/train/cy1gi3ZJb_c_6-432e76e6af_1_flip_lr_crop.mp4,1
3441,/content/drive/MyDrive/ucf_experiments/ciclo_experimental_1/data/data_blur/train/dBkszzm-7mw_0-37559376ca_1_flip_lr_blur.mp4,/content/drive/MyDrive/ucf_experiments/ciclo_experimental_1/data/data_crop/train/dBkszzm-7mw_0-37559376ca_1_flip_lr_crop.mp4,1
3442,/content/drive/MyDrive/ucf_experiments/ciclo_experimental_1/data/data_blur/train/DC10fyQgNqo_0-6f5b809066_1_flip_lr_blur.mp4,/content/drive/MyDrive/ucf_experiments/ciclo_experimental_1/data/data_crop/train/DC10fyQgNqo_0-6f5b809066_1_flip_lr_crop.mp4,1
3443,/content/drive/MyDrive/ucf_experiments/ciclo_experimental_1/data/data_blur/train/DC10fyQgNqo_1-216b7a4841_1_flip_lr_blur.mp4,/content/drive/MyDrive/ucf_experiments/ciclo_experimental_1/data/data_crop/train/DC10fyQgNqo_1-216b7a4841_1_flip_lr_crop.mp4,1
3444,/content/drive/MyDrive/ucf_experiments/ciclo_experimental_1/data/data_blur/train/DC10fyQgNqo_2-3cab7e4bb6_1_flip_lr_blur.mp4,/content/drive/MyDrive/ucf_experiments/ciclo_experimental_1/data/data_crop/train/DC10fyQgNqo_2-3cab7e4bb6_1_flip_lr_crop.mp4,1
3445,/content/drive/MyDrive/ucf_experiments/ciclo_experimental_1/data/data_blur/train/DC10fyQgNqo_3-315015897a_1_flip_lr_blur.mp4,/content/drive/MyDrive/ucf_experiments/ciclo_experimental_1/data/data_crop/train/DC10fyQgNqo_3-315015897a_1_flip_lr_crop.mp4,1
3446,/content/drive/MyDrive/ucf_experiments/ciclo_experimental_1/data/data_blur/train/dfsafsghg_325-bb1236346c_1_flip_lr_blur.mp4,/content/drive/MyDrive/ucf_experiments/ciclo_experimental_1/data/data_crop/train/dfsafsghg_325-bb1236346c_1_flip_lr_crop.mp4,1
3447,/content/drive/MyDrive/ucf_experiments/ciclo_experimental_1/data/data_blur/train/dfsafsghg_326-c0e049e868_1_flip_lr_blur.mp4,/content/drive/MyDrive/ucf_experiments/ciclo_experimental_1/data/data_crop/train/dfsafsghg_326-c0e049e868_1_flip_lr_crop.mp4,1
3448,/content/drive/MyDrive/ucf_experiments/ciclo_experimental_1/data/data_blur/train/dfsafsghg_327-96e197417c_1_flip_lr_blur.mp4,/content/drive/MyDrive/ucf_experiments/ciclo_experimental_1/data/data_crop/train/dfsafsghg_327-96e197417c_1_flip_lr_crop.mp4,1
3449,/content/drive/MyDrive/ucf_experiments/ciclo_experimental_1/data/data_blur/train/dHEI4OkhC64_0-1d99a5fb3d_1_flip_lr_blur.mp4,/content/drive/MyDrive/ucf_experiments/ciclo_experimental_1/data/data_crop/train/dHEI4OkhC64_0-1d99a5fb3d_1_flip_lr_crop.mp4,1
3450,/content/drive/MyDrive/ucf_experiments/ciclo_experimental_1/data/data_blur/train/DHhyNrXr_0-4859612fce_1_flip_lr_blur.mp4,/content/drive/MyDrive/ucf_experiments/ciclo_experimental_1/data/data_crop/train/DHhyNrXr_0-4859612fce_1_flip_lr_crop.mp4,1
3451,/content/drive/MyDrive/ucf_experiments/ciclo_experimental_1/data/data_blur/train/DHhyNrXr_1-8f80556a05_1_flip_lr_blur.mp4,/content/drive/MyDrive/ucf_experiments/ciclo_experimental_1/data/data_crop/train/DHhyNrXr_1-8f80556a05_1_flip_lr_crop.mp4,1
3452,/content/drive/MyDrive/ucf_experiments/ciclo_experimental_1/data/data_blur/train/DHhyNrXr_2-2b75e93f6b_1_flip_lr_blur.mp4,/content/drive/MyDrive/ucf_experiments/ciclo_experimental_1/data/data_crop/train/DHhyNrXr_2-2b75e93f6b_1_flip_lr_crop.mp4,1
3453,/content/drive/MyDrive/ucf_experiments/ciclo_experimental_1/data/data_blur/train/DHhyNrXr_5-5764febd35_1_flip_lr_blur.mp4,/content/drive/MyDrive/ucf_experiments/ciclo_experimental_1/data/data_crop/train/DHhyNrXr_5-5764febd35_1_flip_lr_crop.mp4,1
3454,/content/drive/MyDrive/ucf_experiments/ciclo_experimental_1/data/data_blur/train/DIsQwAdR8MI_0-9ab55001c7_1_flip_lr_blur.mp4,/content/drive/MyDrive/ucf_experiments/ciclo_experimental_1/data/data_crop/train/DIsQwAdR8MI_0-9ab55001c7_1_flip_lr_crop.mp4,1
3455,/content/drive/MyDrive/ucf_experiments/ciclo_experimental_1/data/data_blur/train/dKqbUbuRxB4_0-132a1ee691_1_flip_lr_blur.mp4,/content/drive/MyDrive/ucf_experiments/ciclo_experimental_1/data/data_crop/train/dKqbUbuRxB4_0-132a1ee691_1_flip_lr_crop.mp4,1
3456,/content/drive/MyDrive/ucf_experiments/ciclo_experimental_1/data/data_blur/train/dOM7frJMFbc_0-2ed2213e5e_1_flip_lr_blur.mp4,/content/drive/MyDrive/ucf_experiments/ciclo_experimental_1/data/data_crop/train/dOM7frJMFbc_0-2ed2213e5e_1_flip_lr_crop.mp4,1
3457,/content/drive/MyDrive/ucf_experiments/ciclo_experimental_1/data/data_blur/train/dOM7frJMFbc_1-a06d1c4814_1_flip_lr_blur.mp4,/content/drive/MyDrive/ucf_experiments/ciclo_experimental_1/data/data_crop/train/dOM7frJMFbc_1-a06d1c4814_1_flip_lr_crop.mp4,1
3458,/content/drive/MyDrive/ucf_experiments/ciclo_experimental_1/data/data_blur/train/dOM7frJMFbc_2-cd43ab187d_1_flip_lr_blur.mp4,/content/drive/MyDrive/ucf_experiments/ciclo_experimental_1/data/data_crop/train/dOM7frJMFbc_2-cd43ab187d_1_flip_lr_crop.mp4,1
3459,/content/drive/MyDrive/ucf_experiments/ciclo_experimental_1/data/data_blur/train/dP20avzQAf8_0-26f2d465dc_1_flip_lr_blur.mp4,/content/drive/MyDrive/ucf_experiments/ciclo_experimental_1/data/data_crop/train/dP20avzQAf8_0-26f2d465dc_1_flip_lr_crop.mp4,1
3460,/content/drive/MyDrive/ucf_experiments/ciclo_experimental_1/data/data_blur/train/dP20avzQAf8_1-278445b6b8_1_flip_lr_blur.mp4,/content/drive/MyDrive/ucf_experiments/ciclo_experimental_1/data/data_crop/train/dP20avzQAf8_1-278445b6b8_1_flip_lr_crop.mp4,1
3461,/content/drive/MyDrive/ucf_experiments/ciclo_experimental_1/data/data_blur/train/dt8YUGoOSgQ_0-748b006b12_1_flip_lr_blur.mp4,/content/drive/MyDrive/ucf_experiments/ciclo_experimental_1/data/data_crop/train/dt8YUGoOSgQ_0-748b006b12_1_flip_lr_crop.mp4,1
3462,/content/drive/MyDrive/ucf_experiments/ciclo_experimental_1/data/data_blur/train/dt8YUGoOSgQ_1-7b69959c57_1_flip_lr_blur.mp4,/content/drive/MyDrive/ucf_experiments/ciclo_experimental_1/data/data_crop/train/dt8YUGoOSgQ_1-7b69959c57_1_flip_lr_crop.mp4,1
3463,/content/drive/MyDrive/ucf_experiments/ciclo_experimental_1/data/data_blur/train/DTq6Gu30-uA_0-f57c91202e_1_flip_lr_blur.mp4,/content/drive/MyDrive/ucf_experiments/ciclo_experimental_1/data/data_crop/train/DTq6Gu30-uA_0-f57c91202e_1_flip_lr_crop.mp4,1
3464,/content/drive/MyDrive/ucf_experiments/ciclo_experimental_1/data/data_blur/train/DTq6Gu30-uA_1-c4df15495c_1_flip_lr_blur.mp4,/content/drive/MyDrive/ucf_experiments/ciclo_experimental_1/data/data_crop/train/DTq6Gu30-uA_1-c4df15495c_1_flip_lr_crop.mp4,1
3465,/content/drive/MyDrive/ucf_experiments/ciclo_experimental_1/data/data_blur/train/DTq6Gu30-uA_2-76207c51b8_1_flip_lr_blur.mp4,/content/drive/MyDrive/ucf_experiments/ciclo_experimental_1/data/data_crop/train/DTq6Gu30-uA_2-76207c51b8_1_flip_lr_crop.mp4,1
3466,/content/drive/MyDrive/ucf_experiments/ciclo_experimental_1/data/data_blur/train/DTq6Gu30-uA_3-6677d65983_1_flip_lr_blur.mp4,/content/drive/MyDrive/ucf_experiments/ciclo_experimental_1/data/data_crop/train/DTq6Gu30-uA_3-6677d65983_1_flip_lr_crop.mp4,1
3467,/content/drive/MyDrive/ucf_experiments/ciclo_experimental_1/data/data_blur/train/DTq6Gu30-uA_4-41010aeb38_1_flip_lr_blur.mp4,/content/drive/MyDrive/ucf_experiments/ciclo_experimental_1/data/data_crop/train/DTq6Gu30-uA_4-41010aeb38_1_flip_lr_crop.mp4,1
3468,/content/drive/MyDrive/ucf_experiments/ciclo_experimental_1/data/data_blur/train/DTq6Gu30-uA_5-8b18de4d42_1_flip_lr_blur.mp4,/content/drive/MyDrive/ucf_experiments/ciclo_experimental_1/data/data_crop/train/DTq6Gu30-uA_5-8b18de4d42_1_flip_lr_crop.mp4,1
3469,/content/drive/MyDrive/ucf_experiments/ciclo_experimental_1/data/data_blur/train/DTq6Gu30-uA_6-76626878b1_1_flip_lr_blur.mp4,/content/drive/MyDrive/ucf_experiments/ciclo_experimental_1/data/data_crop/train/DTq6Gu30-uA_6-76626878b1_1_flip_lr_crop.mp4,1
3470,/content/drive/MyDrive/ucf_experiments/ciclo_experimental_1/data/data_blur/train/dxzvtJ4gPC0_0-1865f0bf27_1_flip_lr_blur.mp4,/content/drive/MyDrive/ucf_experiments/ciclo_experimental_1/data/data_crop/train/dxzvtJ4gPC0_0-1865f0bf27_1_flip_lr_crop.mp4,1
3471,/content/drive/MyDrive/ucf_experiments/ciclo_experimental_1/data/data_blur/train/dxzvtJ4gPC0_1-bff1c93112_1_flip_lr_blur.mp4,/content/drive/MyDrive/ucf_experiments/ciclo_experimental_1/data/data_crop/train/dxzvtJ4gPC0_1-bff1c93112_1_flip_lr_crop.mp4,1
3472,/content/drive/MyDrive/ucf_experiments/ciclo_experimental_1/data/data_blur/train/E0Huf4Qi0JE_0-6e95a36bcb_1_flip_lr_blur.mp4,/content/drive/MyDrive/ucf_experiments/ciclo_experimental_1/data/data_crop/train/E0Huf4Qi0JE_0-6e95a36bcb_1_flip_lr_crop.mp4,1
3473,/content/drive/MyDrive/ucf_experiments/ciclo_experimental_1/data/data_blur/train/E0Huf4Qi0JE_1-115251a835_1_flip_lr_blur.mp4,/content/drive/MyDrive/ucf_experiments/ciclo_experimental_1/data/data_crop/train/E0Huf4Qi0JE_1-115251a835_1_flip_lr_crop.mp4,1
3474,/content/drive/MyDrive/ucf_experiments/ciclo_experimental_1/data/data_blur/train/E2gqgFNyPL8_0-01f180d730_1_flip_lr_blur.mp4,/content/drive/MyDrive/ucf_experiments/ciclo_experimental_1/data/data_crop/train/E2gqgFNyPL8_0-01f180d730_1_flip_lr_crop.mp4,1
3475,/content/drive/MyDrive/ucf_experiments/ciclo_experimental_1/data/data_blur/train/e4U3gEDEB58_0-2c04ed11c0_1_flip_lr_blur.mp4,/content/drive/MyDrive/ucf_experiments/ciclo_experimental_1/data/data_crop/train/e4U3gEDEB58_0-2c04ed11c0_1_flip_lr_crop.mp4,1
3476,/content/drive/MyDrive/ucf_experiments/ciclo_experimental_1/data/data_blur/train/ECoMcgjR_0-04d808f0b1_1_flip_lr_blur.mp4,/content/drive/MyDrive/ucf_experiments/ciclo_experimental_1/data/data_crop/train/ECoMcgjR_0-04d808f0b1_1_flip_lr_crop.mp4,1
3477,/content/drive/MyDrive/ucf_experiments/ciclo_experimental_1/data/data_blur/train/eifiXLWYul8_0-4eb5f7ff6c_1_flip_lr_blur.mp4,/content/drive/MyDrive/ucf_experiments/ciclo_experimental_1/data/data_crop/train/eifiXLWYul8_0-4eb5f7ff6c_1_flip_lr_crop.mp4,1
3478,/content/drive/MyDrive/ucf_experiments/ciclo_experimental_1/data/data_blur/train/Ek0jcAoCRw8_0-2a599f037f_1_flip_lr_blur.mp4,/content/drive/MyDrive/ucf_experiments/ciclo_experimental_1/data/data_crop/train/Ek0jcAoCRw8_0-2a599f037f_1_flip_lr_crop.mp4,1
3479,/content/drive/MyDrive/ucf_experiments/ciclo_experimental_1/data/data_blur/train/Er-sOPbvRVI_0-fbed3e831e_1_flip_lr_blur.mp4,/content/drive/MyDrive/ucf_experiments/ciclo_experimental_1/data/data_crop/train/Er-sOPbvRVI_0-fbed3e831e_1_flip_lr_crop.mp4,1
3480,/content/drive/MyDrive/ucf_experiments/ciclo_experimental_1/data/data_blur/train/erwyrhd_337-202b770b83_1_flip_lr_blur.mp4,/content/drive/MyDrive/ucf_experiments/ciclo_experimental_1/data/data_crop/train/erwyrhd_337-202b770b83_1_flip_lr_crop.mp4,1
3481,/content/drive/MyDrive/ucf_experiments/ciclo_experimental_1/data/data_blur/train/erwyrhd_338-ef754bcf07_1_flip_lr_blur.mp4,/content/drive/MyDrive/ucf_experiments/ciclo_experimental_1/data/data_crop/train/erwyrhd_338-ef754bcf07_1_flip_lr_crop.mp4,1
3482,/content/drive/MyDrive/ucf_experiments/ciclo_experimental_1/data/data_blur/train/erwyrhd_339-cd3dd862c2_1_flip_lr_blur.mp4,/content/drive/MyDrive/ucf_experiments/ciclo_experimental_1/data/data_crop/train/erwyrhd_339-cd3dd862c2_1_flip_lr_crop.mp4,1
3483,/content/drive/MyDrive/ucf_experiments/ciclo_experimental_1/data/data_blur/train/erwyrhd_340-823bf9a3c1_1_flip_lr_blur.mp4,/content/drive/MyDrive/ucf_experiments/ciclo_experimental_1/data/data_crop/train/erwyrhd_340-823bf9a3c1_1_flip_lr_crop.mp4,1
3484,/content/drive/MyDrive/ucf_experiments/ciclo_experimental_1/data/data_blur/train/EtRfZ2KP_0-91d10868d2_1_flip_lr_blur.mp4,/content/drive/MyDrive/ucf_experiments/ciclo_experimental_1/data/data_crop/train/EtRfZ2KP_0-91d10868d2_1_flip_lr_crop.mp4,1
3485,/content/drive/MyDrive/ucf_experiments/ciclo_experimental_1/data/data_blur/train/EtRfZ2KP_2-88f8891a99_1_flip_lr_blur.mp4,/content/drive/MyDrive/ucf_experiments/ciclo_experimental_1/data/data_crop/train/EtRfZ2KP_2-88f8891a99_1_flip_lr_crop.mp4,1
3486,/content/drive/MyDrive/ucf_experiments/ciclo_experimental_1/data/data_blur/train/EtRfZ2KP_3-3c89e4f2a3_1_flip_lr_blur.mp4,/content/drive/MyDrive/ucf_experiments/ciclo_experimental_1/data/data_crop/train/EtRfZ2KP_3-3c89e4f2a3_1_flip_lr_crop.mp4,1
3487,/content/drive/MyDrive/ucf_experiments/ciclo_experimental_1/data/data_blur/train/EtRfZ2KP_4-da5c51c073_1_flip_lr_blur.mp4,/content/drive/MyDrive/ucf_experiments/ciclo_experimental_1/data/data_crop/train/EtRfZ2KP_4-da5c51c073_1_flip_lr_crop.mp4,1
3488,/content/drive/MyDrive/ucf_experiments/ciclo_experimental_1/data/data_blur/train/f50PQz7mXds_0-8116107698_1_flip_lr_blur.mp4,/content/drive/MyDrive/ucf_experiments/ciclo_experimental_1/data/data_crop/train/f50PQz7mXds_0-8116107698_1_flip_lr_crop.mp4,1
3489,/content/drive/MyDrive/ucf_experiments/ciclo_experimental_1/data/data_blur/train/f50PQz7mXds_1-ccf134ae7f_1_flip_lr_blur.mp4,/content/drive/MyDrive/ucf_experiments/ciclo_experimental_1/data/data_crop/train/f50PQz7mXds_1-ccf134ae7f_1_flip_lr_crop.mp4,1
3490,/content/drive/MyDrive/ucf_experiments/ciclo_experimental_1/data/data_blur/train/F7W6PQ3V3y8_0-646785b6f0_1_flip_lr_blur.mp4,/content/drive/MyDrive/ucf_experiments/ciclo_experimental_1/data/data_crop/train/F7W6PQ3V3y8_0-646785b6f0_1_flip_lr_crop.mp4,1
3491,/content/drive/MyDrive/ucf_experiments/ciclo_experimental_1/data/data_blur/train/F7W6PQ3V3y8_1-61fba62aea_1_flip_lr_blur.mp4,/content/drive/MyDrive/ucf_experiments/ciclo_experimental_1/data/data_crop/train/F7W6PQ3V3y8_1-61fba62aea_1_flip_lr_crop.mp4,1
3492,/content/drive/MyDrive/ucf_experiments/ciclo_experimental_1/data/data_blur/train/F7W6PQ3V3y8_10-7642a4e1b4_1_flip_lr_blur.mp4,/content/drive/MyDrive/ucf_experiments/ciclo_experimental_1/data/data_crop/train/F7W6PQ3V3y8_10-7642a4e1b4_1_flip_lr_crop.mp4,1
3493,/content/drive/MyDrive/ucf_experiments/ciclo_experimental_1/data/data_blur/train/F7W6PQ3V3y8_11-bf08df99a4_1_flip_lr_blur.mp4,/content/drive/MyDrive/ucf_experiments/ciclo_experimental_1/data/data_crop/train/F7W6PQ3V3y8_11-bf08df99a4_1_flip_lr_crop.mp4,1
3494,/content/drive/MyDrive/ucf_experiments/ciclo_experimental_1/data/data_blur/train/F7W6PQ3V3y8_2-339568c911_1_flip_lr_blur.mp4,/content/drive/MyDrive/ucf_experiments/ciclo_experimental_1/data/data_crop/train/F7W6PQ3V3y8_2-339568c911_1_flip_lr_crop.mp4,1
3495,/content/drive/MyDrive/ucf_experiments/ciclo_experimental_1/data/data_blur/train/F7W6PQ3V3y8_3-4725b12e7c_1_flip_lr_blur.mp4,/content/drive/MyDrive/ucf_experiments/ciclo_experimental_1/data/data_crop/train/F7W6PQ3V3y8_3-4725b12e7c_1_flip_lr_crop.mp4,1
3496,/content/drive/MyDrive/ucf_experiments/ciclo_experimental_1/data/data_blur/train/F7W6PQ3V3y8_4-9f72e26af5_1_flip_lr_blur.mp4,/content/drive/MyDrive/ucf_experiments/ciclo_experimental_1/data/data_crop/train/F7W6PQ3V3y8_4-9f72e26af5_1_flip_lr_crop.mp4,1
3497,/content/drive/MyDrive/ucf_experiments/ciclo_experimental_1/data/data_blur/train/F7W6PQ3V3y8_5-792505f59d_1_flip_lr_blur.mp4,/content/drive/MyDrive/ucf_experiments/ciclo_experimental_1/data/data_crop/train/F7W6PQ3V3y8_5-792505f59d_1_flip_lr_crop.mp4,1
3498,/content/drive/MyDrive/ucf_experiments/ciclo_experimental_1/data/data_blur/train/F7W6PQ3V3y8_6-f3954c86b0_1_flip_lr_blur.mp4,/content/drive/MyDrive/ucf_experiments/ciclo_experimental_1/data/data_crop/train/F7W6PQ3V3y8_6-f3954c86b0_1_flip_lr_crop.mp4,1
3499,/content/drive/MyDrive/ucf_experiments/ciclo_experimental_1/data/data_blur/train/F7W6PQ3V3y8_7-2291e62ac1_1_flip_lr_blur.mp4,/content/drive/MyDrive/ucf_experiments/ciclo_experimental_1/data/data_crop/train/F7W6PQ3V3y8_7-2291e62ac1_1_flip_lr_crop.mp4,1
3500,/content/drive/MyDrive/ucf_experiments/ciclo_experimental_1/data/data_blur/train/F7W6PQ3V3y8_8-625bb1281e_1_flip_lr_blur.mp4,/content/drive/MyDrive/ucf_experiments/ciclo_experimental_1/data/data_crop/train/F7W6PQ3V3y8_8-625bb1281e_1_flip_lr_crop.mp4,1
3501,/content/drive/MyDrive/ucf_experiments/ciclo_experimental_1/data/data_blur/train/F7W6PQ3V3y8_9-441760141a_1_flip_lr_blur.mp4,/content/drive/MyDrive/ucf_experiments/ciclo_experimental_1/data/data_crop/train/F7W6PQ3V3y8_9-441760141a_1_flip_lr_crop.mp4,1
3502,/content/drive/MyDrive/ucf_experiments/ciclo_experimental_1/data/data_blur/train/Fc45rUKM_0-e56c8c8c94_1_flip_lr_blur.mp4,/content/drive/MyDrive/ucf_experiments/ciclo_experimental_1/data/data_crop/train/Fc45rUKM_0-e56c8c8c94_1_flip_lr_crop.mp4,1
3503,/content/drive/MyDrive/ucf_experiments/ciclo_experimental_1/data/data_blur/train/Fc45rUKM_1-9e6da7c2a2_1_flip_lr_blur.mp4,/content/drive/MyDrive/ucf_experiments/ciclo_experimental_1/data/data_crop/train/Fc45rUKM_1-9e6da7c2a2_1_flip_lr_crop.mp4,1
3504,/content/drive/MyDrive/ucf_experiments/ciclo_experimental_1/data/data_blur/train/Fc45rUKM_2-f6eca23cf3_1_flip_lr_blur.mp4,/content/drive/MyDrive/ucf_experiments/ciclo_experimental_1/data/data_crop/train/Fc45rUKM_2-f6eca23cf3_1_flip_lr_crop.mp4,1
3505,/content/drive/MyDrive/ucf_experiments/ciclo_experimental_1/data/data_blur/train/Fc45rUKM_3-f3856da6b2_1_flip_lr_blur.mp4,/content/drive/MyDrive/ucf_experiments/ciclo_experimental_1/data/data_crop/train/Fc45rUKM_3-f3856da6b2_1_flip_lr_crop.mp4,1
3506,/content/drive/MyDrive/ucf_experiments/ciclo_experimental_1/data/data_blur/train/Fc45rUKM_4-da0caa32e3_1_flip_lr_blur.mp4,/content/drive/MyDrive/ucf_experiments/ciclo_experimental_1/data/data_crop/train/Fc45rUKM_4-da0caa32e3_1_flip_lr_crop.mp4,1
3507,/content/drive/MyDrive/ucf_experiments/ciclo_experimental_1/data/data_blur/train/Fc45rUKM_5-415c5d4548_1_flip_lr_blur.mp4,/content/drive/MyDrive/ucf_experiments/ciclo_experimental_1/data/data_crop/train/Fc45rUKM_5-415c5d4548_1_flip_lr_crop.mp4,1
3508,/content/drive/MyDrive/ucf_experiments/ciclo_experimental_1/data/data_blur/train/Fc45rUKM_6-74c3876bb4_1_flip_lr_blur.mp4,/content/drive/MyDrive/ucf_experiments/ciclo_experimental_1/data/data_crop/train/Fc45rUKM_6-74c3876bb4_1_flip_lr_crop.mp4,1
3509,/content/drive/MyDrive/ucf_experiments/ciclo_experimental_1/data/data_blur/train/fK7CSrQ6OpM_1-e3a5c5e23a_1_flip_lr_blur.mp4,/content/drive/MyDrive/ucf_experiments/ciclo_experimental_1/data/data_crop/train/fK7CSrQ6OpM_1-e3a5c5e23a_1_flip_lr_crop.mp4,1
3510,/content/drive/MyDrive/ucf_experiments/ciclo_experimental_1/data/data_blur/train/fK7CSrQ6OpM_2-ac01471a5d_1_flip_lr_blur.mp4,/content/drive/MyDrive/ucf_experiments/ciclo_experimental_1/data/data_crop/train/fK7CSrQ6OpM_2-ac01471a5d_1_flip_lr_crop.mp4,1
3511,/content/drive/MyDrive/ucf_experiments/ciclo_experimental_1/data/data_blur/train/fK7CSrQ6OpM_4-650109b8df_1_flip_lr_blur.mp4,/content/drive/MyDrive/ucf_experiments/ciclo_experimental_1/data/data_crop/train/fK7CSrQ6OpM_4-650109b8df_1_flip_lr_crop.mp4,1
3512,/content/drive/MyDrive/ucf_experiments/ciclo_experimental_1/data/data_blur/train/fRYqXRRcqCs_0-73130078c6_1_flip_lr_blur.mp4,/content/drive/MyDrive/ucf_experiments/ciclo_experimental_1/data/data_crop/train/fRYqXRRcqCs_0-73130078c6_1_flip_lr_crop.mp4,1
3513,/content/drive/MyDrive/ucf_experiments/ciclo_experimental_1/data/data_blur/train/FSaZ8wiFw8Q_0-cf1ae932a9_1_flip_lr_blur.mp4,/content/drive/MyDrive/ucf_experiments/ciclo_experimental_1/data/data_crop/train/FSaZ8wiFw8Q_0-cf1ae932a9_1_flip_lr_crop.mp4,1
3514,/content/drive/MyDrive/ucf_experiments/ciclo_experimental_1/data/data_blur/train/fSE4L50n_0-b26b778e9e_1_flip_lr_blur.mp4,/content/drive/MyDrive/ucf_experiments/ciclo_experimental_1/data/data_crop/train/fSE4L50n_0-b26b778e9e_1_flip_lr_crop.mp4,1
3515,/content/drive/MyDrive/ucf_experiments/ciclo_experimental_1/data/data_blur/train/fsVC-FnnklU_0-1460bf53a9_1_flip_lr_blur.mp4,/content/drive/MyDrive/ucf_experiments/ciclo_experimental_1/data/data_crop/train/fsVC-FnnklU_0-1460bf53a9_1_flip_lr_crop.mp4,1
3516,/content/drive/MyDrive/ucf_experiments/ciclo_experimental_1/data/data_blur/train/fsVC-FnnklU_1-abfc3fcaa4_1_flip_lr_blur.mp4,/content/drive/MyDrive/ucf_experiments/ciclo_experimental_1/data/data_crop/train/fsVC-FnnklU_1-abfc3fcaa4_1_flip_lr_crop.mp4,1
3517,/content/drive/MyDrive/ucf_experiments/ciclo_experimental_1/data/data_blur/train/fwEk96k8g_I_0-cd45b82d5e_1_flip_lr_blur.mp4,/content/drive/MyDrive/ucf_experiments/ciclo_experimental_1/data/data_crop/train/fwEk96k8g_I_0-cd45b82d5e_1_flip_lr_crop.mp4,1
3518,/content/drive/MyDrive/ucf_experiments/ciclo_experimental_1/data/data_blur/train/fwEk96k8g_I_1-f8c7e9fc14_1_flip_lr_blur.mp4,/content/drive/MyDrive/ucf_experiments/ciclo_experimental_1/data/data_crop/train/fwEk96k8g_I_1-f8c7e9fc14_1_flip_lr_crop.mp4,1
3519,/content/drive/MyDrive/ucf_experiments/ciclo_experimental_1/data/data_blur/train/fwEk96k8g_I_2-4a65965885_1_flip_lr_blur.mp4,/content/drive/MyDrive/ucf_experiments/ciclo_experimental_1/data/data_crop/train/fwEk96k8g_I_2-4a65965885_1_flip_lr_crop.mp4,1
3520,/content/drive/MyDrive/ucf_experiments/ciclo_experimental_1/data/data_blur/train/fwEk96k8g_I_3-770f77d6af_1_flip_lr_blur.mp4,/content/drive/MyDrive/ucf_experiments/ciclo_experimental_1/data/data_crop/train/fwEk96k8g_I_3-770f77d6af_1_flip_lr_crop.mp4,1
3521,/content/drive/MyDrive/ucf_experiments/ciclo_experimental_1/data/data_blur/train/FZDDNtcaBcw_0-28d7b85b72_1_flip_lr_blur.mp4,/content/drive/MyDrive/ucf_experiments/ciclo_experimental_1/data/data_crop/train/FZDDNtcaBcw_0-28d7b85b72_1_flip_lr_crop.mp4,1
3522,/content/drive/MyDrive/ucf_experiments/ciclo_experimental_1/data/data_blur/train/FZDDNtcaBcw_1-f7cd9ad9d7_1_flip_lr_blur.mp4,/content/drive/MyDrive/ucf_experiments/ciclo_experimental_1/data/data_crop/train/FZDDNtcaBcw_1-f7cd9ad9d7_1_flip_lr_crop.mp4,1
3523,/content/drive/MyDrive/ucf_experiments/ciclo_experimental_1/data/data_blur/train/FZDDNtcaBcw_2-2134edcd13_1_flip_lr_blur.mp4,/content/drive/MyDrive/ucf_experiments/ciclo_experimental_1/data/data_crop/train/FZDDNtcaBcw_2-2134edcd13_1_flip_lr_crop.mp4,1
3524,/content/drive/MyDrive/ucf_experiments/ciclo_experimental_1/data/data_blur/train/G3E1YP6agWs_0-e6fc98575e_1_flip_lr_blur.mp4,/content/drive/MyDrive/ucf_experiments/ciclo_experimental_1/data/data_crop/train/G3E1YP6agWs_0-e6fc98575e_1_flip_lr_crop.mp4,1
3525,/content/drive/MyDrive/ucf_experiments/ciclo_experimental_1/data/data_blur/train/G3E1YP6agWs_1-35e94e88fe_1_flip_lr_blur.mp4,/content/drive/MyDrive/ucf_experiments/ciclo_experimental_1/data/data_crop/train/G3E1YP6agWs_1-35e94e88fe_1_flip_lr_crop.mp4,1
3526,/content/drive/MyDrive/ucf_experiments/ciclo_experimental_1/data/data_blur/train/GafFu4IZtIA_0-cb351aea42_1_flip_lr_blur.mp4,/content/drive/MyDrive/ucf_experiments/ciclo_experimental_1/data/data_crop/train/GafFu4IZtIA_0-cb351aea42_1_flip_lr_crop.mp4,1
3527,/content/drive/MyDrive/ucf_experiments/ciclo_experimental_1/data/data_blur/train/GafFu4IZtIA_1-f44c44cf00_1_flip_lr_blur.mp4,/content/drive/MyDrive/ucf_experiments/ciclo_experimental_1/data/data_crop/train/GafFu4IZtIA_1-f44c44cf00_1_flip_lr_crop.mp4,1
3528,/content/drive/MyDrive/ucf_experiments/ciclo_experimental_1/data/data_blur/train/GafFu4IZtIA_2-b48c244e11_1_flip_lr_blur.mp4,/content/drive/MyDrive/ucf_experiments/ciclo_experimental_1/data/data_crop/train/GafFu4IZtIA_2-b48c244e11_1_flip_lr_crop.mp4,1
3529,/content/drive/MyDrive/ucf_experiments/ciclo_experimental_1/data/data_blur/train/GafFu4IZtIA_3-76e59bd900_1_flip_lr_blur.mp4,/content/drive/MyDrive/ucf_experiments/ciclo_experimental_1/data/data_crop/train/GafFu4IZtIA_3-76e59bd900_1_flip_lr_crop.mp4,1
3530,/content/drive/MyDrive/ucf_experiments/ciclo_experimental_1/data/data_blur/train/GafFu4IZtIA_4-a2a1be628a_1_flip_lr_blur.mp4,/content/drive/MyDrive/ucf_experiments/ciclo_experimental_1/data/data_crop/train/GafFu4IZtIA_4-a2a1be628a_1_flip_lr_crop.mp4,1
3531,/content/drive/MyDrive/ucf_experiments/ciclo_experimental_1/data/data_blur/train/GafFu4IZtIA_6-e0b25e27de_1_flip_lr_blur.mp4,/content/drive/MyDrive/ucf_experiments/ciclo_experimental_1/data/data_crop/train/GafFu4IZtIA_6-e0b25e27de_1_flip_lr_crop.mp4,1
3532,/content/drive/MyDrive/ucf_experiments/ciclo_experimental_1/data/data_blur/train/GafFu4IZtIA_7-74c8783d7e_1_flip_lr_blur.mp4,/content/drive/MyDrive/ucf_experiments/ciclo_experimental_1/data/data_crop/train/GafFu4IZtIA_7-74c8783d7e_1_flip_lr_crop.mp4,1
3533,/content/drive/MyDrive/ucf_experiments/ciclo_experimental_1/data/data_blur/train/gHcG_c1i4uE_0-ea101c339b_1_flip_lr_blur.mp4,/content/drive/MyDrive/ucf_experiments/ciclo_experimental_1/data/data_crop/train/gHcG_c1i4uE_0-ea101c339b_1_flip_lr_crop.mp4,1
3534,/content/drive/MyDrive/ucf_experiments/ciclo_experimental_1/data/data_blur/train/GhZRf4GIw0w_0-78b5f6cbd1_1_flip_lr_blur.mp4,/content/drive/MyDrive/ucf_experiments/ciclo_experimental_1/data/data_crop/train/GhZRf4GIw0w_0-78b5f6cbd1_1_flip_lr_crop.mp4,1
3535,/content/drive/MyDrive/ucf_experiments/ciclo_experimental_1/data/data_blur/train/gJDvtfRrM7k_0-f69f61a753_1_flip_lr_blur.mp4,/content/drive/MyDrive/ucf_experiments/ciclo_experimental_1/data/data_crop/train/gJDvtfRrM7k_0-f69f61a753_1_flip_lr_crop.mp4,1
3536,/content/drive/MyDrive/ucf_experiments/ciclo_experimental_1/data/data_blur/train/gJDvtfRrM7k_1-e25591059a_1_flip_lr_blur.mp4,/content/drive/MyDrive/ucf_experiments/ciclo_experimental_1/data/data_crop/train/gJDvtfRrM7k_1-e25591059a_1_flip_lr_crop.mp4,1
3537,/content/drive/MyDrive/ucf_experiments/ciclo_experimental_1/data/data_blur/train/GKsvH_pVNQU_0-00fde20bcd_1_flip_lr_blur.mp4,/content/drive/MyDrive/ucf_experiments/ciclo_experimental_1/data/data_crop/train/GKsvH_pVNQU_0-00fde20bcd_1_flip_lr_crop.mp4,1
3538,/content/drive/MyDrive/ucf_experiments/ciclo_experimental_1/data/data_blur/train/GKsvH_pVNQU_1-0497459f01_1_flip_lr_blur.mp4,/content/drive/MyDrive/ucf_experiments/ciclo_experimental_1/data/data_crop/train/GKsvH_pVNQU_1-0497459f01_1_flip_lr_crop.mp4,1
3539,/content/drive/MyDrive/ucf_experiments/ciclo_experimental_1/data/data_blur/train/gnBmOf7v_0-426edb4dfa_1_flip_lr_blur.mp4,/content/drive/MyDrive/ucf_experiments/ciclo_experimental_1/data/data_crop/train/gnBmOf7v_0-426edb4dfa_1_flip_lr_crop.mp4,1
3540,/content/drive/MyDrive/ucf_experiments/ciclo_experimental_1/data/data_blur/train/gnBmOf7v_1-e7fc3aef58_1_flip_lr_blur.mp4,/content/drive/MyDrive/ucf_experiments/ciclo_experimental_1/data/data_crop/train/gnBmOf7v_1-e7fc3aef58_1_flip_lr_crop.mp4,1
3541,/content/drive/MyDrive/ucf_experiments/ciclo_experimental_1/data/data_blur/train/gnBmOf7v_2-fb16afc23f_1_flip_lr_blur.mp4,/content/drive/MyDrive/ucf_experiments/ciclo_experimental_1/data/data_crop/train/gnBmOf7v_2-fb16afc23f_1_flip_lr_crop.mp4,1
3542,/content/drive/MyDrive/ucf_experiments/ciclo_experimental_1/data/data_blur/train/gNIohJfdvEc_0-5c02cc73eb_1_flip_lr_blur.mp4,/content/drive/MyDrive/ucf_experiments/ciclo_experimental_1/data/data_crop/train/gNIohJfdvEc_0-5c02cc73eb_1_flip_lr_crop.mp4,1
3543,/content/drive/MyDrive/ucf_experiments/ciclo_experimental_1/data/data_blur/train/gNIohJfdvEc_1-e30835ac26_1_flip_lr_blur.mp4,/content/drive/MyDrive/ucf_experiments/ciclo_experimental_1/data/data_crop/train/gNIohJfdvEc_1-e30835ac26_1_flip_lr_crop.mp4,1
3544,/content/drive/MyDrive/ucf_experiments/ciclo_experimental_1/data/data_blur/train/gNIohJfdvEc_2-ce03782336_1_flip_lr_blur.mp4,/content/drive/MyDrive/ucf_experiments/ciclo_experimental_1/data/data_crop/train/gNIohJfdvEc_2-ce03782336_1_flip_lr_crop.mp4,1
3545,/content/drive/MyDrive/ucf_experiments/ciclo_experimental_1/data/data_blur/train/Gr3ikl6A2bE_1-7804ac1c99_1_flip_lr_blur.mp4,/content/drive/MyDrive/ucf_experiments/ciclo_experimental_1/data/data_crop/train/Gr3ikl6A2bE_1-7804ac1c99_1_flip_lr_crop.mp4,1
3546,/content/drive/MyDrive/ucf_experiments/ciclo_experimental_1/data/data_blur/train/Gr3ikl6A2bE_2-b608dda5b4_1_flip_lr_blur.mp4,/content/drive/MyDrive/ucf_experiments/ciclo_experimental_1/data/data_crop/train/Gr3ikl6A2bE_2-b608dda5b4_1_flip_lr_crop.mp4,1
3547,/content/drive/MyDrive/ucf_experiments/ciclo_experimental_1/data/data_blur/train/gR4OsEPl894_0-0d3bbf37e6_1_flip_lr_blur.mp4,/content/drive/MyDrive/ucf_experiments/ciclo_experimental_1/data/data_crop/train/gR4OsEPl894_0-0d3bbf37e6_1_flip_lr_crop.mp4,1
3548,/content/drive/MyDrive/ucf_experiments/ciclo_experimental_1/data/data_blur/train/gR4OsEPl894_2-221a4507ea_1_flip_lr_blur.mp4,/content/drive/MyDrive/ucf_experiments/ciclo_experimental_1/data/data_crop/train/gR4OsEPl894_2-221a4507ea_1_flip_lr_crop.mp4,1
3549,/content/drive/MyDrive/ucf_experiments/ciclo_experimental_1/data/data_blur/train/GtGAcKxn_0-6404008d86_1_flip_lr_blur.mp4,/content/drive/MyDrive/ucf_experiments/ciclo_experimental_1/data/data_crop/train/GtGAcKxn_0-6404008d86_1_flip_lr_crop.mp4,1
3550,/content/drive/MyDrive/ucf_experiments/ciclo_experimental_1/data/data_blur/train/GuLMP_IOrR0_0-a5827eed91_1_flip_lr_blur.mp4,/content/drive/MyDrive/ucf_experiments/ciclo_experimental_1/data/data_crop/train/GuLMP_IOrR0_0-a5827eed91_1_flip_lr_crop.mp4,1
3551,/content/drive/MyDrive/ucf_experiments/ciclo_experimental_1/data/data_blur/train/GuLMP_IOrR0_1-87a89cd975_1_flip_lr_blur.mp4,/content/drive/MyDrive/ucf_experiments/ciclo_experimental_1/data/data_crop/train/GuLMP_IOrR0_1-87a89cd975_1_flip_lr_crop.mp4,1
3552,/content/drive/MyDrive/ucf_experiments/ciclo_experimental_1/data/data_blur/train/H1AzC-GyKto_0-933bad6273_1_flip_lr_blur.mp4,/content/drive/MyDrive/ucf_experiments/ciclo_experimental_1/data/data_crop/train/H1AzC-GyKto_0-933bad6273_1_flip_lr_crop.mp4,1
3553,/content/drive/MyDrive/ucf_experiments/ciclo_experimental_1/data/data_blur/train/H1AzC-GyKto_1-4034dba0ce_1_flip_lr_blur.mp4,/content/drive/MyDrive/ucf_experiments/ciclo_experimental_1/data/data_crop/train/H1AzC-GyKto_1-4034dba0ce_1_flip_lr_crop.mp4,1
3554,/content/drive/MyDrive/ucf_experiments/ciclo_experimental_1/data/data_blur/train/hEjHnhy2_0-4cedb6d588_1_flip_lr_blur.mp4,/content/drive/MyDrive/ucf_experiments/ciclo_experimental_1/data/data_crop/train/hEjHnhy2_0-4cedb6d588_1_flip_lr_crop.mp4,1
3555,/content/drive/MyDrive/ucf_experiments/ciclo_experimental_1/data/data_blur/train/HgwpC5Xx_0-f984ca2658_1_flip_lr_blur.mp4,/content/drive/MyDrive/ucf_experiments/ciclo_experimental_1/data/data_crop/train/HgwpC5Xx_0-f984ca2658_1_flip_lr_crop.mp4,1
3556,/content/drive/MyDrive/ucf_experiments/ciclo_experimental_1/data/data_blur/train/HtbVjsRA_0-d32fc324ad_1_flip_lr_blur.mp4,/content/drive/MyDrive/ucf_experiments/ciclo_experimental_1/data/data_crop/train/HtbVjsRA_0-d32fc324ad_1_flip_lr_crop.mp4,1
3557,/content/drive/MyDrive/ucf_experiments/ciclo_experimental_1/data/data_blur/train/HtbVjsRA_1-c67eb975b7_1_flip_lr_blur.mp4,/content/drive/MyDrive/ucf_experiments/ciclo_experimental_1/data/data_crop/train/HtbVjsRA_1-c67eb975b7_1_flip_lr_crop.mp4,1
3558,/content/drive/MyDrive/ucf_experiments/ciclo_experimental_1/data/data_blur/train/HtbVjsRA_2-9c047348df_1_flip_lr_blur.mp4,/content/drive/MyDrive/ucf_experiments/ciclo_experimental_1/data/data_crop/train/HtbVjsRA_2-9c047348df_1_flip_lr_crop.mp4,1
3559,/content/drive/MyDrive/ucf_experiments/ciclo_experimental_1/data/data_blur/train/HVSv9sgz2ZI_0-1de26605ff_1_flip_lr_blur.mp4,/content/drive/MyDrive/ucf_experiments/ciclo_experimental_1/data/data_crop/train/HVSv9sgz2ZI_0-1de26605ff_1_flip_lr_crop.mp4,1
3560,/content/drive/MyDrive/ucf_experiments/ciclo_experimental_1/data/data_blur/train/HVSv9sgz2ZI_1-8161ae2e2d_1_flip_lr_blur.mp4,/content/drive/MyDrive/ucf_experiments/ciclo_experimental_1/data/data_crop/train/HVSv9sgz2ZI_1-8161ae2e2d_1_flip_lr_crop.mp4,1
3561,/content/drive/MyDrive/ucf_experiments/ciclo_experimental_1/data/data_blur/train/HVSv9sgz2ZI_2-af1d5138f4_1_flip_lr_blur.mp4,/content/drive/MyDrive/ucf_experiments/ciclo_experimental_1/data/data_crop/train/HVSv9sgz2ZI_2-af1d5138f4_1_flip_lr_crop.mp4,1
3562,/content/drive/MyDrive/ucf_experiments/ciclo_experimental_1/data/data_blur/train/HVSv9sgz2ZI_4-ec16d25174_1_flip_lr_blur.mp4,/content/drive/MyDrive/ucf_experiments/ciclo_experimental_1/data/data_crop/train/HVSv9sgz2ZI_4-ec16d25174_1_flip_lr_crop.mp4,1
3563,/content/drive/MyDrive/ucf_experiments/ciclo_experimental_1/data/data_blur/train/HVSv9sgz2ZI_5-0b2af350a6_1_flip_lr_blur.mp4,/content/drive/MyDrive/ucf_experiments/ciclo_experimental_1/data/data_crop/train/HVSv9sgz2ZI_5-0b2af350a6_1_flip_lr_crop.mp4,1
3564,/content/drive/MyDrive/ucf_experiments/ciclo_experimental_1/data/data_blur/train/HW48LUZKOL4_0-ae93756a33_1_flip_lr_blur.mp4,/content/drive/MyDrive/ucf_experiments/ciclo_experimental_1/data/data_crop/train/HW48LUZKOL4_0-ae93756a33_1_flip_lr_crop.mp4,1
3565,/content/drive/MyDrive/ucf_experiments/ciclo_experimental_1/data/data_blur/train/HW48LUZKOL4_1-e859cf9a6b_1_flip_lr_blur.mp4,/content/drive/MyDrive/ucf_experiments/ciclo_experimental_1/data/data_crop/train/HW48LUZKOL4_1-e859cf9a6b_1_flip_lr_crop.mp4,1
3566,/content/drive/MyDrive/ucf_experiments/ciclo_experimental_1/data/data_blur/train/HW48LUZKOL4_2-a79a91e82a_1_flip_lr_blur.mp4,/content/drive/MyDrive/ucf_experiments/ciclo_experimental_1/data/data_crop/train/HW48LUZKOL4_2-a79a91e82a_1_flip_lr_crop.mp4,1
3567,/content/drive/MyDrive/ucf_experiments/ciclo_experimental_1/data/data_blur/train/HW48LUZKOL4_4-7ff1e28c94_1_flip_lr_blur.mp4,/content/drive/MyDrive/ucf_experiments/ciclo_experimental_1/data/data_crop/train/HW48LUZKOL4_4-7ff1e28c94_1_flip_lr_crop.mp4,1
3568,/content/drive/MyDrive/ucf_experiments/ciclo_experimental_1/data/data_blur/train/H_VQJU0Bqpc_1-1dd015d83a_1_flip_lr_blur.mp4,/content/drive/MyDrive/ucf_experiments/ciclo_experimental_1/data/data_crop/train/H_VQJU0Bqpc_1-1dd015d83a_1_flip_lr_crop.mp4,1
3569,/content/drive/MyDrive/ucf_experiments/ciclo_experimental_1/data/data_blur/train/H_VQJU0Bqpc_2-ec0cf8f90f_1_flip_lr_blur.mp4,/content/drive/MyDrive/ucf_experiments/ciclo_experimental_1/data/data_crop/train/H_VQJU0Bqpc_2-ec0cf8f90f_1_flip_lr_crop.mp4,1
3570,/content/drive/MyDrive/ucf_experiments/ciclo_experimental_1/data/data_blur/train/I-x0G5pAan0_0-d423df55c3_1_flip_lr_blur.mp4,/content/drive/MyDrive/ucf_experiments/ciclo_experimental_1/data/data_crop/train/I-x0G5pAan0_0-d423df55c3_1_flip_lr_crop.mp4,1
3571,/content/drive/MyDrive/ucf_experiments/ciclo_experimental_1/data/data_blur/train/i2sLegg2JPA_0-a6048b92e8_1_flip_lr_blur.mp4,/content/drive/MyDrive/ucf_experiments/ciclo_experimental_1/data/data_crop/train/i2sLegg2JPA_0-a6048b92e8_1_flip_lr_crop.mp4,1
3572,/content/drive/MyDrive/ucf_experiments/ciclo_experimental_1/data/data_blur/train/i2sLegg2JPA_1-3b60c67160_1_flip_lr_blur.mp4,/content/drive/MyDrive/ucf_experiments/ciclo_experimental_1/data/data_crop/train/i2sLegg2JPA_1-3b60c67160_1_flip_lr_crop.mp4,1
3573,/content/drive/MyDrive/ucf_experiments/ciclo_experimental_1/data/data_blur/train/i5xJxtv4gXs_0-8c341181d5_1_flip_lr_blur.mp4,/content/drive/MyDrive/ucf_experiments/ciclo_experimental_1/data/data_crop/train/i5xJxtv4gXs_0-8c341181d5_1_flip_lr_crop.mp4,1
3574,/content/drive/MyDrive/ucf_experiments/ciclo_experimental_1/data/data_blur/train/i5xJxtv4gXs_1-85e2728159_1_flip_lr_blur.mp4,/content/drive/MyDrive/ucf_experiments/ciclo_experimental_1/data/data_crop/train/i5xJxtv4gXs_1-85e2728159_1_flip_lr_crop.mp4,1
3575,/content/drive/MyDrive/ucf_experiments/ciclo_experimental_1/data/data_blur/train/i5xJxtv4gXs_2-ecd673b506_1_flip_lr_blur.mp4,/content/drive/MyDrive/ucf_experiments/ciclo_experimental_1/data/data_crop/train/i5xJxtv4gXs_2-ecd673b506_1_flip_lr_crop.mp4,1
3576,/content/drive/MyDrive/ucf_experiments/ciclo_experimental_1/data/data_blur/train/i5xJxtv4gXs_3-586ca320b7_1_flip_lr_blur.mp4,/content/drive/MyDrive/ucf_experiments/ciclo_experimental_1/data/data_crop/train/i5xJxtv4gXs_3-586ca320b7_1_flip_lr_crop.mp4,1
3577,/content/drive/MyDrive/ucf_experiments/ciclo_experimental_1/data/data_blur/train/i5xJxtv4gXs_4-c60bd20bd7_1_flip_lr_blur.mp4,/content/drive/MyDrive/ucf_experiments/ciclo_experimental_1/data/data_crop/train/i5xJxtv4gXs_4-c60bd20bd7_1_flip_lr_crop.mp4,1
3578,/content/drive/MyDrive/ucf_experiments/ciclo_experimental_1/data/data_blur/train/iHUwZBSx_0-889f41a81e_1_flip_lr_blur.mp4,/content/drive/MyDrive/ucf_experiments/ciclo_experimental_1/data/data_crop/train/iHUwZBSx_0-889f41a81e_1_flip_lr_crop.mp4,1
3579,/content/drive/MyDrive/ucf_experiments/ciclo_experimental_1/data/data_blur/train/Ile3EVQA_1-4361f1c895_1_flip_lr_blur.mp4,/content/drive/MyDrive/ucf_experiments/ciclo_experimental_1/data/data_crop/train/Ile3EVQA_1-4361f1c895_1_flip_lr_crop.mp4,1
3580,/content/drive/MyDrive/ucf_experiments/ciclo_experimental_1/data/data_blur/train/iP6yS_OroMk_0-2f49ab4c0e_1_flip_lr_blur.mp4,/content/drive/MyDrive/ucf_experiments/ciclo_experimental_1/data/data_crop/train/iP6yS_OroMk_0-2f49ab4c0e_1_flip_lr_crop.mp4,1
3581,/content/drive/MyDrive/ucf_experiments/ciclo_experimental_1/data/data_blur/train/iquSbj5Wqj0_0-853f1749f8_1_flip_lr_blur.mp4,/content/drive/MyDrive/ucf_experiments/ciclo_experimental_1/data/data_crop/train/iquSbj5Wqj0_0-853f1749f8_1_flip_lr_crop.mp4,1
3582,/content/drive/MyDrive/ucf_experiments/ciclo_experimental_1/data/data_blur/train/iquSbj5Wqj0_1-eb85ab1cba_1_flip_lr_blur.mp4,/content/drive/MyDrive/ucf_experiments/ciclo_experimental_1/data/data_crop/train/iquSbj5Wqj0_1-eb85ab1cba_1_flip_lr_crop.mp4,1
3583,/content/drive/MyDrive/ucf_experiments/ciclo_experimental_1/data/data_blur/train/jCD7lUJQ7Xc_0-d9fcc2ae68_1_flip_lr_blur.mp4,/content/drive/MyDrive/ucf_experiments/ciclo_experimental_1/data/data_crop/train/jCD7lUJQ7Xc_0-d9fcc2ae68_1_flip_lr_crop.mp4,1
3584,/content/drive/MyDrive/ucf_experiments/ciclo_experimental_1/data/data_blur/train/jCD7lUJQ7Xc_1-6c8e98904b_1_flip_lr_blur.mp4,/content/drive/MyDrive/ucf_experiments/ciclo_experimental_1/data/data_crop/train/jCD7lUJQ7Xc_1-6c8e98904b_1_flip_lr_crop.mp4,1
3585,/content/drive/MyDrive/ucf_experiments/ciclo_experimental_1/data/data_blur/train/jILBnY3lB2Q_0-0d1e5e36b6_1_flip_lr_blur.mp4,/content/drive/MyDrive/ucf_experiments/ciclo_experimental_1/data/data_crop/train/jILBnY3lB2Q_0-0d1e5e36b6_1_flip_lr_crop.mp4,1
3586,/content/drive/MyDrive/ucf_experiments/ciclo_experimental_1/data/data_blur/train/JJG0bHPur50_0-666e6e26fd_1_flip_lr_blur.mp4,/content/drive/MyDrive/ucf_experiments/ciclo_experimental_1/data/data_crop/train/JJG0bHPur50_0-666e6e26fd_1_flip_lr_crop.mp4,1
3587,/content/drive/MyDrive/ucf_experiments/ciclo_experimental_1/data/data_blur/train/JJG0bHPur50_1-2157234756_1_flip_lr_blur.mp4,/content/drive/MyDrive/ucf_experiments/ciclo_experimental_1/data/data_crop/train/JJG0bHPur50_1-2157234756_1_flip_lr_crop.mp4,1
3588,/content/drive/MyDrive/ucf_experiments/ciclo_experimental_1/data/data_blur/train/JJG0bHPur50_2-96b253047c_1_flip_lr_blur.mp4,/content/drive/MyDrive/ucf_experiments/ciclo_experimental_1/data/data_crop/train/JJG0bHPur50_2-96b253047c_1_flip_lr_crop.mp4,1
3589,/content/drive/MyDrive/ucf_experiments/ciclo_experimental_1/data/data_blur/train/jmZqmYnH_0-53eec4ebf8_1_flip_lr_blur.mp4,/content/drive/MyDrive/ucf_experiments/ciclo_experimental_1/data/data_crop/train/jmZqmYnH_0-53eec4ebf8_1_flip_lr_crop.mp4,1
3590,/content/drive/MyDrive/ucf_experiments/ciclo_experimental_1/data/data_blur/train/jmZqmYnH_1-7662bce3b4_1_flip_lr_blur.mp4,/content/drive/MyDrive/ucf_experiments/ciclo_experimental_1/data/data_crop/train/jmZqmYnH_1-7662bce3b4_1_flip_lr_crop.mp4,1
3591,/content/drive/MyDrive/ucf_experiments/ciclo_experimental_1/data/data_blur/train/JPIeYvRgo6I_0-13281ef829_1_flip_lr_blur.mp4,/content/drive/MyDrive/ucf_experiments/ciclo_experimental_1/data/data_crop/train/JPIeYvRgo6I_0-13281ef829_1_flip_lr_crop.mp4,1
3592,/content/drive/MyDrive/ucf_experiments/ciclo_experimental_1/data/data_blur/train/JPIeYvRgo6I_1-190832a334_1_flip_lr_blur.mp4,/content/drive/MyDrive/ucf_experiments/ciclo_experimental_1/data/data_crop/train/JPIeYvRgo6I_1-190832a334_1_flip_lr_crop.mp4,1
3593,/content/drive/MyDrive/ucf_experiments/ciclo_experimental_1/data/data_blur/train/Jq8neqBlL2Y_2-83d6a2f8dc_1_flip_lr_blur.mp4,/content/drive/MyDrive/ucf_experiments/ciclo_experimental_1/data/data_crop/train/Jq8neqBlL2Y_2-83d6a2f8dc_1_flip_lr_crop.mp4,1
3594,/content/drive/MyDrive/ucf_experiments/ciclo_experimental_1/data/data_blur/train/Jq8neqBlL2Y_3-a457282b56_1_flip_lr_blur.mp4,/content/drive/MyDrive/ucf_experiments/ciclo_experimental_1/data/data_crop/train/Jq8neqBlL2Y_3-a457282b56_1_flip_lr_crop.mp4,1
3595,/content/drive/MyDrive/ucf_experiments/ciclo_experimental_1/data/data_blur/train/Jq8neqBlL2Y_4-68c77c1b27_1_flip_lr_blur.mp4,/content/drive/MyDrive/ucf_experiments/ciclo_experimental_1/data/data_crop/train/Jq8neqBlL2Y_4-68c77c1b27_1_flip_lr_crop.mp4,1
3596,/content/drive/MyDrive/ucf_experiments/ciclo_experimental_1/data/data_blur/train/Jq8neqBlL2Y_5-f5e1487195_1_flip_lr_blur.mp4,/content/drive/MyDrive/ucf_experiments/ciclo_experimental_1/data/data_crop/train/Jq8neqBlL2Y_5-f5e1487195_1_flip_lr_crop.mp4,1
3597,/content/drive/MyDrive/ucf_experiments/ciclo_experimental_1/data/data_blur/train/JRL5Vvql_0-9c1daeb7ad_1_flip_lr_blur.mp4,/content/drive/MyDrive/ucf_experiments/ciclo_experimental_1/data/data_crop/train/JRL5Vvql_0-9c1daeb7ad_1_flip_lr_crop.mp4,1
3598,/content/drive/MyDrive/ucf_experiments/ciclo_experimental_1/data/data_blur/train/JRL5Vvql_1-74655c5512_1_flip_lr_blur.mp4,/content/drive/MyDrive/ucf_experiments/ciclo_experimental_1/data/data_crop/train/JRL5Vvql_1-74655c5512_1_flip_lr_crop.mp4,1
3599,/content/drive/MyDrive/ucf_experiments/ciclo_experimental_1/data/data_blur/train/Jt4WbOZeT7s_0-0199efbf6e_1_flip_lr_blur.mp4,/content/drive/MyDrive/ucf_experiments/ciclo_experimental_1/data/data_crop/train/Jt4WbOZeT7s_0-0199efbf6e_1_flip_lr_crop.mp4,1
3600,/content/drive/MyDrive/ucf_experiments/ciclo_experimental_1/data/data_blur/train/jTbvVbkUaPM_0-c9dee5daa2_1_flip_lr_blur.mp4,/content/drive/MyDrive/ucf_experiments/ciclo_experimental_1/data/data_crop/train/jTbvVbkUaPM_0-c9dee5daa2_1_flip_lr_crop.mp4,1
3601,/content/drive/MyDrive/ucf_experiments/ciclo_experimental_1/data/data_blur/train/jTbvVbkUaPM_4-4605dc2bc4_1_flip_lr_blur.mp4,/content/drive/MyDrive/ucf_experiments/ciclo_experimental_1/data/data_crop/train/jTbvVbkUaPM_4-4605dc2bc4_1_flip_lr_crop.mp4,1
3602,/content/drive/MyDrive/ucf_experiments/ciclo_experimental_1/data/data_blur/train/jTbvVbkUaPM_5-f45633de9e_1_flip_lr_blur.mp4,/content/drive/MyDrive/ucf_experiments/ciclo_experimental_1/data/data_crop/train/jTbvVbkUaPM_5-f45633de9e_1_flip_lr_crop.mp4,1
3603,/content/drive/MyDrive/ucf_experiments/ciclo_experimental_1/data/data_blur/train/jtzWSah-BZM_0-6aebc9b198_1_flip_lr_blur.mp4,/content/drive/MyDrive/ucf_experiments/ciclo_experimental_1/data/data_crop/train/jtzWSah-BZM_0-6aebc9b198_1_flip_lr_crop.mp4,1
3604,/content/drive/MyDrive/ucf_experiments/ciclo_experimental_1/data/data_blur/train/JwTPruSFTjk_0-e1c9649e9c_1_flip_lr_blur.mp4,/content/drive/MyDrive/ucf_experiments/ciclo_experimental_1/data/data_crop/train/JwTPruSFTjk_0-e1c9649e9c_1_flip_lr_crop.mp4,1
3605,/content/drive/MyDrive/ucf_experiments/ciclo_experimental_1/data/data_blur/train/JwTPruSFTjk_1-52b969242a_1_flip_lr_blur.mp4,/content/drive/MyDrive/ucf_experiments/ciclo_experimental_1/data/data_crop/train/JwTPruSFTjk_1-52b969242a_1_flip_lr_crop.mp4,1
3606,/content/drive/MyDrive/ucf_experiments/ciclo_experimental_1/data/data_blur/train/K6WRP2xi_0-c596c7ef71_1_flip_lr_blur.mp4,/content/drive/MyDrive/ucf_experiments/ciclo_experimental_1/data/data_crop/train/K6WRP2xi_0-c596c7ef71_1_flip_lr_crop.mp4,1
3607,/content/drive/MyDrive/ucf_experiments/ciclo_experimental_1/data/data_blur/train/K6WRP2xi_1-46aee4197b_1_flip_lr_blur.mp4,/content/drive/MyDrive/ucf_experiments/ciclo_experimental_1/data/data_crop/train/K6WRP2xi_1-46aee4197b_1_flip_lr_crop.mp4,1
3608,/content/drive/MyDrive/ucf_experiments/ciclo_experimental_1/data/data_blur/train/K6WRP2xi_2-af125e97f6_1_flip_lr_blur.mp4,/content/drive/MyDrive/ucf_experiments/ciclo_experimental_1/data/data_crop/train/K6WRP2xi_2-af125e97f6_1_flip_lr_crop.mp4,1
3609,/content/drive/MyDrive/ucf_experiments/ciclo_experimental_1/data/data_blur/train/K6WRP2xi_3-2a876e3bb4_1_flip_lr_blur.mp4,/content/drive/MyDrive/ucf_experiments/ciclo_experimental_1/data/data_crop/train/K6WRP2xi_3-2a876e3bb4_1_flip_lr_crop.mp4,1
3610,/content/drive/MyDrive/ucf_experiments/ciclo_experimental_1/data/data_blur/train/kExp3yhspR0_0-215a4c3ba9_1_flip_lr_blur.mp4,/content/drive/MyDrive/ucf_experiments/ciclo_experimental_1/data/data_crop/train/kExp3yhspR0_0-215a4c3ba9_1_flip_lr_crop.mp4,1
3611,/content/drive/MyDrive/ucf_experiments/ciclo_experimental_1/data/data_blur/train/kExp3yhspR0_1-4749d5f32c_1_flip_lr_blur.mp4,/content/drive/MyDrive/ucf_experiments/ciclo_experimental_1/data/data_crop/train/kExp3yhspR0_1-4749d5f32c_1_flip_lr_crop.mp4,1
3612,/content/drive/MyDrive/ucf_experiments/ciclo_experimental_1/data/data_blur/train/kExp3yhspR0_2-c4fe5fcf8e_1_flip_lr_blur.mp4,/content/drive/MyDrive/ucf_experiments/ciclo_experimental_1/data/data_crop/train/kExp3yhspR0_2-c4fe5fcf8e_1_flip_lr_crop.mp4,1
3613,/content/drive/MyDrive/ucf_experiments/ciclo_experimental_1/data/data_blur/train/kExp3yhspR0_3-a74f49f099_1_flip_lr_blur.mp4,/content/drive/MyDrive/ucf_experiments/ciclo_experimental_1/data/data_crop/train/kExp3yhspR0_3-a74f49f099_1_flip_lr_crop.mp4,1
3614,/content/drive/MyDrive/ucf_experiments/ciclo_experimental_1/data/data_blur/train/kLHNW0uRutY_0-dec1fdfe49_1_flip_lr_blur.mp4,/content/drive/MyDrive/ucf_experiments/ciclo_experimental_1/data/data_crop/train/kLHNW0uRutY_0-dec1fdfe49_1_flip_lr_crop.mp4,1
3615,/content/drive/MyDrive/ucf_experiments/ciclo_experimental_1/data/data_blur/train/kLHNW0uRutY_1-4b73e2bf44_1_flip_lr_blur.mp4,/content/drive/MyDrive/ucf_experiments/ciclo_experimental_1/data/data_crop/train/kLHNW0uRutY_1-4b73e2bf44_1_flip_lr_crop.mp4,1
3616,/content/drive/MyDrive/ucf_experiments/ciclo_experimental_1/data/data_blur/train/kLHNW0uRutY_2-7c8d68e20e_1_flip_lr_blur.mp4,/content/drive/MyDrive/ucf_experiments/ciclo_experimental_1/data/data_crop/train/kLHNW0uRutY_2-7c8d68e20e_1_flip_lr_crop.mp4,1
3617,/content/drive/MyDrive/ucf_experiments/ciclo_experimental_1/data/data_blur/train/kLHNW0uRutY_3-3a3a48b984_1_flip_lr_blur.mp4,/content/drive/MyDrive/ucf_experiments/ciclo_experimental_1/data/data_crop/train/kLHNW0uRutY_3-3a3a48b984_1_flip_lr_crop.mp4,1
3618,/content/drive/MyDrive/ucf_experiments/ciclo_experimental_1/data/data_blur/train/kLHNW0uRutY_4-dfd9057ea6_1_flip_lr_blur.mp4,/content/drive/MyDrive/ucf_experiments/ciclo_experimental_1/data/data_crop/train/kLHNW0uRutY_4-dfd9057ea6_1_flip_lr_crop.mp4,1
3619,/content/drive/MyDrive/ucf_experiments/ciclo_experimental_1/data/data_blur/train/kLHNW0uRutY_5-4681532663_1_flip_lr_blur.mp4,/content/drive/MyDrive/ucf_experiments/ciclo_experimental_1/data/data_crop/train/kLHNW0uRutY_5-4681532663_1_flip_lr_crop.mp4,1
3620,/content/drive/MyDrive/ucf_experiments/ciclo_experimental_1/data/data_blur/train/kMI2JME3Aag_0-d5a4f3753a_1_flip_lr_blur.mp4,/content/drive/MyDrive/ucf_experiments/ciclo_experimental_1/data/data_crop/train/kMI2JME3Aag_0-d5a4f3753a_1_flip_lr_crop.mp4,1
3621,/content/drive/MyDrive/ucf_experiments/ciclo_experimental_1/data/data_blur/train/kMI2JME3Aag_1-3097153b53_1_flip_lr_blur.mp4,/content/drive/MyDrive/ucf_experiments/ciclo_experimental_1/data/data_crop/train/kMI2JME3Aag_1-3097153b53_1_flip_lr_crop.mp4,1
3622,/content/drive/MyDrive/ucf_experiments/ciclo_experimental_1/data/data_blur/train/kMI2JME3Aag_2-fc95dfdb3e_1_flip_lr_blur.mp4,/content/drive/MyDrive/ucf_experiments/ciclo_experimental_1/data/data_crop/train/kMI2JME3Aag_2-fc95dfdb3e_1_flip_lr_crop.mp4,1
3623,/content/drive/MyDrive/ucf_experiments/ciclo_experimental_1/data/data_blur/train/kOp57sQKMPY_0-d04be34389_1_flip_lr_blur.mp4,/content/drive/MyDrive/ucf_experiments/ciclo_experimental_1/data/data_crop/train/kOp57sQKMPY_0-d04be34389_1_flip_lr_crop.mp4,1
3624,/content/drive/MyDrive/ucf_experiments/ciclo_experimental_1/data/data_blur/train/kOp57sQKMPY_1-5b6ec9db65_1_flip_lr_blur.mp4,/content/drive/MyDrive/ucf_experiments/ciclo_experimental_1/data/data_crop/train/kOp57sQKMPY_1-5b6ec9db65_1_flip_lr_crop.mp4,1
3625,/content/drive/MyDrive/ucf_experiments/ciclo_experimental_1/data/data_blur/train/ksdkojifes_416-816bb81331_1_flip_lr_blur.mp4,/content/drive/MyDrive/ucf_experiments/ciclo_experimental_1/data/data_crop/train/ksdkojifes_416-816bb81331_1_flip_lr_crop.mp4,1
3626,/content/drive/MyDrive/ucf_experiments/ciclo_experimental_1/data/data_blur/train/Kx5lWLPZ0Y0_0-841e9382f1_1_flip_lr_blur.mp4,/content/drive/MyDrive/ucf_experiments/ciclo_experimental_1/data/data_crop/train/Kx5lWLPZ0Y0_0-841e9382f1_1_flip_lr_crop.mp4,1
3627,/content/drive/MyDrive/ucf_experiments/ciclo_experimental_1/data/data_blur/train/Kx5lWLPZ0Y0_1-f36c0a98ad_1_flip_lr_blur.mp4,/content/drive/MyDrive/ucf_experiments/ciclo_experimental_1/data/data_crop/train/Kx5lWLPZ0Y0_1-f36c0a98ad_1_flip_lr_crop.mp4,1
3628,/content/drive/MyDrive/ucf_experiments/ciclo_experimental_1/data/data_blur/train/K_7hT4N2QCE_0-d09c46c7bd_1_flip_lr_blur.mp4,/content/drive/MyDrive/ucf_experiments/ciclo_experimental_1/data/data_crop/train/K_7hT4N2QCE_0-d09c46c7bd_1_flip_lr_crop.mp4,1
3629,/content/drive/MyDrive/ucf_experiments/ciclo_experimental_1/data/data_blur/train/K_7hT4N2QCE_1-38f9d11a77_1_flip_lr_blur.mp4,/content/drive/MyDrive/ucf_experiments/ciclo_experimental_1/data/data_crop/train/K_7hT4N2QCE_1-38f9d11a77_1_flip_lr_crop.mp4,1
3630,/content/drive/MyDrive/ucf_experiments/ciclo_experimental_1/data/data_blur/train/K_7hT4N2QCE_2-1974265bb7_1_flip_lr_blur.mp4,/content/drive/MyDrive/ucf_experiments/ciclo_experimental_1/data/data_crop/train/K_7hT4N2QCE_2-1974265bb7_1_flip_lr_crop.mp4,1
3631,/content/drive/MyDrive/ucf_experiments/ciclo_experimental_1/data/data_blur/train/l4gqDHx9_dI_0-7f54a0aefe_1_flip_lr_blur.mp4,/content/drive/MyDrive/ucf_experiments/ciclo_experimental_1/data/data_crop/train/l4gqDHx9_dI_0-7f54a0aefe_1_flip_lr_crop.mp4,1
3632,/content/drive/MyDrive/ucf_experiments/ciclo_experimental_1/data/data_blur/train/l4gqDHx9_dI_1-c01a62a3f5_1_flip_lr_blur.mp4,/content/drive/MyDrive/ucf_experiments/ciclo_experimental_1/data/data_crop/train/l4gqDHx9_dI_1-c01a62a3f5_1_flip_lr_crop.mp4,1
3633,/content/drive/MyDrive/ucf_experiments/ciclo_experimental_1/data/data_blur/train/l4gqDHx9_dI_2-9148bfbff8_1_flip_lr_blur.mp4,/content/drive/MyDrive/ucf_experiments/ciclo_experimental_1/data/data_crop/train/l4gqDHx9_dI_2-9148bfbff8_1_flip_lr_crop.mp4,1
3634,/content/drive/MyDrive/ucf_experiments/ciclo_experimental_1/data/data_blur/train/l4gqDHx9_dI_3-437d434dbe_1_flip_lr_blur.mp4,/content/drive/MyDrive/ucf_experiments/ciclo_experimental_1/data/data_crop/train/l4gqDHx9_dI_3-437d434dbe_1_flip_lr_crop.mp4,1
3635,/content/drive/MyDrive/ucf_experiments/ciclo_experimental_1/data/data_blur/train/lI17Q0j3_0-50180689d1_1_flip_lr_blur.mp4,/content/drive/MyDrive/ucf_experiments/ciclo_experimental_1/data/data_crop/train/lI17Q0j3_0-50180689d1_1_flip_lr_crop.mp4,1
3636,/content/drive/MyDrive/ucf_experiments/ciclo_experimental_1/data/data_blur/train/lL3FQltu_0-da27e58dda_1_flip_lr_blur.mp4,/content/drive/MyDrive/ucf_experiments/ciclo_experimental_1/data/data_crop/train/lL3FQltu_0-da27e58dda_1_flip_lr_crop.mp4,1
3637,/content/drive/MyDrive/ucf_experiments/ciclo_experimental_1/data/data_blur/train/LLo_TXIz5-g_0-473ca7464d_1_flip_lr_blur.mp4,/content/drive/MyDrive/ucf_experiments/ciclo_experimental_1/data/data_crop/train/LLo_TXIz5-g_0-473ca7464d_1_flip_lr_crop.mp4,1
3638,/content/drive/MyDrive/ucf_experiments/ciclo_experimental_1/data/data_blur/train/lmfaDmCCRoY_0-9d57a57684_1_flip_lr_blur.mp4,/content/drive/MyDrive/ucf_experiments/ciclo_experimental_1/data/data_crop/train/lmfaDmCCRoY_0-9d57a57684_1_flip_lr_crop.mp4,1
3639,/content/drive/MyDrive/ucf_experiments/ciclo_experimental_1/data/data_blur/train/lmfaDmCCRoY_1-09558bd47b_1_flip_lr_blur.mp4,/content/drive/MyDrive/ucf_experiments/ciclo_experimental_1/data/data_crop/train/lmfaDmCCRoY_1-09558bd47b_1_flip_lr_crop.mp4,1
3640,/content/drive/MyDrive/ucf_experiments/ciclo_experimental_1/data/data_blur/train/lmfaDmCCRoY_2-3b7dc9e4c0_1_flip_lr_blur.mp4,/content/drive/MyDrive/ucf_experiments/ciclo_experimental_1/data/data_crop/train/lmfaDmCCRoY_2-3b7dc9e4c0_1_flip_lr_crop.mp4,1
3641,/content/drive/MyDrive/ucf_experiments/ciclo_experimental_1/data/data_blur/train/lmfaDmCCRoY_3-6822ad2bb4_1_flip_lr_blur.mp4,/content/drive/MyDrive/ucf_experiments/ciclo_experimental_1/data/data_crop/train/lmfaDmCCRoY_3-6822ad2bb4_1_flip_lr_crop.mp4,1
3642,/content/drive/MyDrive/ucf_experiments/ciclo_experimental_1/data/data_blur/train/lmfaDmCCRoY_4-e3624186bb_1_flip_lr_blur.mp4,/content/drive/MyDrive/ucf_experiments/ciclo_experimental_1/data/data_crop/train/lmfaDmCCRoY_4-e3624186bb_1_flip_lr_crop.mp4,1
3643,/content/drive/MyDrive/ucf_experiments/ciclo_experimental_1/data/data_blur/train/lmfaDmCCRoY_5-efe9354016_1_flip_lr_blur.mp4,/content/drive/MyDrive/ucf_experiments/ciclo_experimental_1/data/data_crop/train/lmfaDmCCRoY_5-efe9354016_1_flip_lr_crop.mp4,1
3644,/content/drive/MyDrive/ucf_experiments/ciclo_experimental_1/data/data_blur/train/lmfaDmCCRoY_6-58e04bd4ec_1_flip_lr_blur.mp4,/content/drive/MyDrive/ucf_experiments/ciclo_experimental_1/data/data_crop/train/lmfaDmCCRoY_6-58e04bd4ec_1_flip_lr_crop.mp4,1
3645,/content/drive/MyDrive/ucf_experiments/ciclo_experimental_1/data/data_blur/train/lmfaDmCCRoY_7-892dd616b1_1_flip_lr_blur.mp4,/content/drive/MyDrive/ucf_experiments/ciclo_experimental_1/data/data_crop/train/lmfaDmCCRoY_7-892dd616b1_1_flip_lr_crop.mp4,1
3646,/content/drive/MyDrive/ucf_experiments/ciclo_experimental_1/data/data_blur/train/lUjx4FXvv34_0-8a13b54a24_1_flip_lr_blur.mp4,/content/drive/MyDrive/ucf_experiments/ciclo_experimental_1/data/data_crop/train/lUjx4FXvv34_0-8a13b54a24_1_flip_lr_crop.mp4,1
3647,/content/drive/MyDrive/ucf_experiments/ciclo_experimental_1/data/data_blur/train/lUjx4FXvv34_1-26dc1d2733_1_flip_lr_blur.mp4,/content/drive/MyDrive/ucf_experiments/ciclo_experimental_1/data/data_crop/train/lUjx4FXvv34_1-26dc1d2733_1_flip_lr_crop.mp4,1
3648,/content/drive/MyDrive/ucf_experiments/ciclo_experimental_1/data/data_blur/train/mbW7VkAf6Yk_0-b3f2313a44_1_flip_lr_blur.mp4,/content/drive/MyDrive/ucf_experiments/ciclo_experimental_1/data/data_crop/train/mbW7VkAf6Yk_0-b3f2313a44_1_flip_lr_crop.mp4,1
3649,/content/drive/MyDrive/ucf_experiments/ciclo_experimental_1/data/data_blur/train/mbW7VkAf6Yk_1-b2027845d3_1_flip_lr_blur.mp4,/content/drive/MyDrive/ucf_experiments/ciclo_experimental_1/data/data_crop/train/mbW7VkAf6Yk_1-b2027845d3_1_flip_lr_crop.mp4,1
3650,/content/drive/MyDrive/ucf_experiments/ciclo_experimental_1/data/data_blur/train/mbW7VkAf6Yk_2-400dbe23d1_1_flip_lr_blur.mp4,/content/drive/MyDrive/ucf_experiments/ciclo_experimental_1/data/data_crop/train/mbW7VkAf6Yk_2-400dbe23d1_1_flip_lr_crop.mp4,1
3651,/content/drive/MyDrive/ucf_experiments/ciclo_experimental_1/data/data_blur/train/Mi4nMB8AHxI_0-664e3ef3c8_1_flip_lr_blur.mp4,/content/drive/MyDrive/ucf_experiments/ciclo_experimental_1/data/data_crop/train/Mi4nMB8AHxI_0-664e3ef3c8_1_flip_lr_crop.mp4,1
3652,/content/drive/MyDrive/ucf_experiments/ciclo_experimental_1/data/data_blur/train/Mi4nMB8AHxI_1-c9f52f8342_1_flip_lr_blur.mp4,/content/drive/MyDrive/ucf_experiments/ciclo_experimental_1/data/data_crop/train/Mi4nMB8AHxI_1-c9f52f8342_1_flip_lr_crop.mp4,1
3653,/content/drive/MyDrive/ucf_experiments/ciclo_experimental_1/data/data_blur/train/mRqg-WXiR7Q_0-badd3d56ba_1_flip_lr_blur.mp4,/content/drive/MyDrive/ucf_experiments/ciclo_experimental_1/data/data_crop/train/mRqg-WXiR7Q_0-badd3d56ba_1_flip_lr_crop.mp4,1
3654,/content/drive/MyDrive/ucf_experiments/ciclo_experimental_1/data/data_blur/train/mRqg-WXiR7Q_1-25c45242a2_1_flip_lr_blur.mp4,/content/drive/MyDrive/ucf_experiments/ciclo_experimental_1/data/data_crop/train/mRqg-WXiR7Q_1-25c45242a2_1_flip_lr_crop.mp4,1
3655,/content/drive/MyDrive/ucf_experiments/ciclo_experimental_1/data/data_blur/train/mRqg-WXiR7Q_2-55118ecb12_1_flip_lr_blur.mp4,/content/drive/MyDrive/ucf_experiments/ciclo_experimental_1/data/data_crop/train/mRqg-WXiR7Q_2-55118ecb12_1_flip_lr_crop.mp4,1
3656,/content/drive/MyDrive/ucf_experiments/ciclo_experimental_1/data/data_blur/train/mRqg-WXiR7Q_3-cbe81a7386_1_flip_lr_blur.mp4,/content/drive/MyDrive/ucf_experiments/ciclo_experimental_1/data/data_crop/train/mRqg-WXiR7Q_3-cbe81a7386_1_flip_lr_crop.mp4,1
3657,/content/drive/MyDrive/ucf_experiments/ciclo_experimental_1/data/data_blur/train/mVTcBPrjh-E_0-f5cd5b01fb_1_flip_lr_blur.mp4,/content/drive/MyDrive/ucf_experiments/ciclo_experimental_1/data/data_crop/train/mVTcBPrjh-E_0-f5cd5b01fb_1_flip_lr_crop.mp4,1
3658,/content/drive/MyDrive/ucf_experiments/ciclo_experimental_1/data/data_blur/train/mVTcBPrjh-E_1-5095cd31ac_1_flip_lr_blur.mp4,/content/drive/MyDrive/ucf_experiments/ciclo_experimental_1/data/data_crop/train/mVTcBPrjh-E_1-5095cd31ac_1_flip_lr_crop.mp4,1
3659,/content/drive/MyDrive/ucf_experiments/ciclo_experimental_1/data/data_blur/train/mX4cQM1xMFc_0-c57d8b269d_1_flip_lr_blur.mp4,/content/drive/MyDrive/ucf_experiments/ciclo_experimental_1/data/data_crop/train/mX4cQM1xMFc_0-c57d8b269d_1_flip_lr_crop.mp4,1
3660,/content/drive/MyDrive/ucf_experiments/ciclo_experimental_1/data/data_blur/train/mX4cQM1xMFc_1-b5a2d681e5_1_flip_lr_blur.mp4,/content/drive/MyDrive/ucf_experiments/ciclo_experimental_1/data/data_crop/train/mX4cQM1xMFc_1-b5a2d681e5_1_flip_lr_crop.mp4,1
3661,/content/drive/MyDrive/ucf_experiments/ciclo_experimental_1/data/data_blur/train/mX4cQM1xMFc_2-dbcd2840ce_1_flip_lr_blur.mp4,/content/drive/MyDrive/ucf_experiments/ciclo_experimental_1/data/data_crop/train/mX4cQM1xMFc_2-dbcd2840ce_1_flip_lr_crop.mp4,1
3662,/content/drive/MyDrive/ucf_experiments/ciclo_experimental_1/data/data_blur/train/mxlWEjopk_c_0-f083f61f2f_1_flip_lr_blur.mp4,/content/drive/MyDrive/ucf_experiments/ciclo_experimental_1/data/data_crop/train/mxlWEjopk_c_0-f083f61f2f_1_flip_lr_crop.mp4,1
3663,/content/drive/MyDrive/ucf_experiments/ciclo_experimental_1/data/data_blur/train/MzcX84QCuE8_0-2572acaf3e_1_flip_lr_blur.mp4,/content/drive/MyDrive/ucf_experiments/ciclo_experimental_1/data/data_crop/train/MzcX84QCuE8_0-2572acaf3e_1_flip_lr_crop.mp4,1
3664,/content/drive/MyDrive/ucf_experiments/ciclo_experimental_1/data/data_blur/train/N1Q9v-saJ_g_0-986f98b947_1_flip_lr_blur.mp4,/content/drive/MyDrive/ucf_experiments/ciclo_experimental_1/data/data_crop/train/N1Q9v-saJ_g_0-986f98b947_1_flip_lr_crop.mp4,1
3665,/content/drive/MyDrive/ucf_experiments/ciclo_experimental_1/data/data_blur/train/N1Q9v-saJ_g_1-6ee7cc60ae_1_flip_lr_blur.mp4,/content/drive/MyDrive/ucf_experiments/ciclo_experimental_1/data/data_crop/train/N1Q9v-saJ_g_1-6ee7cc60ae_1_flip_lr_crop.mp4,1
3666,/content/drive/MyDrive/ucf_experiments/ciclo_experimental_1/data/data_blur/train/N1Q9v-saJ_g_2-fe73b8338a_1_flip_lr_blur.mp4,/content/drive/MyDrive/ucf_experiments/ciclo_experimental_1/data/data_crop/train/N1Q9v-saJ_g_2-fe73b8338a_1_flip_lr_crop.mp4,1
3667,/content/drive/MyDrive/ucf_experiments/ciclo_experimental_1/data/data_blur/train/nBO2Wlr3LhU_0-38b13cada8_1_flip_lr_blur.mp4,/content/drive/MyDrive/ucf_experiments/ciclo_experimental_1/data/data_crop/train/nBO2Wlr3LhU_0-38b13cada8_1_flip_lr_crop.mp4,1
3668,/content/drive/MyDrive/ucf_experiments/ciclo_experimental_1/data/data_blur/train/nBO2Wlr3LhU_1-3e62d35593_1_flip_lr_blur.mp4,/content/drive/MyDrive/ucf_experiments/ciclo_experimental_1/data/data_crop/train/nBO2Wlr3LhU_1-3e62d35593_1_flip_lr_crop.mp4,1
3669,/content/drive/MyDrive/ucf_experiments/ciclo_experimental_1/data/data_blur/train/nNUeqFgG_0-eb541eaa0e_1_flip_lr_blur.mp4,/content/drive/MyDrive/ucf_experiments/ciclo_experimental_1/data/data_crop/train/nNUeqFgG_0-eb541eaa0e_1_flip_lr_crop.mp4,1
3670,/content/drive/MyDrive/ucf_experiments/ciclo_experimental_1/data/data_blur/train/nNUeqFgG_1-3ba1c18225_1_flip_lr_blur.mp4,/content/drive/MyDrive/ucf_experiments/ciclo_experimental_1/data/data_crop/train/nNUeqFgG_1-3ba1c18225_1_flip_lr_crop.mp4,1
3671,/content/drive/MyDrive/ucf_experiments/ciclo_experimental_1/data/data_blur/train/nNUeqFgG_3-eca95c9cac_1_flip_lr_blur.mp4,/content/drive/MyDrive/ucf_experiments/ciclo_experimental_1/data/data_crop/train/nNUeqFgG_3-eca95c9cac_1_flip_lr_crop.mp4,1
3672,/content/drive/MyDrive/ucf_experiments/ciclo_experimental_1/data/data_blur/train/nNUeqFgG_4-ac25528f3f_1_flip_lr_blur.mp4,/content/drive/MyDrive/ucf_experiments/ciclo_experimental_1/data/data_crop/train/nNUeqFgG_4-ac25528f3f_1_flip_lr_crop.mp4,1
3673,/content/drive/MyDrive/ucf_experiments/ciclo_experimental_1/data/data_blur/train/nNUeqFgG_5-b3d4c75d2f_1_flip_lr_blur.mp4,/content/drive/MyDrive/ucf_experiments/ciclo_experimental_1/data/data_crop/train/nNUeqFgG_5-b3d4c75d2f_1_flip_lr_crop.mp4,1
3674,/content/drive/MyDrive/ucf_experiments/ciclo_experimental_1/data/data_blur/train/NPeKBgURcxI_0-4a6185d97d_1_flip_lr_blur.mp4,/content/drive/MyDrive/ucf_experiments/ciclo_experimental_1/data/data_crop/train/NPeKBgURcxI_0-4a6185d97d_1_flip_lr_crop.mp4,1
3675,/content/drive/MyDrive/ucf_experiments/ciclo_experimental_1/data/data_blur/train/NPeKBgURcxI_1-45994a2852_1_flip_lr_blur.mp4,/content/drive/MyDrive/ucf_experiments/ciclo_experimental_1/data/data_crop/train/NPeKBgURcxI_1-45994a2852_1_flip_lr_crop.mp4,1
3676,/content/drive/MyDrive/ucf_experiments/ciclo_experimental_1/data/data_blur/train/NPeKBgURcxI_2-7b1ca360cc_1_flip_lr_blur.mp4,/content/drive/MyDrive/ucf_experiments/ciclo_experimental_1/data/data_crop/train/NPeKBgURcxI_2-7b1ca360cc_1_flip_lr_crop.mp4,1
3677,/content/drive/MyDrive/ucf_experiments/ciclo_experimental_1/data/data_blur/train/NpznjZe7A2M_0-5bd6564be9_1_flip_lr_blur.mp4,/content/drive/MyDrive/ucf_experiments/ciclo_experimental_1/data/data_crop/train/NpznjZe7A2M_0-5bd6564be9_1_flip_lr_crop.mp4,1
3678,/content/drive/MyDrive/ucf_experiments/ciclo_experimental_1/data/data_blur/train/NpznjZe7A2M_1-b0655e7569_1_flip_lr_blur.mp4,/content/drive/MyDrive/ucf_experiments/ciclo_experimental_1/data/data_crop/train/NpznjZe7A2M_1-b0655e7569_1_flip_lr_crop.mp4,1
3679,/content/drive/MyDrive/ucf_experiments/ciclo_experimental_1/data/data_blur/train/NvYo6CS_i_A_0-c8e6f59af5_1_flip_lr_blur.mp4,/content/drive/MyDrive/ucf_experiments/ciclo_experimental_1/data/data_crop/train/NvYo6CS_i_A_0-c8e6f59af5_1_flip_lr_crop.mp4,1
3680,/content/drive/MyDrive/ucf_experiments/ciclo_experimental_1/data/data_blur/train/NvYo6CS_i_A_1-539e8c9a20_1_flip_lr_blur.mp4,/content/drive/MyDrive/ucf_experiments/ciclo_experimental_1/data/data_crop/train/NvYo6CS_i_A_1-539e8c9a20_1_flip_lr_crop.mp4,1
3681,/content/drive/MyDrive/ucf_experiments/ciclo_experimental_1/data/data_blur/train/NvYo6CS_i_A_2-cbc6a6de2f_1_flip_lr_blur.mp4,/content/drive/MyDrive/ucf_experiments/ciclo_experimental_1/data/data_crop/train/NvYo6CS_i_A_2-cbc6a6de2f_1_flip_lr_crop.mp4,1
3682,/content/drive/MyDrive/ucf_experiments/ciclo_experimental_1/data/data_blur/train/NvYo6CS_i_A_3-8a8601537c_1_flip_lr_blur.mp4,/content/drive/MyDrive/ucf_experiments/ciclo_experimental_1/data/data_crop/train/NvYo6CS_i_A_3-8a8601537c_1_flip_lr_crop.mp4,1
3683,/content/drive/MyDrive/ucf_experiments/ciclo_experimental_1/data/data_blur/train/NxtwlqSnLbY_1-4aabaacc0c_1_flip_lr_blur.mp4,/content/drive/MyDrive/ucf_experiments/ciclo_experimental_1/data/data_crop/train/NxtwlqSnLbY_1-4aabaacc0c_1_flip_lr_crop.mp4,1
3684,/content/drive/MyDrive/ucf_experiments/ciclo_experimental_1/data/data_blur/train/NxtwlqSnLbY_2-3e6d8ad39e_1_flip_lr_blur.mp4,/content/drive/MyDrive/ucf_experiments/ciclo_experimental_1/data/data_crop/train/NxtwlqSnLbY_2-3e6d8ad39e_1_flip_lr_crop.mp4,1
3685,/content/drive/MyDrive/ucf_experiments/ciclo_experimental_1/data/data_blur/train/NxtwlqSnLbY_3-7a12a27cc7_1_flip_lr_blur.mp4,/content/drive/MyDrive/ucf_experiments/ciclo_experimental_1/data/data_crop/train/NxtwlqSnLbY_3-7a12a27cc7_1_flip_lr_crop.mp4,1
3686,/content/drive/MyDrive/ucf_experiments/ciclo_experimental_1/data/data_blur/train/NxtwlqSnLbY_4-729ffa4b5f_1_flip_lr_blur.mp4,/content/drive/MyDrive/ucf_experiments/ciclo_experimental_1/data/data_crop/train/NxtwlqSnLbY_4-729ffa4b5f_1_flip_lr_crop.mp4,1
3687,/content/drive/MyDrive/ucf_experiments/ciclo_experimental_1/data/data_blur/train/o9sRXy5r_0-efec2ffdb4_1_flip_lr_blur.mp4,/content/drive/MyDrive/ucf_experiments/ciclo_experimental_1/data/data_crop/train/o9sRXy5r_0-efec2ffdb4_1_flip_lr_crop.mp4,1
3688,/content/drive/MyDrive/ucf_experiments/ciclo_experimental_1/data/data_blur/train/o9sRXy5r_1-a56b3ce78c_1_flip_lr_blur.mp4,/content/drive/MyDrive/ucf_experiments/ciclo_experimental_1/data/data_crop/train/o9sRXy5r_1-a56b3ce78c_1_flip_lr_crop.mp4,1
3689,/content/drive/MyDrive/ucf_experiments/ciclo_experimental_1/data/data_blur/train/o9sRXy5r_2-6c08bfd7d2_1_flip_lr_blur.mp4,/content/drive/MyDrive/ucf_experiments/ciclo_experimental_1/data/data_crop/train/o9sRXy5r_2-6c08bfd7d2_1_flip_lr_crop.mp4,1
3690,/content/drive/MyDrive/ucf_experiments/ciclo_experimental_1/data/data_blur/train/o9sRXy5r_3-baaa347e86_1_flip_lr_blur.mp4,/content/drive/MyDrive/ucf_experiments/ciclo_experimental_1/data/data_crop/train/o9sRXy5r_3-baaa347e86_1_flip_lr_crop.mp4,1
3691,/content/drive/MyDrive/ucf_experiments/ciclo_experimental_1/data/data_blur/train/OAfV0xPIhZw_0-ea8753aeb3_1_flip_lr_blur.mp4,/content/drive/MyDrive/ucf_experiments/ciclo_experimental_1/data/data_crop/train/OAfV0xPIhZw_0-ea8753aeb3_1_flip_lr_crop.mp4,1
3692,/content/drive/MyDrive/ucf_experiments/ciclo_experimental_1/data/data_blur/train/OAfV0xPIhZw_1-26558ed515_1_flip_lr_blur.mp4,/content/drive/MyDrive/ucf_experiments/ciclo_experimental_1/data/data_crop/train/OAfV0xPIhZw_1-26558ed515_1_flip_lr_crop.mp4,1
3693,/content/drive/MyDrive/ucf_experiments/ciclo_experimental_1/data/data_blur/train/OAfV0xPIhZw_2-8a545642ee_1_flip_lr_blur.mp4,/content/drive/MyDrive/ucf_experiments/ciclo_experimental_1/data/data_crop/train/OAfV0xPIhZw_2-8a545642ee_1_flip_lr_crop.mp4,1
3694,/content/drive/MyDrive/ucf_experiments/ciclo_experimental_1/data/data_blur/train/OAfV0xPIhZw_3-3e9a9f729c_1_flip_lr_blur.mp4,/content/drive/MyDrive/ucf_experiments/ciclo_experimental_1/data/data_crop/train/OAfV0xPIhZw_3-3e9a9f729c_1_flip_lr_crop.mp4,1
3695,/content/drive/MyDrive/ucf_experiments/ciclo_experimental_1/data/data_blur/train/OAfV0xPIhZw_4-fad66c475a_1_flip_lr_blur.mp4,/content/drive/MyDrive/ucf_experiments/ciclo_experimental_1/data/data_crop/train/OAfV0xPIhZw_4-fad66c475a_1_flip_lr_crop.mp4,1
3696,/content/drive/MyDrive/ucf_experiments/ciclo_experimental_1/data/data_blur/train/oDGm-DOOyI4_0-28152d4052_1_flip_lr_blur.mp4,/content/drive/MyDrive/ucf_experiments/ciclo_experimental_1/data/data_crop/train/oDGm-DOOyI4_0-28152d4052_1_flip_lr_crop.mp4,1
3697,/content/drive/MyDrive/ucf_experiments/ciclo_experimental_1/data/data_blur/train/oDGm-DOOyI4_1-2a6c543a7d_1_flip_lr_blur.mp4,/content/drive/MyDrive/ucf_experiments/ciclo_experimental_1/data/data_crop/train/oDGm-DOOyI4_1-2a6c543a7d_1_flip_lr_crop.mp4,1
3698,/content/drive/MyDrive/ucf_experiments/ciclo_experimental_1/data/data_blur/train/oIEZ45OCmAw_0-437daa8d92_1_flip_lr_blur.mp4,/content/drive/MyDrive/ucf_experiments/ciclo_experimental_1/data/data_crop/train/oIEZ45OCmAw_0-437daa8d92_1_flip_lr_crop.mp4,1
3699,/content/drive/MyDrive/ucf_experiments/ciclo_experimental_1/data/data_blur/train/oIEZ45OCmAw_1-6444391394_1_flip_lr_blur.mp4,/content/drive/MyDrive/ucf_experiments/ciclo_experimental_1/data/data_crop/train/oIEZ45OCmAw_1-6444391394_1_flip_lr_crop.mp4,1
3700,/content/drive/MyDrive/ucf_experiments/ciclo_experimental_1/data/data_blur/train/oIEZ45OCmAw_2-f5e3c7ed5b_1_flip_lr_blur.mp4,/content/drive/MyDrive/ucf_experiments/ciclo_experimental_1/data/data_crop/train/oIEZ45OCmAw_2-f5e3c7ed5b_1_flip_lr_crop.mp4,1
3701,/content/drive/MyDrive/ucf_experiments/ciclo_experimental_1/data/data_blur/train/oIEZ45OCmAw_3-a05a4bad0c_1_flip_lr_blur.mp4,/content/drive/MyDrive/ucf_experiments/ciclo_experimental_1/data/data_crop/train/oIEZ45OCmAw_3-a05a4bad0c_1_flip_lr_crop.mp4,1
3702,/content/drive/MyDrive/ucf_experiments/ciclo_experimental_1/data/data_blur/train/oIEZ45OCmAw_4-f95d05e1ca_1_flip_lr_blur.mp4,/content/drive/MyDrive/ucf_experiments/ciclo_experimental_1/data/data_crop/train/oIEZ45OCmAw_4-f95d05e1ca_1_flip_lr_crop.mp4,1
3703,/content/drive/MyDrive/ucf_experiments/ciclo_experimental_1/data/data_blur/train/oM-goKOVjeU_0-83a8b67c46_1_flip_lr_blur.mp4,/content/drive/MyDrive/ucf_experiments/ciclo_experimental_1/data/data_crop/train/oM-goKOVjeU_0-83a8b67c46_1_flip_lr_crop.mp4,1
3704,/content/drive/MyDrive/ucf_experiments/ciclo_experimental_1/data/data_blur/train/oM-goKOVjeU_1-658e4ddf87_1_flip_lr_blur.mp4,/content/drive/MyDrive/ucf_experiments/ciclo_experimental_1/data/data_crop/train/oM-goKOVjeU_1-658e4ddf87_1_flip_lr_crop.mp4,1
3705,/content/drive/MyDrive/ucf_experiments/ciclo_experimental_1/data/data_blur/train/oowA6LToeTE_0-e220c53354_1_flip_lr_blur.mp4,/content/drive/MyDrive/ucf_experiments/ciclo_experimental_1/data/data_crop/train/oowA6LToeTE_0-e220c53354_1_flip_lr_crop.mp4,1
3706,/content/drive/MyDrive/ucf_experiments/ciclo_experimental_1/data/data_blur/train/oqCIUYdq_0-ed4e7c2303_1_flip_lr_blur.mp4,/content/drive/MyDrive/ucf_experiments/ciclo_experimental_1/data/data_crop/train/oqCIUYdq_0-ed4e7c2303_1_flip_lr_crop.mp4,1
3707,/content/drive/MyDrive/ucf_experiments/ciclo_experimental_1/data/data_blur/train/OTVE3eLAuUM_0-d61d79d54a_1_flip_lr_blur.mp4,/content/drive/MyDrive/ucf_experiments/ciclo_experimental_1/data/data_crop/train/OTVE3eLAuUM_0-d61d79d54a_1_flip_lr_crop.mp4,1
3708,/content/drive/MyDrive/ucf_experiments/ciclo_experimental_1/data/data_blur/train/OTVE3eLAuUM_1-80af89c403_1_flip_lr_blur.mp4,/content/drive/MyDrive/ucf_experiments/ciclo_experimental_1/data/data_crop/train/OTVE3eLAuUM_1-80af89c403_1_flip_lr_crop.mp4,1
3709,/content/drive/MyDrive/ucf_experiments/ciclo_experimental_1/data/data_blur/train/OTVE3eLAuUM_2-9410c149be_1_flip_lr_blur.mp4,/content/drive/MyDrive/ucf_experiments/ciclo_experimental_1/data/data_crop/train/OTVE3eLAuUM_2-9410c149be_1_flip_lr_crop.mp4,1
3710,/content/drive/MyDrive/ucf_experiments/ciclo_experimental_1/data/data_blur/train/Ou8ssKOQzI0_0-16819b5a14_1_flip_lr_blur.mp4,/content/drive/MyDrive/ucf_experiments/ciclo_experimental_1/data/data_crop/train/Ou8ssKOQzI0_0-16819b5a14_1_flip_lr_crop.mp4,1
3711,/content/drive/MyDrive/ucf_experiments/ciclo_experimental_1/data/data_blur/train/Ou8ssKOQzI0_1-7f905f415f_1_flip_lr_blur.mp4,/content/drive/MyDrive/ucf_experiments/ciclo_experimental_1/data/data_crop/train/Ou8ssKOQzI0_1-7f905f415f_1_flip_lr_crop.mp4,1
3712,/content/drive/MyDrive/ucf_experiments/ciclo_experimental_1/data/data_blur/train/Ou8ssKOQzI0_2-6b4e591f65_1_flip_lr_blur.mp4,/content/drive/MyDrive/ucf_experiments/ciclo_experimental_1/data/data_crop/train/Ou8ssKOQzI0_2-6b4e591f65_1_flip_lr_crop.mp4,1
3713,/content/drive/MyDrive/ucf_experiments/ciclo_experimental_1/data/data_blur/train/oVMhWJIpHnc_0-b3655ce765_1_flip_lr_blur.mp4,/content/drive/MyDrive/ucf_experiments/ciclo_experimental_1/data/data_crop/train/oVMhWJIpHnc_0-b3655ce765_1_flip_lr_crop.mp4,1
3714,/content/drive/MyDrive/ucf_experiments/ciclo_experimental_1/data/data_blur/train/oW8ySS0rN4Y_0-c492135258_1_flip_lr_blur.mp4,/content/drive/MyDrive/ucf_experiments/ciclo_experimental_1/data/data_crop/train/oW8ySS0rN4Y_0-c492135258_1_flip_lr_crop.mp4,1
3715,/content/drive/MyDrive/ucf_experiments/ciclo_experimental_1/data/data_blur/train/oW8ySS0rN4Y_1-1c19b99bc3_1_flip_lr_blur.mp4,/content/drive/MyDrive/ucf_experiments/ciclo_experimental_1/data/data_crop/train/oW8ySS0rN4Y_1-1c19b99bc3_1_flip_lr_crop.mp4,1
3716,/content/drive/MyDrive/ucf_experiments/ciclo_experimental_1/data/data_blur/train/p19HiyCX7EQ_0-4c1b881faa_1_flip_lr_blur.mp4,/content/drive/MyDrive/ucf_experiments/ciclo_experimental_1/data/data_crop/train/p19HiyCX7EQ_0-4c1b881faa_1_flip_lr_crop.mp4,1
3717,/content/drive/MyDrive/ucf_experiments/ciclo_experimental_1/data/data_blur/train/p19HiyCX7EQ_1-a2d53ad56b_1_flip_lr_blur.mp4,/content/drive/MyDrive/ucf_experiments/ciclo_experimental_1/data/data_crop/train/p19HiyCX7EQ_1-a2d53ad56b_1_flip_lr_crop.mp4,1
3718,/content/drive/MyDrive/ucf_experiments/ciclo_experimental_1/data/data_blur/train/p19HiyCX7EQ_2-13fd27c9dd_1_flip_lr_blur.mp4,/content/drive/MyDrive/ucf_experiments/ciclo_experimental_1/data/data_crop/train/p19HiyCX7EQ_2-13fd27c9dd_1_flip_lr_crop.mp4,1
3719,/content/drive/MyDrive/ucf_experiments/ciclo_experimental_1/data/data_blur/train/p1bUxYeJ_0-f8838ebef2_1_flip_lr_blur.mp4,/content/drive/MyDrive/ucf_experiments/ciclo_experimental_1/data/data_crop/train/p1bUxYeJ_0-f8838ebef2_1_flip_lr_crop.mp4,1
3720,/content/drive/MyDrive/ucf_experiments/ciclo_experimental_1/data/data_blur/train/p1bUxYeJ_1-7f7e1598a8_1_flip_lr_blur.mp4,/content/drive/MyDrive/ucf_experiments/ciclo_experimental_1/data/data_crop/train/p1bUxYeJ_1-7f7e1598a8_1_flip_lr_crop.mp4,1
3721,/content/drive/MyDrive/ucf_experiments/ciclo_experimental_1/data/data_blur/train/p1bUxYeJ_2-0b6fe4a1c7_1_flip_lr_blur.mp4,/content/drive/MyDrive/ucf_experiments/ciclo_experimental_1/data/data_crop/train/p1bUxYeJ_2-0b6fe4a1c7_1_flip_lr_crop.mp4,1
3722,/content/drive/MyDrive/ucf_experiments/ciclo_experimental_1/data/data_blur/train/p4DwXTNr-xc_0-51ba259e95_1_flip_lr_blur.mp4,/content/drive/MyDrive/ucf_experiments/ciclo_experimental_1/data/data_crop/train/p4DwXTNr-xc_0-51ba259e95_1_flip_lr_crop.mp4,1
3723,/content/drive/MyDrive/ucf_experiments/ciclo_experimental_1/data/data_blur/train/Pe1uIhp4dAQ_0-6d8b53d7a5_1_flip_lr_blur.mp4,/content/drive/MyDrive/ucf_experiments/ciclo_experimental_1/data/data_crop/train/Pe1uIhp4dAQ_0-6d8b53d7a5_1_flip_lr_crop.mp4,1
3724,/content/drive/MyDrive/ucf_experiments/ciclo_experimental_1/data/data_blur/train/Pe1uIhp4dAQ_1-b0d518b52c_1_flip_lr_blur.mp4,/content/drive/MyDrive/ucf_experiments/ciclo_experimental_1/data/data_crop/train/Pe1uIhp4dAQ_1-b0d518b52c_1_flip_lr_crop.mp4,1
3725,/content/drive/MyDrive/ucf_experiments/ciclo_experimental_1/data/data_blur/train/Pe1uIhp4dAQ_2-9d1c577b36_1_flip_lr_blur.mp4,/content/drive/MyDrive/ucf_experiments/ciclo_experimental_1/data/data_crop/train/Pe1uIhp4dAQ_2-9d1c577b36_1_flip_lr_crop.mp4,1
3726,/content/drive/MyDrive/ucf_experiments/ciclo_experimental_1/data/data_blur/train/Pe1uIhp4dAQ_3-30c3300443_1_flip_lr_blur.mp4,/content/drive/MyDrive/ucf_experiments/ciclo_experimental_1/data/data_crop/train/Pe1uIhp4dAQ_3-30c3300443_1_flip_lr_crop.mp4,1
3727,/content/drive/MyDrive/ucf_experiments/ciclo_experimental_1/data/data_blur/train/Pe1uIhp4dAQ_4-649aca9ee8_1_flip_lr_blur.mp4,/content/drive/MyDrive/ucf_experiments/ciclo_experimental_1/data/data_crop/train/Pe1uIhp4dAQ_4-649aca9ee8_1_flip_lr_crop.mp4,1
3728,/content/drive/MyDrive/ucf_experiments/ciclo_experimental_1/data/data_blur/train/PFw7SeFOD04_0-34fcc4184a_1_flip_lr_blur.mp4,/content/drive/MyDrive/ucf_experiments/ciclo_experimental_1/data/data_crop/train/PFw7SeFOD04_0-34fcc4184a_1_flip_lr_crop.mp4,1
3729,/content/drive/MyDrive/ucf_experiments/ciclo_experimental_1/data/data_blur/train/PFw7SeFOD04_1-6571c4bb41_1_flip_lr_blur.mp4,/content/drive/MyDrive/ucf_experiments/ciclo_experimental_1/data/data_crop/train/PFw7SeFOD04_1-6571c4bb41_1_flip_lr_crop.mp4,1
3730,/content/drive/MyDrive/ucf_experiments/ciclo_experimental_1/data/data_blur/train/PFw7SeFOD04_2-034a43d63d_1_flip_lr_blur.mp4,/content/drive/MyDrive/ucf_experiments/ciclo_experimental_1/data/data_crop/train/PFw7SeFOD04_2-034a43d63d_1_flip_lr_crop.mp4,1
3731,/content/drive/MyDrive/ucf_experiments/ciclo_experimental_1/data/data_blur/train/PFw7SeFOD04_3-5716eb5ac7_1_flip_lr_blur.mp4,/content/drive/MyDrive/ucf_experiments/ciclo_experimental_1/data/data_crop/train/PFw7SeFOD04_3-5716eb5ac7_1_flip_lr_crop.mp4,1
3732,/content/drive/MyDrive/ucf_experiments/ciclo_experimental_1/data/data_blur/train/PJDdPv2b9-s_0-51c5ae94e9_1_flip_lr_blur.mp4,/content/drive/MyDrive/ucf_experiments/ciclo_experimental_1/data/data_crop/train/PJDdPv2b9-s_0-51c5ae94e9_1_flip_lr_crop.mp4,1
3733,/content/drive/MyDrive/ucf_experiments/ciclo_experimental_1/data/data_blur/train/pKOUG5AqLpY_0-2eb0d80f9c_1_flip_lr_blur.mp4,/content/drive/MyDrive/ucf_experiments/ciclo_experimental_1/data/data_crop/train/pKOUG5AqLpY_0-2eb0d80f9c_1_flip_lr_crop.mp4,1
3734,/content/drive/MyDrive/ucf_experiments/ciclo_experimental_1/data/data_blur/train/pKOUG5AqLpY_1-b67fb11bf8_1_flip_lr_blur.mp4,/content/drive/MyDrive/ucf_experiments/ciclo_experimental_1/data/data_crop/train/pKOUG5AqLpY_1-b67fb11bf8_1_flip_lr_crop.mp4,1
3735,/content/drive/MyDrive/ucf_experiments/ciclo_experimental_1/data/data_blur/train/PlHzsigAFas_0-d10942f91e_1_flip_lr_blur.mp4,/content/drive/MyDrive/ucf_experiments/ciclo_experimental_1/data/data_crop/train/PlHzsigAFas_0-d10942f91e_1_flip_lr_crop.mp4,1
3736,/content/drive/MyDrive/ucf_experiments/ciclo_experimental_1/data/data_blur/train/PlHzsigAFas_1-55e20af08f_1_flip_lr_blur.mp4,/content/drive/MyDrive/ucf_experiments/ciclo_experimental_1/data/data_crop/train/PlHzsigAFas_1-55e20af08f_1_flip_lr_crop.mp4,1
3737,/content/drive/MyDrive/ucf_experiments/ciclo_experimental_1/data/data_blur/train/PlHzsigAFas_10-154ad137cb_1_flip_lr_blur.mp4,/content/drive/MyDrive/ucf_experiments/ciclo_experimental_1/data/data_crop/train/PlHzsigAFas_10-154ad137cb_1_flip_lr_crop.mp4,1
3738,/content/drive/MyDrive/ucf_experiments/ciclo_experimental_1/data/data_blur/train/PlHzsigAFas_11-ebb0da010c_1_flip_lr_blur.mp4,/content/drive/MyDrive/ucf_experiments/ciclo_experimental_1/data/data_crop/train/PlHzsigAFas_11-ebb0da010c_1_flip_lr_crop.mp4,1
3739,/content/drive/MyDrive/ucf_experiments/ciclo_experimental_1/data/data_blur/train/PlHzsigAFas_2-057ac11995_1_flip_lr_blur.mp4,/content/drive/MyDrive/ucf_experiments/ciclo_experimental_1/data/data_crop/train/PlHzsigAFas_2-057ac11995_1_flip_lr_crop.mp4,1
3740,/content/drive/MyDrive/ucf_experiments/ciclo_experimental_1/data/data_blur/train/PlHzsigAFas_3-11b0f2d3c0_1_flip_lr_blur.mp4,/content/drive/MyDrive/ucf_experiments/ciclo_experimental_1/data/data_crop/train/PlHzsigAFas_3-11b0f2d3c0_1_flip_lr_crop.mp4,1
3741,/content/drive/MyDrive/ucf_experiments/ciclo_experimental_1/data/data_blur/train/PlHzsigAFas_4-900946c516_1_flip_lr_blur.mp4,/content/drive/MyDrive/ucf_experiments/ciclo_experimental_1/data/data_crop/train/PlHzsigAFas_4-900946c516_1_flip_lr_crop.mp4,1
3742,/content/drive/MyDrive/ucf_experiments/ciclo_experimental_1/data/data_blur/train/PlHzsigAFas_5-6408d3df70_1_flip_lr_blur.mp4,/content/drive/MyDrive/ucf_experiments/ciclo_experimental_1/data/data_crop/train/PlHzsigAFas_5-6408d3df70_1_flip_lr_crop.mp4,1
3743,/content/drive/MyDrive/ucf_experiments/ciclo_experimental_1/data/data_blur/train/PlHzsigAFas_7-3fcdee5c59_1_flip_lr_blur.mp4,/content/drive/MyDrive/ucf_experiments/ciclo_experimental_1/data/data_crop/train/PlHzsigAFas_7-3fcdee5c59_1_flip_lr_crop.mp4,1
3744,/content/drive/MyDrive/ucf_experiments/ciclo_experimental_1/data/data_blur/train/PlHzsigAFas_8-a5d89f82fa_1_flip_lr_blur.mp4,/content/drive/MyDrive/ucf_experiments/ciclo_experimental_1/data/data_crop/train/PlHzsigAFas_8-a5d89f82fa_1_flip_lr_crop.mp4,1
3745,/content/drive/MyDrive/ucf_experiments/ciclo_experimental_1/data/data_blur/train/PlHzsigAFas_9-871153a445_1_flip_lr_blur.mp4,/content/drive/MyDrive/ucf_experiments/ciclo_experimental_1/data/data_crop/train/PlHzsigAFas_9-871153a445_1_flip_lr_crop.mp4,1
3746,/content/drive/MyDrive/ucf_experiments/ciclo_experimental_1/data/data_blur/train/POGFN_429-f8f85d8184_1_flip_lr_blur.mp4,/content/drive/MyDrive/ucf_experiments/ciclo_experimental_1/data/data_crop/train/POGFN_429-f8f85d8184_1_flip_lr_crop.mp4,1
3747,/content/drive/MyDrive/ucf_experiments/ciclo_experimental_1/data/data_blur/train/POGFN_430-456c96d26b_1_flip_lr_blur.mp4,/content/drive/MyDrive/ucf_experiments/ciclo_experimental_1/data/data_crop/train/POGFN_430-456c96d26b_1_flip_lr_crop.mp4,1
3748,/content/drive/MyDrive/ucf_experiments/ciclo_experimental_1/data/data_blur/train/POGFN_432-12122cd5fb_1_flip_lr_blur.mp4,/content/drive/MyDrive/ucf_experiments/ciclo_experimental_1/data/data_crop/train/POGFN_432-12122cd5fb_1_flip_lr_crop.mp4,1
3749,/content/drive/MyDrive/ucf_experiments/ciclo_experimental_1/data/data_blur/train/PTy2vx8Ejas_0-2ce5552c3c_1_flip_lr_blur.mp4,/content/drive/MyDrive/ucf_experiments/ciclo_experimental_1/data/data_crop/train/PTy2vx8Ejas_0-2ce5552c3c_1_flip_lr_crop.mp4,1
3750,/content/drive/MyDrive/ucf_experiments/ciclo_experimental_1/data/data_blur/train/PTy2vx8Ejas_1-3b98e40f04_1_flip_lr_blur.mp4,/content/drive/MyDrive/ucf_experiments/ciclo_experimental_1/data/data_crop/train/PTy2vx8Ejas_1-3b98e40f04_1_flip_lr_crop.mp4,1
3751,/content/drive/MyDrive/ucf_experiments/ciclo_experimental_1/data/data_blur/train/PTy2vx8Ejas_2-cbc9bbdcbd_1_flip_lr_blur.mp4,/content/drive/MyDrive/ucf_experiments/ciclo_experimental_1/data/data_crop/train/PTy2vx8Ejas_2-cbc9bbdcbd_1_flip_lr_crop.mp4,1
3752,/content/drive/MyDrive/ucf_experiments/ciclo_experimental_1/data/data_blur/train/PTy2vx8Ejas_3-a7b3dc3971_1_flip_lr_blur.mp4,/content/drive/MyDrive/ucf_experiments/ciclo_experimental_1/data/data_crop/train/PTy2vx8Ejas_3-a7b3dc3971_1_flip_lr_crop.mp4,1
3753,/content/drive/MyDrive/ucf_experiments/ciclo_experimental_1/data/data_blur/train/PTy2vx8Ejas_5-f4adbab8d3_1_flip_lr_blur.mp4,/content/drive/MyDrive/ucf_experiments/ciclo_experimental_1/data/data_crop/train/PTy2vx8Ejas_5-f4adbab8d3_1_flip_lr_crop.mp4,1
3754,/content/drive/MyDrive/ucf_experiments/ciclo_experimental_1/data/data_blur/train/Q1ycSrzoM2c_1-b2280fbe15_1_flip_lr_blur.mp4,/content/drive/MyDrive/ucf_experiments/ciclo_experimental_1/data/data_crop/train/Q1ycSrzoM2c_1-b2280fbe15_1_flip_lr_crop.mp4,1
3755,/content/drive/MyDrive/ucf_experiments/ciclo_experimental_1/data/data_blur/train/Q1ycSrzoM2c_2-c802d43c4a_1_flip_lr_blur.mp4,/content/drive/MyDrive/ucf_experiments/ciclo_experimental_1/data/data_crop/train/Q1ycSrzoM2c_2-c802d43c4a_1_flip_lr_crop.mp4,1
3756,/content/drive/MyDrive/ucf_experiments/ciclo_experimental_1/data/data_blur/train/QaIY5Au8yOc_0-9618badd81_1_flip_lr_blur.mp4,/content/drive/MyDrive/ucf_experiments/ciclo_experimental_1/data/data_crop/train/QaIY5Au8yOc_0-9618badd81_1_flip_lr_crop.mp4,1
3757,/content/drive/MyDrive/ucf_experiments/ciclo_experimental_1/data/data_blur/train/QaIY5Au8yOc_1-5db9c6171e_1_flip_lr_blur.mp4,/content/drive/MyDrive/ucf_experiments/ciclo_experimental_1/data/data_crop/train/QaIY5Au8yOc_1-5db9c6171e_1_flip_lr_crop.mp4,1
3758,/content/drive/MyDrive/ucf_experiments/ciclo_experimental_1/data/data_blur/train/QaIY5Au8yOc_2-897b0c29a0_1_flip_lr_blur.mp4,/content/drive/MyDrive/ucf_experiments/ciclo_experimental_1/data/data_crop/train/QaIY5Au8yOc_2-897b0c29a0_1_flip_lr_crop.mp4,1
3759,/content/drive/MyDrive/ucf_experiments/ciclo_experimental_1/data/data_blur/train/QkqaGJ9x_0-e16389e181_1_flip_lr_blur.mp4,/content/drive/MyDrive/ucf_experiments/ciclo_experimental_1/data/data_crop/train/QkqaGJ9x_0-e16389e181_1_flip_lr_crop.mp4,1
3760,/content/drive/MyDrive/ucf_experiments/ciclo_experimental_1/data/data_blur/train/QkqaGJ9x_1-d71da7fd3d_1_flip_lr_blur.mp4,/content/drive/MyDrive/ucf_experiments/ciclo_experimental_1/data/data_crop/train/QkqaGJ9x_1-d71da7fd3d_1_flip_lr_crop.mp4,1
3761,/content/drive/MyDrive/ucf_experiments/ciclo_experimental_1/data/data_blur/train/QkqaGJ9x_2-7aae4a3771_1_flip_lr_blur.mp4,/content/drive/MyDrive/ucf_experiments/ciclo_experimental_1/data/data_crop/train/QkqaGJ9x_2-7aae4a3771_1_flip_lr_crop.mp4,1
3762,/content/drive/MyDrive/ucf_experiments/ciclo_experimental_1/data/data_blur/train/QkqaGJ9x_3-f90a1de1fa_1_flip_lr_blur.mp4,/content/drive/MyDrive/ucf_experiments/ciclo_experimental_1/data/data_crop/train/QkqaGJ9x_3-f90a1de1fa_1_flip_lr_crop.mp4,1
3763,/content/drive/MyDrive/ucf_experiments/ciclo_experimental_1/data/data_blur/train/qmvilMkD57M_0-ea9bf00b09_1_flip_lr_blur.mp4,/content/drive/MyDrive/ucf_experiments/ciclo_experimental_1/data/data_crop/train/qmvilMkD57M_0-ea9bf00b09_1_flip_lr_crop.mp4,1
3764,/content/drive/MyDrive/ucf_experiments/ciclo_experimental_1/data/data_blur/train/qmvilMkD57M_1-8f55ee6fb3_1_flip_lr_blur.mp4,/content/drive/MyDrive/ucf_experiments/ciclo_experimental_1/data/data_crop/train/qmvilMkD57M_1-8f55ee6fb3_1_flip_lr_crop.mp4,1
3765,/content/drive/MyDrive/ucf_experiments/ciclo_experimental_1/data/data_blur/train/qrWTk-2a13o_1-4c8420999c_1_flip_lr_blur.mp4,/content/drive/MyDrive/ucf_experiments/ciclo_experimental_1/data/data_crop/train/qrWTk-2a13o_1-4c8420999c_1_flip_lr_crop.mp4,1
3766,/content/drive/MyDrive/ucf_experiments/ciclo_experimental_1/data/data_blur/train/qrWTk-2a13o_2-777ed7ac66_1_flip_lr_blur.mp4,/content/drive/MyDrive/ucf_experiments/ciclo_experimental_1/data/data_crop/train/qrWTk-2a13o_2-777ed7ac66_1_flip_lr_crop.mp4,1
3767,/content/drive/MyDrive/ucf_experiments/ciclo_experimental_1/data/data_blur/train/qrWTk-2a13o_3-7aa7d67a6f_1_flip_lr_blur.mp4,/content/drive/MyDrive/ucf_experiments/ciclo_experimental_1/data/data_crop/train/qrWTk-2a13o_3-7aa7d67a6f_1_flip_lr_crop.mp4,1
3768,/content/drive/MyDrive/ucf_experiments/ciclo_experimental_1/data/data_blur/train/QUGT4a6qcJs_0-d8d2c4efe8_1_flip_lr_blur.mp4,/content/drive/MyDrive/ucf_experiments/ciclo_experimental_1/data/data_crop/train/QUGT4a6qcJs_0-d8d2c4efe8_1_flip_lr_crop.mp4,1
3769,/content/drive/MyDrive/ucf_experiments/ciclo_experimental_1/data/data_blur/train/QUGT4a6qcJs_1-51df9a96b2_1_flip_lr_blur.mp4,/content/drive/MyDrive/ucf_experiments/ciclo_experimental_1/data/data_crop/train/QUGT4a6qcJs_1-51df9a96b2_1_flip_lr_crop.mp4,1
3770,/content/drive/MyDrive/ucf_experiments/ciclo_experimental_1/data/data_blur/train/QUGT4a6qcJs_2-fcf191011d_1_flip_lr_blur.mp4,/content/drive/MyDrive/ucf_experiments/ciclo_experimental_1/data/data_crop/train/QUGT4a6qcJs_2-fcf191011d_1_flip_lr_crop.mp4,1
3771,/content/drive/MyDrive/ucf_experiments/ciclo_experimental_1/data/data_blur/train/R1A_AxUKosk_0-535cae9e6d_1_flip_lr_blur.mp4,/content/drive/MyDrive/ucf_experiments/ciclo_experimental_1/data/data_crop/train/R1A_AxUKosk_0-535cae9e6d_1_flip_lr_crop.mp4,1
3772,/content/drive/MyDrive/ucf_experiments/ciclo_experimental_1/data/data_blur/train/R1A_AxUKosk_1-9bc2bbb9fa_1_flip_lr_blur.mp4,/content/drive/MyDrive/ucf_experiments/ciclo_experimental_1/data/data_crop/train/R1A_AxUKosk_1-9bc2bbb9fa_1_flip_lr_crop.mp4,1
3773,/content/drive/MyDrive/ucf_experiments/ciclo_experimental_1/data/data_blur/train/R1A_AxUKosk_2-d15c487c2e_1_flip_lr_blur.mp4,/content/drive/MyDrive/ucf_experiments/ciclo_experimental_1/data/data_crop/train/R1A_AxUKosk_2-d15c487c2e_1_flip_lr_crop.mp4,1
3774,/content/drive/MyDrive/ucf_experiments/ciclo_experimental_1/data/data_blur/train/R1A_AxUKosk_3-492f798f5e_1_flip_lr_blur.mp4,/content/drive/MyDrive/ucf_experiments/ciclo_experimental_1/data/data_crop/train/R1A_AxUKosk_3-492f798f5e_1_flip_lr_crop.mp4,1
3775,/content/drive/MyDrive/ucf_experiments/ciclo_experimental_1/data/data_blur/train/R1A_AxUKosk_4-65594c8bfa_1_flip_lr_blur.mp4,/content/drive/MyDrive/ucf_experiments/ciclo_experimental_1/data/data_crop/train/R1A_AxUKosk_4-65594c8bfa_1_flip_lr_crop.mp4,1
3776,/content/drive/MyDrive/ucf_experiments/ciclo_experimental_1/data/data_blur/train/r8PX3ZJ1_II_0-7dc0d82182_1_flip_lr_blur.mp4,/content/drive/MyDrive/ucf_experiments/ciclo_experimental_1/data/data_crop/train/r8PX3ZJ1_II_0-7dc0d82182_1_flip_lr_crop.mp4,1
3777,/content/drive/MyDrive/ucf_experiments/ciclo_experimental_1/data/data_blur/train/reg_495-fa382eadd3_1_flip_lr_blur.mp4,/content/drive/MyDrive/ucf_experiments/ciclo_experimental_1/data/data_crop/train/reg_495-fa382eadd3_1_flip_lr_crop.mp4,1
3778,/content/drive/MyDrive/ucf_experiments/ciclo_experimental_1/data/data_blur/train/rfthfd_534-70310c3451_1_flip_lr_blur.mp4,/content/drive/MyDrive/ucf_experiments/ciclo_experimental_1/data/data_crop/train/rfthfd_534-70310c3451_1_flip_lr_crop.mp4,1
3779,/content/drive/MyDrive/ucf_experiments/ciclo_experimental_1/data/data_blur/train/rfthfd_535-fa0d5f20cf_1_flip_lr_blur.mp4,/content/drive/MyDrive/ucf_experiments/ciclo_experimental_1/data/data_crop/train/rfthfd_535-fa0d5f20cf_1_flip_lr_crop.mp4,1
3780,/content/drive/MyDrive/ucf_experiments/ciclo_experimental_1/data/data_blur/train/rfthfd_536-771a98a734_1_flip_lr_blur.mp4,/content/drive/MyDrive/ucf_experiments/ciclo_experimental_1/data/data_crop/train/rfthfd_536-771a98a734_1_flip_lr_crop.mp4,1
3781,/content/drive/MyDrive/ucf_experiments/ciclo_experimental_1/data/data_blur/train/rfthfd_537-e2677b08a6_1_flip_lr_blur.mp4,/content/drive/MyDrive/ucf_experiments/ciclo_experimental_1/data/data_crop/train/rfthfd_537-e2677b08a6_1_flip_lr_crop.mp4,1
3782,/content/drive/MyDrive/ucf_experiments/ciclo_experimental_1/data/data_blur/train/rfthfd_538-df3628aa9b_1_flip_lr_blur.mp4,/content/drive/MyDrive/ucf_experiments/ciclo_experimental_1/data/data_crop/train/rfthfd_538-df3628aa9b_1_flip_lr_crop.mp4,1
3783,/content/drive/MyDrive/ucf_experiments/ciclo_experimental_1/data/data_blur/train/RGIpCpdlzI8_0-d80023cb23_1_flip_lr_blur.mp4,/content/drive/MyDrive/ucf_experiments/ciclo_experimental_1/data/data_crop/train/RGIpCpdlzI8_0-d80023cb23_1_flip_lr_crop.mp4,1
3784,/content/drive/MyDrive/ucf_experiments/ciclo_experimental_1/data/data_blur/train/Ri_poPbOu-k_0-f698d1560d_1_flip_lr_blur.mp4,/content/drive/MyDrive/ucf_experiments/ciclo_experimental_1/data/data_crop/train/Ri_poPbOu-k_0-f698d1560d_1_flip_lr_crop.mp4,1
3785,/content/drive/MyDrive/ucf_experiments/ciclo_experimental_1/data/data_blur/train/Ri_poPbOu-k_1-018c4cd911_1_flip_lr_blur.mp4,/content/drive/MyDrive/ucf_experiments/ciclo_experimental_1/data/data_crop/train/Ri_poPbOu-k_1-018c4cd911_1_flip_lr_crop.mp4,1
3786,/content/drive/MyDrive/ucf_experiments/ciclo_experimental_1/data/data_blur/train/Ri_poPbOu-k_2-407f14e94a_1_flip_lr_blur.mp4,/content/drive/MyDrive/ucf_experiments/ciclo_experimental_1/data/data_crop/train/Ri_poPbOu-k_2-407f14e94a_1_flip_lr_crop.mp4,1
3787,/content/drive/MyDrive/ucf_experiments/ciclo_experimental_1/data/data_blur/train/rn7Qjaj9_0-eaa9257a55_1_flip_lr_blur.mp4,/content/drive/MyDrive/ucf_experiments/ciclo_experimental_1/data/data_crop/train/rn7Qjaj9_0-eaa9257a55_1_flip_lr_crop.mp4,1
3788,/content/drive/MyDrive/ucf_experiments/ciclo_experimental_1/data/data_blur/train/rn7Qjaj9_1-8dd81b97c7_1_flip_lr_blur.mp4,/content/drive/MyDrive/ucf_experiments/ciclo_experimental_1/data/data_crop/train/rn7Qjaj9_1-8dd81b97c7_1_flip_lr_crop.mp4,1
3789,/content/drive/MyDrive/ucf_experiments/ciclo_experimental_1/data/data_blur/train/ROiHwksPSrg_0-3a41af20b8_1_flip_lr_blur.mp4,/content/drive/MyDrive/ucf_experiments/ciclo_experimental_1/data/data_crop/train/ROiHwksPSrg_0-3a41af20b8_1_flip_lr_crop.mp4,1
3790,/content/drive/MyDrive/ucf_experiments/ciclo_experimental_1/data/data_blur/train/RTCFGASH_573-02442cd972_1_flip_lr_blur.mp4,/content/drive/MyDrive/ucf_experiments/ciclo_experimental_1/data/data_crop/train/RTCFGASH_573-02442cd972_1_flip_lr_crop.mp4,1
3791,/content/drive/MyDrive/ucf_experiments/ciclo_experimental_1/data/data_blur/train/RTCFGASH_579-28dbe42039_1_flip_lr_blur.mp4,/content/drive/MyDrive/ucf_experiments/ciclo_experimental_1/data/data_crop/train/RTCFGASH_579-28dbe42039_1_flip_lr_crop.mp4,1
3792,/content/drive/MyDrive/ucf_experiments/ciclo_experimental_1/data/data_blur/train/RTDSFDSA_673-059ff876c1_1_flip_lr_blur.mp4,/content/drive/MyDrive/ucf_experiments/ciclo_experimental_1/data/data_crop/train/RTDSFDSA_673-059ff876c1_1_flip_lr_crop.mp4,1
3793,/content/drive/MyDrive/ucf_experiments/ciclo_experimental_1/data/data_blur/train/RTDSFDSA_674-7cf14654f2_1_flip_lr_blur.mp4,/content/drive/MyDrive/ucf_experiments/ciclo_experimental_1/data/data_crop/train/RTDSFDSA_674-7cf14654f2_1_flip_lr_crop.mp4,1
3794,/content/drive/MyDrive/ucf_experiments/ciclo_experimental_1/data/data_blur/train/RTDSFDSA_675-19a8356237_1_flip_lr_blur.mp4,/content/drive/MyDrive/ucf_experiments/ciclo_experimental_1/data/data_crop/train/RTDSFDSA_675-19a8356237_1_flip_lr_crop.mp4,1
3795,/content/drive/MyDrive/ucf_experiments/ciclo_experimental_1/data/data_blur/train/RTDSFDSA_676-b7445c192c_1_flip_lr_blur.mp4,/content/drive/MyDrive/ucf_experiments/ciclo_experimental_1/data/data_crop/train/RTDSFDSA_676-b7445c192c_1_flip_lr_crop.mp4,1
3796,/content/drive/MyDrive/ucf_experiments/ciclo_experimental_1/data/data_blur/train/RTDSFDSA_677-ccd08ac3e2_1_flip_lr_blur.mp4,/content/drive/MyDrive/ucf_experiments/ciclo_experimental_1/data/data_crop/train/RTDSFDSA_677-ccd08ac3e2_1_flip_lr_crop.mp4,1
3797,/content/drive/MyDrive/ucf_experiments/ciclo_experimental_1/data/data_blur/train/RYFG_774-9eb4a25134_1_flip_lr_blur.mp4,/content/drive/MyDrive/ucf_experiments/ciclo_experimental_1/data/data_crop/train/RYFG_774-9eb4a25134_1_flip_lr_crop.mp4,1
3798,/content/drive/MyDrive/ucf_experiments/ciclo_experimental_1/data/data_blur/train/RYFG_775-07b2036c79_1_flip_lr_blur.mp4,/content/drive/MyDrive/ucf_experiments/ciclo_experimental_1/data/data_crop/train/RYFG_775-07b2036c79_1_flip_lr_crop.mp4,1
3799,/content/drive/MyDrive/ucf_experiments/ciclo_experimental_1/data/data_blur/train/RYFG_776-7330d263ab_1_flip_lr_blur.mp4,/content/drive/MyDrive/ucf_experiments/ciclo_experimental_1/data/data_crop/train/RYFG_776-7330d263ab_1_flip_lr_crop.mp4,1
3800,/content/drive/MyDrive/ucf_experiments/ciclo_experimental_1/data/data_blur/train/RYFG_777-00176a39e8_1_flip_lr_blur.mp4,/content/drive/MyDrive/ucf_experiments/ciclo_experimental_1/data/data_crop/train/RYFG_777-00176a39e8_1_flip_lr_crop.mp4,1
3801,/content/drive/MyDrive/ucf_experiments/ciclo_experimental_1/data/data_blur/train/RYFG_778-e89eb8ecd8_1_flip_lr_blur.mp4,/content/drive/MyDrive/ucf_experiments/ciclo_experimental_1/data/data_crop/train/RYFG_778-e89eb8ecd8_1_flip_lr_crop.mp4,1
3802,/content/drive/MyDrive/ucf_experiments/ciclo_experimental_1/data/data_blur/train/RYFG_779-dbfbea9df7_1_flip_lr_blur.mp4,/content/drive/MyDrive/ucf_experiments/ciclo_experimental_1/data/data_crop/train/RYFG_779-dbfbea9df7_1_flip_lr_crop.mp4,1
3803,/content/drive/MyDrive/ucf_experiments/ciclo_experimental_1/data/data_blur/train/RYFG_781-6fb047d990_1_flip_lr_blur.mp4,/content/drive/MyDrive/ucf_experiments/ciclo_experimental_1/data/data_crop/train/RYFG_781-6fb047d990_1_flip_lr_crop.mp4,1
3804,/content/drive/MyDrive/ucf_experiments/ciclo_experimental_1/data/data_blur/train/s-jW4cyavW0_0-77604786c3_1_flip_lr_blur.mp4,/content/drive/MyDrive/ucf_experiments/ciclo_experimental_1/data/data_crop/train/s-jW4cyavW0_0-77604786c3_1_flip_lr_crop.mp4,1
3805,/content/drive/MyDrive/ucf_experiments/ciclo_experimental_1/data/data_blur/train/s-jW4cyavW0_1-763fcfe531_1_flip_lr_blur.mp4,/content/drive/MyDrive/ucf_experiments/ciclo_experimental_1/data/data_crop/train/s-jW4cyavW0_1-763fcfe531_1_flip_lr_crop.mp4,1
3806,/content/drive/MyDrive/ucf_experiments/ciclo_experimental_1/data/data_blur/train/s-jW4cyavW0_2-e2972484c7_1_flip_lr_blur.mp4,/content/drive/MyDrive/ucf_experiments/ciclo_experimental_1/data/data_crop/train/s-jW4cyavW0_2-e2972484c7_1_flip_lr_crop.mp4,1
3807,/content/drive/MyDrive/ucf_experiments/ciclo_experimental_1/data/data_blur/train/s3gaPKuW_0-5a0d064261_1_flip_lr_blur.mp4,/content/drive/MyDrive/ucf_experiments/ciclo_experimental_1/data/data_crop/train/s3gaPKuW_0-5a0d064261_1_flip_lr_crop.mp4,1
3808,/content/drive/MyDrive/ucf_experiments/ciclo_experimental_1/data/data_blur/train/s3gaPKuW_1-9013f6c600_1_flip_lr_blur.mp4,/content/drive/MyDrive/ucf_experiments/ciclo_experimental_1/data/data_crop/train/s3gaPKuW_1-9013f6c600_1_flip_lr_crop.mp4,1
3809,/content/drive/MyDrive/ucf_experiments/ciclo_experimental_1/data/data_blur/train/sadffg_950-e341be53b9_1_flip_lr_blur.mp4,/content/drive/MyDrive/ucf_experiments/ciclo_experimental_1/data/data_crop/train/sadffg_950-e341be53b9_1_flip_lr_crop.mp4,1
3810,/content/drive/MyDrive/ucf_experiments/ciclo_experimental_1/data/data_blur/train/sadsa_956-9bfb1568e2_1_flip_lr_blur.mp4,/content/drive/MyDrive/ucf_experiments/ciclo_experimental_1/data/data_crop/train/sadsa_956-9bfb1568e2_1_flip_lr_crop.mp4,1
3811,/content/drive/MyDrive/ucf_experiments/ciclo_experimental_1/data/data_blur/train/sadsa_957-4c51406778_1_flip_lr_blur.mp4,/content/drive/MyDrive/ucf_experiments/ciclo_experimental_1/data/data_crop/train/sadsa_957-4c51406778_1_flip_lr_crop.mp4,1
3812,/content/drive/MyDrive/ucf_experiments/ciclo_experimental_1/data/data_blur/train/sadsa_958-4bdb1be8e9_1_flip_lr_blur.mp4,/content/drive/MyDrive/ucf_experiments/ciclo_experimental_1/data/data_crop/train/sadsa_958-4bdb1be8e9_1_flip_lr_crop.mp4,1
3813,/content/drive/MyDrive/ucf_experiments/ciclo_experimental_1/data/data_blur/train/sadsa_959-43b6edd268_1_flip_lr_blur.mp4,/content/drive/MyDrive/ucf_experiments/ciclo_experimental_1/data/data_crop/train/sadsa_959-43b6edd268_1_flip_lr_crop.mp4,1
3814,/content/drive/MyDrive/ucf_experiments/ciclo_experimental_1/data/data_blur/train/sadsa_960-88cdcf4781_1_flip_lr_blur.mp4,/content/drive/MyDrive/ucf_experiments/ciclo_experimental_1/data/data_crop/train/sadsa_960-88cdcf4781_1_flip_lr_crop.mp4,1
3815,/content/drive/MyDrive/ucf_experiments/ciclo_experimental_1/data/data_blur/train/sadsa_961-2672327b87_1_flip_lr_blur.mp4,/content/drive/MyDrive/ucf_experiments/ciclo_experimental_1/data/data_crop/train/sadsa_961-2672327b87_1_flip_lr_crop.mp4,1
3816,/content/drive/MyDrive/ucf_experiments/ciclo_experimental_1/data/data_blur/train/SCnBiAteLVI_0-159a783044_1_flip_lr_blur.mp4,/content/drive/MyDrive/ucf_experiments/ciclo_experimental_1/data/data_crop/train/SCnBiAteLVI_0-159a783044_1_flip_lr_crop.mp4,1
3817,/content/drive/MyDrive/ucf_experiments/ciclo_experimental_1/data/data_blur/train/SCnBiAteLVI_1-66715671bb_1_flip_lr_blur.mp4,/content/drive/MyDrive/ucf_experiments/ciclo_experimental_1/data/data_crop/train/SCnBiAteLVI_1-66715671bb_1_flip_lr_crop.mp4,1
3818,/content/drive/MyDrive/ucf_experiments/ciclo_experimental_1/data/data_blur/train/SGntTioECg4_997-3ace2799c4_1_flip_lr_blur.mp4,/content/drive/MyDrive/ucf_experiments/ciclo_experimental_1/data/data_crop/train/SGntTioECg4_997-3ace2799c4_1_flip_lr_crop.mp4,1
3819,/content/drive/MyDrive/ucf_experiments/ciclo_experimental_1/data/data_blur/train/SGntTioECg4_999-c00b898a0b_1_flip_lr_blur.mp4,/content/drive/MyDrive/ucf_experiments/ciclo_experimental_1/data/data_crop/train/SGntTioECg4_999-c00b898a0b_1_flip_lr_crop.mp4,1
3820,/content/drive/MyDrive/ucf_experiments/ciclo_experimental_1/data/data_blur/train/SjJEt0drQZs_0-f2b7dfb2ac_1_flip_lr_blur.mp4,/content/drive/MyDrive/ucf_experiments/ciclo_experimental_1/data/data_crop/train/SjJEt0drQZs_0-f2b7dfb2ac_1_flip_lr_crop.mp4,1
3821,/content/drive/MyDrive/ucf_experiments/ciclo_experimental_1/data/data_blur/train/SmBrtaGJ_0-c6a93690d8_1_flip_lr_blur.mp4,/content/drive/MyDrive/ucf_experiments/ciclo_experimental_1/data/data_crop/train/SmBrtaGJ_0-c6a93690d8_1_flip_lr_crop.mp4,1
3822,/content/drive/MyDrive/ucf_experiments/ciclo_experimental_1/data/data_blur/train/SmBrtaGJ_1-3b2a6a139c_1_flip_lr_blur.mp4,/content/drive/MyDrive/ucf_experiments/ciclo_experimental_1/data/data_crop/train/SmBrtaGJ_1-3b2a6a139c_1_flip_lr_crop.mp4,1
3823,/content/drive/MyDrive/ucf_experiments/ciclo_experimental_1/data/data_blur/train/SNGRni0hBUM_0-df8911199c_1_flip_lr_blur.mp4,/content/drive/MyDrive/ucf_experiments/ciclo_experimental_1/data/data_crop/train/SNGRni0hBUM_0-df8911199c_1_flip_lr_crop.mp4,1
3824,/content/drive/MyDrive/ucf_experiments/ciclo_experimental_1/data/data_blur/train/Suv_mMs8J9g_0-86d45f05f1_1_flip_lr_blur.mp4,/content/drive/MyDrive/ucf_experiments/ciclo_experimental_1/data/data_crop/train/Suv_mMs8J9g_0-86d45f05f1_1_flip_lr_crop.mp4,1
3825,/content/drive/MyDrive/ucf_experiments/ciclo_experimental_1/data/data_blur/train/SXd2yu2LHv0_0-013a2a712d_1_flip_lr_blur.mp4,/content/drive/MyDrive/ucf_experiments/ciclo_experimental_1/data/data_crop/train/SXd2yu2LHv0_0-013a2a712d_1_flip_lr_crop.mp4,1
3826,/content/drive/MyDrive/ucf_experiments/ciclo_experimental_1/data/data_blur/train/SXd2yu2LHv0_1-4f33e4256d_1_flip_lr_blur.mp4,/content/drive/MyDrive/ucf_experiments/ciclo_experimental_1/data/data_crop/train/SXd2yu2LHv0_1-4f33e4256d_1_flip_lr_crop.mp4,1
3827,/content/drive/MyDrive/ucf_experiments/ciclo_experimental_1/data/data_blur/train/SXd2yu2LHv0_2-6e629783be_1_flip_lr_blur.mp4,/content/drive/MyDrive/ucf_experiments/ciclo_experimental_1/data/data_crop/train/SXd2yu2LHv0_2-6e629783be_1_flip_lr_crop.mp4,1
3828,/content/drive/MyDrive/ucf_experiments/ciclo_experimental_1/data/data_blur/train/t2z75yT2S_M_0-b06e3ab57b_1_flip_lr_blur.mp4,/content/drive/MyDrive/ucf_experiments/ciclo_experimental_1/data/data_crop/train/t2z75yT2S_M_0-b06e3ab57b_1_flip_lr_crop.mp4,1
3829,/content/drive/MyDrive/ucf_experiments/ciclo_experimental_1/data/data_blur/train/t2z75yT2S_M_1-d2631db437_1_flip_lr_blur.mp4,/content/drive/MyDrive/ucf_experiments/ciclo_experimental_1/data/data_crop/train/t2z75yT2S_M_1-d2631db437_1_flip_lr_crop.mp4,1
3830,/content/drive/MyDrive/ucf_experiments/ciclo_experimental_1/data/data_blur/train/T56HlypCEyU_0-471f560a1d_1_flip_lr_blur.mp4,/content/drive/MyDrive/ucf_experiments/ciclo_experimental_1/data/data_crop/train/T56HlypCEyU_0-471f560a1d_1_flip_lr_crop.mp4,1
3831,/content/drive/MyDrive/ucf_experiments/ciclo_experimental_1/data/data_blur/train/T56HlypCEyU_1-d286a533c3_1_flip_lr_blur.mp4,/content/drive/MyDrive/ucf_experiments/ciclo_experimental_1/data/data_crop/train/T56HlypCEyU_1-d286a533c3_1_flip_lr_crop.mp4,1
3832,/content/drive/MyDrive/ucf_experiments/ciclo_experimental_1/data/data_blur/train/T56HlypCEyU_2-e4e551cb69_1_flip_lr_blur.mp4,/content/drive/MyDrive/ucf_experiments/ciclo_experimental_1/data/data_crop/train/T56HlypCEyU_2-e4e551cb69_1_flip_lr_crop.mp4,1
3833,/content/drive/MyDrive/ucf_experiments/ciclo_experimental_1/data/data_blur/train/ThiaJUQ8_1-56babbb58f_1_flip_lr_blur.mp4,/content/drive/MyDrive/ucf_experiments/ciclo_experimental_1/data/data_crop/train/ThiaJUQ8_1-56babbb58f_1_flip_lr_crop.mp4,1
3834,/content/drive/MyDrive/ucf_experiments/ciclo_experimental_1/data/data_blur/train/ThiaJUQ8_2-af424c391d_1_flip_lr_blur.mp4,/content/drive/MyDrive/ucf_experiments/ciclo_experimental_1/data/data_crop/train/ThiaJUQ8_2-af424c391d_1_flip_lr_crop.mp4,1
3835,/content/drive/MyDrive/ucf_experiments/ciclo_experimental_1/data/data_blur/train/ThiaJUQ8_3-91d823b108_1_flip_lr_blur.mp4,/content/drive/MyDrive/ucf_experiments/ciclo_experimental_1/data/data_crop/train/ThiaJUQ8_3-91d823b108_1_flip_lr_crop.mp4,1
3836,/content/drive/MyDrive/ucf_experiments/ciclo_experimental_1/data/data_blur/train/tILABXoHE7s_0-da96f71705_1_flip_lr_blur.mp4,/content/drive/MyDrive/ucf_experiments/ciclo_experimental_1/data/data_crop/train/tILABXoHE7s_0-da96f71705_1_flip_lr_crop.mp4,1
3837,/content/drive/MyDrive/ucf_experiments/ciclo_experimental_1/data/data_blur/train/tILABXoHE7s_1-09e778a2b8_1_flip_lr_blur.mp4,/content/drive/MyDrive/ucf_experiments/ciclo_experimental_1/data/data_crop/train/tILABXoHE7s_1-09e778a2b8_1_flip_lr_crop.mp4,1
3838,/content/drive/MyDrive/ucf_experiments/ciclo_experimental_1/data/data_blur/train/tILABXoHE7s_2-deecfd1a78_1_flip_lr_blur.mp4,/content/drive/MyDrive/ucf_experiments/ciclo_experimental_1/data/data_crop/train/tILABXoHE7s_2-deecfd1a78_1_flip_lr_crop.mp4,1
3839,/content/drive/MyDrive/ucf_experiments/ciclo_experimental_1/data/data_blur/train/tILABXoHE7s_3-5e42f9a401_1_flip_lr_blur.mp4,/content/drive/MyDrive/ucf_experiments/ciclo_experimental_1/data/data_crop/train/tILABXoHE7s_3-5e42f9a401_1_flip_lr_crop.mp4,1
3840,/content/drive/MyDrive/ucf_experiments/ciclo_experimental_1/data/data_blur/train/tILABXoHE7s_4-66cd56307a_1_flip_lr_blur.mp4,/content/drive/MyDrive/ucf_experiments/ciclo_experimental_1/data/data_crop/train/tILABXoHE7s_4-66cd56307a_1_flip_lr_crop.mp4,1
3841,/content/drive/MyDrive/ucf_experiments/ciclo_experimental_1/data/data_blur/train/tILABXoHE7s_5-ea75867b7e_1_flip_lr_blur.mp4,/content/drive/MyDrive/ucf_experiments/ciclo_experimental_1/data/data_crop/train/tILABXoHE7s_5-ea75867b7e_1_flip_lr_crop.mp4,1
3842,/content/drive/MyDrive/ucf_experiments/ciclo_experimental_1/data/data_blur/train/tIvvuvuJFYc_0-9c023242a5_1_flip_lr_blur.mp4,/content/drive/MyDrive/ucf_experiments/ciclo_experimental_1/data/data_crop/train/tIvvuvuJFYc_0-9c023242a5_1_flip_lr_crop.mp4,1
3843,/content/drive/MyDrive/ucf_experiments/ciclo_experimental_1/data/data_blur/train/tIvvuvuJFYc_1-9d43a0aeb2_1_flip_lr_blur.mp4,/content/drive/MyDrive/ucf_experiments/ciclo_experimental_1/data/data_crop/train/tIvvuvuJFYc_1-9d43a0aeb2_1_flip_lr_crop.mp4,1
3844,/content/drive/MyDrive/ucf_experiments/ciclo_experimental_1/data/data_blur/train/tIvvuvuJFYc_2-62153e65db_1_flip_lr_blur.mp4,/content/drive/MyDrive/ucf_experiments/ciclo_experimental_1/data/data_crop/train/tIvvuvuJFYc_2-62153e65db_1_flip_lr_crop.mp4,1
3845,/content/drive/MyDrive/ucf_experiments/ciclo_experimental_1/data/data_blur/train/TJfoIe801t8_0-d60e72ad7c_1_flip_lr_blur.mp4,/content/drive/MyDrive/ucf_experiments/ciclo_experimental_1/data/data_crop/train/TJfoIe801t8_0-d60e72ad7c_1_flip_lr_crop.mp4,1
3846,/content/drive/MyDrive/ucf_experiments/ciclo_experimental_1/data/data_blur/train/TKBcD3J9Cc8_0-f733b64b7b_1_flip_lr_blur.mp4,/content/drive/MyDrive/ucf_experiments/ciclo_experimental_1/data/data_crop/train/TKBcD3J9Cc8_0-f733b64b7b_1_flip_lr_crop.mp4,1
3847,/content/drive/MyDrive/ucf_experiments/ciclo_experimental_1/data/data_blur/train/TKBcD3J9Cc8_1-294a9b2ac9_1_flip_lr_blur.mp4,/content/drive/MyDrive/ucf_experiments/ciclo_experimental_1/data/data_crop/train/TKBcD3J9Cc8_1-294a9b2ac9_1_flip_lr_crop.mp4,1
3848,/content/drive/MyDrive/ucf_experiments/ciclo_experimental_1/data/data_blur/train/TKBcD3J9Cc8_2-7ad7126858_1_flip_lr_blur.mp4,/content/drive/MyDrive/ucf_experiments/ciclo_experimental_1/data/data_crop/train/TKBcD3J9Cc8_2-7ad7126858_1_flip_lr_crop.mp4,1
3849,/content/drive/MyDrive/ucf_experiments/ciclo_experimental_1/data/data_blur/train/trhfd_1015-1aa7dcbef1_1_flip_lr_blur.mp4,/content/drive/MyDrive/ucf_experiments/ciclo_experimental_1/data/data_crop/train/trhfd_1015-1aa7dcbef1_1_flip_lr_crop.mp4,1
3850,/content/drive/MyDrive/ucf_experiments/ciclo_experimental_1/data/data_blur/train/trhfd_1016-8eb07b196d_1_flip_lr_blur.mp4,/content/drive/MyDrive/ucf_experiments/ciclo_experimental_1/data/data_crop/train/trhfd_1016-8eb07b196d_1_flip_lr_crop.mp4,1
3851,/content/drive/MyDrive/ucf_experiments/ciclo_experimental_1/data/data_blur/train/trhfd_1017-8086dbf222_1_flip_lr_blur.mp4,/content/drive/MyDrive/ucf_experiments/ciclo_experimental_1/data/data_crop/train/trhfd_1017-8086dbf222_1_flip_lr_crop.mp4,1
3852,/content/drive/MyDrive/ucf_experiments/ciclo_experimental_1/data/data_blur/train/trhfd_1018-bf753c9b70_1_flip_lr_blur.mp4,/content/drive/MyDrive/ucf_experiments/ciclo_experimental_1/data/data_crop/train/trhfd_1018-bf753c9b70_1_flip_lr_crop.mp4,1
3853,/content/drive/MyDrive/ucf_experiments/ciclo_experimental_1/data/data_blur/train/trhfd_1019-e5385dc365_1_flip_lr_blur.mp4,/content/drive/MyDrive/ucf_experiments/ciclo_experimental_1/data/data_crop/train/trhfd_1019-e5385dc365_1_flip_lr_crop.mp4,1
3854,/content/drive/MyDrive/ucf_experiments/ciclo_experimental_1/data/data_blur/train/truutrdf_1081-99029602d5_1_flip_lr_blur.mp4,/content/drive/MyDrive/ucf_experiments/ciclo_experimental_1/data/data_crop/train/truutrdf_1081-99029602d5_1_flip_lr_crop.mp4,1
3855,/content/drive/MyDrive/ucf_experiments/ciclo_experimental_1/data/data_blur/train/truutrdf_1082-8eca9fce58_1_flip_lr_blur.mp4,/content/drive/MyDrive/ucf_experiments/ciclo_experimental_1/data/data_crop/train/truutrdf_1082-8eca9fce58_1_flip_lr_crop.mp4,1
3856,/content/drive/MyDrive/ucf_experiments/ciclo_experimental_1/data/data_blur/train/truutrdf_1083-746075630a_1_flip_lr_blur.mp4,/content/drive/MyDrive/ucf_experiments/ciclo_experimental_1/data/data_crop/train/truutrdf_1083-746075630a_1_flip_lr_crop.mp4,1
3857,/content/drive/MyDrive/ucf_experiments/ciclo_experimental_1/data/data_blur/train/truutrdf_1084-e3c281e5da_1_flip_lr_blur.mp4,/content/drive/MyDrive/ucf_experiments/ciclo_experimental_1/data/data_crop/train/truutrdf_1084-e3c281e5da_1_flip_lr_crop.mp4,1
3858,/content/drive/MyDrive/ucf_experiments/ciclo_experimental_1/data/data_blur/train/truutrdf_1085-eaeb5eef5b_1_flip_lr_blur.mp4,/content/drive/MyDrive/ucf_experiments/ciclo_experimental_1/data/data_crop/train/truutrdf_1085-eaeb5eef5b_1_flip_lr_crop.mp4,1
3859,/content/drive/MyDrive/ucf_experiments/ciclo_experimental_1/data/data_blur/train/truutrdf_1086-c0e4b450b2_1_flip_lr_blur.mp4,/content/drive/MyDrive/ucf_experiments/ciclo_experimental_1/data/data_crop/train/truutrdf_1086-c0e4b450b2_1_flip_lr_crop.mp4,1
3860,/content/drive/MyDrive/ucf_experiments/ciclo_experimental_1/data/data_blur/train/truutrdf_1087-803ee8a097_1_flip_lr_blur.mp4,/content/drive/MyDrive/ucf_experiments/ciclo_experimental_1/data/data_crop/train/truutrdf_1087-803ee8a097_1_flip_lr_crop.mp4,1
3861,/content/drive/MyDrive/ucf_experiments/ciclo_experimental_1/data/data_blur/train/tuQyUHkOpdk_0-d45e706fee_1_flip_lr_blur.mp4,/content/drive/MyDrive/ucf_experiments/ciclo_experimental_1/data/data_crop/train/tuQyUHkOpdk_0-d45e706fee_1_flip_lr_crop.mp4,1
3862,/content/drive/MyDrive/ucf_experiments/ciclo_experimental_1/data/data_blur/train/TuWan04E3gQ_0-596c0387ef_1_flip_lr_blur.mp4,/content/drive/MyDrive/ucf_experiments/ciclo_experimental_1/data/data_crop/train/TuWan04E3gQ_0-596c0387ef_1_flip_lr_crop.mp4,1
3863,/content/drive/MyDrive/ucf_experiments/ciclo_experimental_1/data/data_blur/train/TuWan04E3gQ_1-83fbef69cf_1_flip_lr_blur.mp4,/content/drive/MyDrive/ucf_experiments/ciclo_experimental_1/data/data_crop/train/TuWan04E3gQ_1-83fbef69cf_1_flip_lr_crop.mp4,1
3864,/content/drive/MyDrive/ucf_experiments/ciclo_experimental_1/data/data_blur/train/tUzd4cN2_0-fa5ef54a9d_1_flip_lr_blur.mp4,/content/drive/MyDrive/ucf_experiments/ciclo_experimental_1/data/data_crop/train/tUzd4cN2_0-fa5ef54a9d_1_flip_lr_crop.mp4,1
3865,/content/drive/MyDrive/ucf_experiments/ciclo_experimental_1/data/data_blur/train/u-29uYuR2cg_0-55a6ec65ef_1_flip_lr_blur.mp4,/content/drive/MyDrive/ucf_experiments/ciclo_experimental_1/data/data_crop/train/u-29uYuR2cg_0-55a6ec65ef_1_flip_lr_crop.mp4,1
3866,/content/drive/MyDrive/ucf_experiments/ciclo_experimental_1/data/data_blur/train/U-rD98WfBYs_0-fc087154f9_1_flip_lr_blur.mp4,/content/drive/MyDrive/ucf_experiments/ciclo_experimental_1/data/data_crop/train/U-rD98WfBYs_0-fc087154f9_1_flip_lr_crop.mp4,1
3867,/content/drive/MyDrive/ucf_experiments/ciclo_experimental_1/data/data_blur/train/u1r8f71c_0-2ebb475c09_1_flip_lr_blur.mp4,/content/drive/MyDrive/ucf_experiments/ciclo_experimental_1/data/data_crop/train/u1r8f71c_0-2ebb475c09_1_flip_lr_crop.mp4,1
3868,/content/drive/MyDrive/ucf_experiments/ciclo_experimental_1/data/data_blur/train/u1r8f71c_1-c98faaf659_1_flip_lr_blur.mp4,/content/drive/MyDrive/ucf_experiments/ciclo_experimental_1/data/data_crop/train/u1r8f71c_1-c98faaf659_1_flip_lr_crop.mp4,1
3869,/content/drive/MyDrive/ucf_experiments/ciclo_experimental_1/data/data_blur/train/u1r8f71c_2-f589f8812d_1_flip_lr_blur.mp4,/content/drive/MyDrive/ucf_experiments/ciclo_experimental_1/data/data_crop/train/u1r8f71c_2-f589f8812d_1_flip_lr_crop.mp4,1
3870,/content/drive/MyDrive/ucf_experiments/ciclo_experimental_1/data/data_blur/train/u1r8f71c_3-7ae863cb27_1_flip_lr_blur.mp4,/content/drive/MyDrive/ucf_experiments/ciclo_experimental_1/data/data_crop/train/u1r8f71c_3-7ae863cb27_1_flip_lr_crop.mp4,1
3871,/content/drive/MyDrive/ucf_experiments/ciclo_experimental_1/data/data_blur/train/u1r8f71c_4-11a93eca1e_1_flip_lr_blur.mp4,/content/drive/MyDrive/ucf_experiments/ciclo_experimental_1/data/data_crop/train/u1r8f71c_4-11a93eca1e_1_flip_lr_crop.mp4,1
3872,/content/drive/MyDrive/ucf_experiments/ciclo_experimental_1/data/data_blur/train/u2Lkzfb0_0-51329d33c9_1_flip_lr_blur.mp4,/content/drive/MyDrive/ucf_experiments/ciclo_experimental_1/data/data_crop/train/u2Lkzfb0_0-51329d33c9_1_flip_lr_crop.mp4,1
3873,/content/drive/MyDrive/ucf_experiments/ciclo_experimental_1/data/data_blur/train/u2Lkzfb0_1-33b4e149ab_1_flip_lr_blur.mp4,/content/drive/MyDrive/ucf_experiments/ciclo_experimental_1/data/data_crop/train/u2Lkzfb0_1-33b4e149ab_1_flip_lr_crop.mp4,1
3874,/content/drive/MyDrive/ucf_experiments/ciclo_experimental_1/data/data_blur/train/u2Lkzfb0_2-ca70902b49_1_flip_lr_blur.mp4,/content/drive/MyDrive/ucf_experiments/ciclo_experimental_1/data/data_crop/train/u2Lkzfb0_2-ca70902b49_1_flip_lr_crop.mp4,1
3875,/content/drive/MyDrive/ucf_experiments/ciclo_experimental_1/data/data_blur/train/u2Lkzfb0_3-36c5b814f3_1_flip_lr_blur.mp4,/content/drive/MyDrive/ucf_experiments/ciclo_experimental_1/data/data_crop/train/u2Lkzfb0_3-36c5b814f3_1_flip_lr_crop.mp4,1
3876,/content/drive/MyDrive/ucf_experiments/ciclo_experimental_1/data/data_blur/train/ug2tQMG8DC0_0-cb0916d0b8_1_flip_lr_blur.mp4,/content/drive/MyDrive/ucf_experiments/ciclo_experimental_1/data/data_crop/train/ug2tQMG8DC0_0-cb0916d0b8_1_flip_lr_crop.mp4,1
3877,/content/drive/MyDrive/ucf_experiments/ciclo_experimental_1/data/data_blur/train/ug2tQMG8DC0_1-79432bd364_1_flip_lr_blur.mp4,/content/drive/MyDrive/ucf_experiments/ciclo_experimental_1/data/data_crop/train/ug2tQMG8DC0_1-79432bd364_1_flip_lr_crop.mp4,1
3878,/content/drive/MyDrive/ucf_experiments/ciclo_experimental_1/data/data_blur/train/ug2tQMG8DC0_2-d58ac4f4d4_1_flip_lr_blur.mp4,/content/drive/MyDrive/ucf_experiments/ciclo_experimental_1/data/data_crop/train/ug2tQMG8DC0_2-d58ac4f4d4_1_flip_lr_crop.mp4,1
3879,/content/drive/MyDrive/ucf_experiments/ciclo_experimental_1/data/data_blur/train/uGGFPY75IYQ_0-f9ce441761_1_flip_lr_blur.mp4,/content/drive/MyDrive/ucf_experiments/ciclo_experimental_1/data/data_crop/train/uGGFPY75IYQ_0-f9ce441761_1_flip_lr_crop.mp4,1
3880,/content/drive/MyDrive/ucf_experiments/ciclo_experimental_1/data/data_blur/train/uGGFPY75IYQ_1-30417da273_1_flip_lr_blur.mp4,/content/drive/MyDrive/ucf_experiments/ciclo_experimental_1/data/data_crop/train/uGGFPY75IYQ_1-30417da273_1_flip_lr_crop.mp4,1
3881,/content/drive/MyDrive/ucf_experiments/ciclo_experimental_1/data/data_blur/train/uKFI67bUzfg_0-7ddd54ce69_1_flip_lr_blur.mp4,/content/drive/MyDrive/ucf_experiments/ciclo_experimental_1/data/data_crop/train/uKFI67bUzfg_0-7ddd54ce69_1_flip_lr_crop.mp4,1
3882,/content/drive/MyDrive/ucf_experiments/ciclo_experimental_1/data/data_blur/train/uKFI67bUzfg_1-6feef0acbb_1_flip_lr_blur.mp4,/content/drive/MyDrive/ucf_experiments/ciclo_experimental_1/data/data_crop/train/uKFI67bUzfg_1-6feef0acbb_1_flip_lr_crop.mp4,1
3883,/content/drive/MyDrive/ucf_experiments/ciclo_experimental_1/data/data_blur/train/uKFI67bUzfg_2-045680d338_1_flip_lr_blur.mp4,/content/drive/MyDrive/ucf_experiments/ciclo_experimental_1/data/data_crop/train/uKFI67bUzfg_2-045680d338_1_flip_lr_crop.mp4,1
3884,/content/drive/MyDrive/ucf_experiments/ciclo_experimental_1/data/data_blur/train/umOs1WLBkuo_0-689ccf1574_1_flip_lr_blur.mp4,/content/drive/MyDrive/ucf_experiments/ciclo_experimental_1/data/data_crop/train/umOs1WLBkuo_0-689ccf1574_1_flip_lr_crop.mp4,1
3885,/content/drive/MyDrive/ucf_experiments/ciclo_experimental_1/data/data_blur/train/umOs1WLBkuo_1-7b346a0304_1_flip_lr_blur.mp4,/content/drive/MyDrive/ucf_experiments/ciclo_experimental_1/data/data_crop/train/umOs1WLBkuo_1-7b346a0304_1_flip_lr_crop.mp4,1
3886,/content/drive/MyDrive/ucf_experiments/ciclo_experimental_1/data/data_blur/train/umOs1WLBkuo_2-f9946ed427_1_flip_lr_blur.mp4,/content/drive/MyDrive/ucf_experiments/ciclo_experimental_1/data/data_crop/train/umOs1WLBkuo_2-f9946ed427_1_flip_lr_crop.mp4,1
3887,/content/drive/MyDrive/ucf_experiments/ciclo_experimental_1/data/data_blur/train/UvLAudRA91Y_0-049ee95b44_1_flip_lr_blur.mp4,/content/drive/MyDrive/ucf_experiments/ciclo_experimental_1/data/data_crop/train/UvLAudRA91Y_0-049ee95b44_1_flip_lr_crop.mp4,1
3888,/content/drive/MyDrive/ucf_experiments/ciclo_experimental_1/data/data_blur/train/UvLAudRA91Y_1-d1f365c2fc_1_flip_lr_blur.mp4,/content/drive/MyDrive/ucf_experiments/ciclo_experimental_1/data/data_crop/train/UvLAudRA91Y_1-d1f365c2fc_1_flip_lr_crop.mp4,1
3889,/content/drive/MyDrive/ucf_experiments/ciclo_experimental_1/data/data_blur/train/uXf4C-YwbtM_1-9d4280ea7e_1_flip_lr_blur.mp4,/content/drive/MyDrive/ucf_experiments/ciclo_experimental_1/data/data_crop/train/uXf4C-YwbtM_1-9d4280ea7e_1_flip_lr_crop.mp4,1
3890,/content/drive/MyDrive/ucf_experiments/ciclo_experimental_1/data/data_blur/train/uXf4C-YwbtM_3-74af0e4b2b_1_flip_lr_blur.mp4,/content/drive/MyDrive/ucf_experiments/ciclo_experimental_1/data/data_crop/train/uXf4C-YwbtM_3-74af0e4b2b_1_flip_lr_crop.mp4,1
3891,/content/drive/MyDrive/ucf_experiments/ciclo_experimental_1/data/data_blur/train/V726w0IKCp4_0-8646c30292_1_flip_lr_blur.mp4,/content/drive/MyDrive/ucf_experiments/ciclo_experimental_1/data/data_crop/train/V726w0IKCp4_0-8646c30292_1_flip_lr_crop.mp4,1
3892,/content/drive/MyDrive/ucf_experiments/ciclo_experimental_1/data/data_blur/train/V726w0IKCp4_1-53696dcb12_1_flip_lr_blur.mp4,/content/drive/MyDrive/ucf_experiments/ciclo_experimental_1/data/data_crop/train/V726w0IKCp4_1-53696dcb12_1_flip_lr_crop.mp4,1
3893,/content/drive/MyDrive/ucf_experiments/ciclo_experimental_1/data/data_blur/train/V726w0IKCp4_2-77027f165d_1_flip_lr_blur.mp4,/content/drive/MyDrive/ucf_experiments/ciclo_experimental_1/data/data_crop/train/V726w0IKCp4_2-77027f165d_1_flip_lr_crop.mp4,1
3894,/content/drive/MyDrive/ucf_experiments/ciclo_experimental_1/data/data_blur/train/V726w0IKCp4_3-8ddd0a5bea_1_flip_lr_blur.mp4,/content/drive/MyDrive/ucf_experiments/ciclo_experimental_1/data/data_crop/train/V726w0IKCp4_3-8ddd0a5bea_1_flip_lr_crop.mp4,1
3895,/content/drive/MyDrive/ucf_experiments/ciclo_experimental_1/data/data_blur/train/vBwKQfJYG1Q_0-a53890f2d2_1_flip_lr_blur.mp4,/content/drive/MyDrive/ucf_experiments/ciclo_experimental_1/data/data_crop/train/vBwKQfJYG1Q_0-a53890f2d2_1_flip_lr_crop.mp4,1
3896,/content/drive/MyDrive/ucf_experiments/ciclo_experimental_1/data/data_blur/train/vBwKQfJYG1Q_1-218b0a6807_1_flip_lr_blur.mp4,/content/drive/MyDrive/ucf_experiments/ciclo_experimental_1/data/data_crop/train/vBwKQfJYG1Q_1-218b0a6807_1_flip_lr_crop.mp4,1
3897,/content/drive/MyDrive/ucf_experiments/ciclo_experimental_1/data/data_blur/train/vBwKQfJYG1Q_2-2f05cb4fcc_1_flip_lr_blur.mp4,/content/drive/MyDrive/ucf_experiments/ciclo_experimental_1/data/data_crop/train/vBwKQfJYG1Q_2-2f05cb4fcc_1_flip_lr_crop.mp4,1
3898,/content/drive/MyDrive/ucf_experiments/ciclo_experimental_1/data/data_blur/train/vBwKQfJYG1Q_3-7c8e25bd63_1_flip_lr_blur.mp4,/content/drive/MyDrive/ucf_experiments/ciclo_experimental_1/data/data_crop/train/vBwKQfJYG1Q_3-7c8e25bd63_1_flip_lr_crop.mp4,1
3899,/content/drive/MyDrive/ucf_experiments/ciclo_experimental_1/data/data_blur/train/vBwKQfJYG1Q_4-ada6fa3bf7_1_flip_lr_blur.mp4,/content/drive/MyDrive/ucf_experiments/ciclo_experimental_1/data/data_crop/train/vBwKQfJYG1Q_4-ada6fa3bf7_1_flip_lr_crop.mp4,1
3900,/content/drive/MyDrive/ucf_experiments/ciclo_experimental_1/data/data_blur/train/vBwKQfJYG1Q_5-4aff9df6dc_1_flip_lr_blur.mp4,/content/drive/MyDrive/ucf_experiments/ciclo_experimental_1/data/data_crop/train/vBwKQfJYG1Q_5-4aff9df6dc_1_flip_lr_crop.mp4,1
3901,/content/drive/MyDrive/ucf_experiments/ciclo_experimental_1/data/data_blur/train/vBwKQfJYG1Q_6-5d8e2e37a7_1_flip_lr_blur.mp4,/content/drive/MyDrive/ucf_experiments/ciclo_experimental_1/data/data_crop/train/vBwKQfJYG1Q_6-5d8e2e37a7_1_flip_lr_crop.mp4,1
3902,/content/drive/MyDrive/ucf_experiments/ciclo_experimental_1/data/data_blur/train/VbwTMJroTbI_0-4651094d48_1_flip_lr_blur.mp4,/content/drive/MyDrive/ucf_experiments/ciclo_experimental_1/data/data_crop/train/VbwTMJroTbI_0-4651094d48_1_flip_lr_crop.mp4,1
3903,/content/drive/MyDrive/ucf_experiments/ciclo_experimental_1/data/data_blur/train/Vd27cYFthms_0-41208bbbf3_1_flip_lr_blur.mp4,/content/drive/MyDrive/ucf_experiments/ciclo_experimental_1/data/data_crop/train/Vd27cYFthms_0-41208bbbf3_1_flip_lr_crop.mp4,1
3904,/content/drive/MyDrive/ucf_experiments/ciclo_experimental_1/data/data_blur/train/VfDyc4ORBSI_0-39f0ca2766_1_flip_lr_blur.mp4,/content/drive/MyDrive/ucf_experiments/ciclo_experimental_1/data/data_crop/train/VfDyc4ORBSI_0-39f0ca2766_1_flip_lr_crop.mp4,1
3905,/content/drive/MyDrive/ucf_experiments/ciclo_experimental_1/data/data_blur/train/VfDyc4ORBSI_1-b2f0d569d1_1_flip_lr_blur.mp4,/content/drive/MyDrive/ucf_experiments/ciclo_experimental_1/data/data_crop/train/VfDyc4ORBSI_1-b2f0d569d1_1_flip_lr_crop.mp4,1
3906,/content/drive/MyDrive/ucf_experiments/ciclo_experimental_1/data/data_blur/train/videoplayback (1)_54-1071cebf03_1_flip_lr_blur.mp4,/content/drive/MyDrive/ucf_experiments/ciclo_experimental_1/data/data_crop/train/videoplayback (1)_54-1071cebf03_1_flip_lr_crop.mp4,1
3907,/content/drive/MyDrive/ucf_experiments/ciclo_experimental_1/data/data_blur/train/videoplayback (1)_55-02bdcace1e_1_flip_lr_blur.mp4,/content/drive/MyDrive/ucf_experiments/ciclo_experimental_1/data/data_crop/train/videoplayback (1)_55-02bdcace1e_1_flip_lr_crop.mp4,1
3908,/content/drive/MyDrive/ucf_experiments/ciclo_experimental_1/data/data_blur/train/videoplayback (2)_66-58d67f5798_1_flip_lr_blur.mp4,/content/drive/MyDrive/ucf_experiments/ciclo_experimental_1/data/data_crop/train/videoplayback (2)_66-58d67f5798_1_flip_lr_crop.mp4,1
3909,/content/drive/MyDrive/ucf_experiments/ciclo_experimental_1/data/data_blur/train/videoplayback (2)_74-450e2a0007_1_flip_lr_blur.mp4,/content/drive/MyDrive/ucf_experiments/ciclo_experimental_1/data/data_crop/train/videoplayback (2)_74-450e2a0007_1_flip_lr_crop.mp4,1
3910,/content/drive/MyDrive/ucf_experiments/ciclo_experimental_1/data/data_blur/train/videoplayback_92-facf531d46_1_flip_lr_blur.mp4,/content/drive/MyDrive/ucf_experiments/ciclo_experimental_1/data/data_crop/train/videoplayback_92-facf531d46_1_flip_lr_crop.mp4,1
3911,/content/drive/MyDrive/ucf_experiments/ciclo_experimental_1/data/data_blur/train/videoplayback_93-a7244ca246_1_flip_lr_blur.mp4,/content/drive/MyDrive/ucf_experiments/ciclo_experimental_1/data/data_crop/train/videoplayback_93-a7244ca246_1_flip_lr_crop.mp4,1
3912,/content/drive/MyDrive/ucf_experiments/ciclo_experimental_1/data/data_blur/train/videoplayback_94-548b7fc554_1_flip_lr_blur.mp4,/content/drive/MyDrive/ucf_experiments/ciclo_experimental_1/data/data_crop/train/videoplayback_94-548b7fc554_1_flip_lr_crop.mp4,1
3913,/content/drive/MyDrive/ucf_experiments/ciclo_experimental_1/data/data_blur/train/videoplayback_95-6ceb4a4b77_1_flip_lr_blur.mp4,/content/drive/MyDrive/ucf_experiments/ciclo_experimental_1/data/data_crop/train/videoplayback_95-6ceb4a4b77_1_flip_lr_crop.mp4,1
3914,/content/drive/MyDrive/ucf_experiments/ciclo_experimental_1/data/data_blur/train/vQKHxtrdEHM_0-423ea330c7_1_flip_lr_blur.mp4,/content/drive/MyDrive/ucf_experiments/ciclo_experimental_1/data/data_crop/train/vQKHxtrdEHM_0-423ea330c7_1_flip_lr_crop.mp4,1
3915,/content/drive/MyDrive/ucf_experiments/ciclo_experimental_1/data/data_blur/train/vQKHxtrdEHM_1-4f4e9812d7_1_flip_lr_blur.mp4,/content/drive/MyDrive/ucf_experiments/ciclo_experimental_1/data/data_crop/train/vQKHxtrdEHM_1-4f4e9812d7_1_flip_lr_crop.mp4,1
3916,/content/drive/MyDrive/ucf_experiments/ciclo_experimental_1/data/data_blur/train/vQKHxtrdEHM_2-31279abe08_1_flip_lr_blur.mp4,/content/drive/MyDrive/ucf_experiments/ciclo_experimental_1/data/data_crop/train/vQKHxtrdEHM_2-31279abe08_1_flip_lr_crop.mp4,1
3917,/content/drive/MyDrive/ucf_experiments/ciclo_experimental_1/data/data_blur/train/vQKHxtrdEHM_3-387b730a39_1_flip_lr_blur.mp4,/content/drive/MyDrive/ucf_experiments/ciclo_experimental_1/data/data_crop/train/vQKHxtrdEHM_3-387b730a39_1_flip_lr_crop.mp4,1
3918,/content/drive/MyDrive/ucf_experiments/ciclo_experimental_1/data/data_blur/train/vQKHxtrdEHM_4-5a037843e2_1_flip_lr_blur.mp4,/content/drive/MyDrive/ucf_experiments/ciclo_experimental_1/data/data_crop/train/vQKHxtrdEHM_4-5a037843e2_1_flip_lr_crop.mp4,1
3919,/content/drive/MyDrive/ucf_experiments/ciclo_experimental_1/data/data_blur/train/vQKHxtrdEHM_5-8e04396393_1_flip_lr_blur.mp4,/content/drive/MyDrive/ucf_experiments/ciclo_experimental_1/data/data_crop/train/vQKHxtrdEHM_5-8e04396393_1_flip_lr_crop.mp4,1
3920,/content/drive/MyDrive/ucf_experiments/ciclo_experimental_1/data/data_blur/train/vQKHxtrdEHM_6-5e2ee760b2_1_flip_lr_blur.mp4,/content/drive/MyDrive/ucf_experiments/ciclo_experimental_1/data/data_crop/train/vQKHxtrdEHM_6-5e2ee760b2_1_flip_lr_crop.mp4,1
3921,/content/drive/MyDrive/ucf_experiments/ciclo_experimental_1/data/data_blur/train/vQKHxtrdEHM_7-a781e63242_1_flip_lr_blur.mp4,/content/drive/MyDrive/ucf_experiments/ciclo_experimental_1/data/data_crop/train/vQKHxtrdEHM_7-a781e63242_1_flip_lr_crop.mp4,1
3922,/content/drive/MyDrive/ucf_experiments/ciclo_experimental_1/data/data_blur/train/vQKHxtrdEHM_9-50c1eec7bc_1_flip_lr_blur.mp4,/content/drive/MyDrive/ucf_experiments/ciclo_experimental_1/data/data_crop/train/vQKHxtrdEHM_9-50c1eec7bc_1_flip_lr_crop.mp4,1
3923,/content/drive/MyDrive/ucf_experiments/ciclo_experimental_1/data/data_blur/train/VYWWsld6ibI_0-b6ddc4382f_1_flip_lr_blur.mp4,/content/drive/MyDrive/ucf_experiments/ciclo_experimental_1/data/data_crop/train/VYWWsld6ibI_0-b6ddc4382f_1_flip_lr_crop.mp4,1
3924,/content/drive/MyDrive/ucf_experiments/ciclo_experimental_1/data/data_blur/train/w1T3NmEAt00_0-d7d90e7231_1_flip_lr_blur.mp4,/content/drive/MyDrive/ucf_experiments/ciclo_experimental_1/data/data_crop/train/w1T3NmEAt00_0-d7d90e7231_1_flip_lr_crop.mp4,1
3925,/content/drive/MyDrive/ucf_experiments/ciclo_experimental_1/data/data_blur/train/Wby1vUy8aYI_0-19ebd8c38c_1_flip_lr_blur.mp4,/content/drive/MyDrive/ucf_experiments/ciclo_experimental_1/data/data_crop/train/Wby1vUy8aYI_0-19ebd8c38c_1_flip_lr_crop.mp4,1
3926,/content/drive/MyDrive/ucf_experiments/ciclo_experimental_1/data/data_blur/train/Wby1vUy8aYI_1-9b66c675d3_1_flip_lr_blur.mp4,/content/drive/MyDrive/ucf_experiments/ciclo_experimental_1/data/data_crop/train/Wby1vUy8aYI_1-9b66c675d3_1_flip_lr_crop.mp4,1
3927,/content/drive/MyDrive/ucf_experiments/ciclo_experimental_1/data/data_blur/train/Wby1vUy8aYI_2-71f9636a79_1_flip_lr_blur.mp4,/content/drive/MyDrive/ucf_experiments/ciclo_experimental_1/data/data_crop/train/Wby1vUy8aYI_2-71f9636a79_1_flip_lr_crop.mp4,1
3928,/content/drive/MyDrive/ucf_experiments/ciclo_experimental_1/data/data_blur/train/wetrew_1195-6c64dd25a4_1_flip_lr_blur.mp4,/content/drive/MyDrive/ucf_experiments/ciclo_experimental_1/data/data_crop/train/wetrew_1195-6c64dd25a4_1_flip_lr_crop.mp4,1
3929,/content/drive/MyDrive/ucf_experiments/ciclo_experimental_1/data/data_blur/train/wetyh_1204-ae5b9df665_1_flip_lr_blur.mp4,/content/drive/MyDrive/ucf_experiments/ciclo_experimental_1/data/data_crop/train/wetyh_1204-ae5b9df665_1_flip_lr_crop.mp4,1
3930,/content/drive/MyDrive/ucf_experiments/ciclo_experimental_1/data/data_blur/train/wetyh_1205-04634649e9_1_flip_lr_blur.mp4,/content/drive/MyDrive/ucf_experiments/ciclo_experimental_1/data/data_crop/train/wetyh_1205-04634649e9_1_flip_lr_crop.mp4,1
3931,/content/drive/MyDrive/ucf_experiments/ciclo_experimental_1/data/data_blur/train/wetyh_1206-461eda6745_1_flip_lr_blur.mp4,/content/drive/MyDrive/ucf_experiments/ciclo_experimental_1/data/data_crop/train/wetyh_1206-461eda6745_1_flip_lr_crop.mp4,1
3932,/content/drive/MyDrive/ucf_experiments/ciclo_experimental_1/data/data_blur/train/wetyh_1207-a283e4e280_1_flip_lr_blur.mp4,/content/drive/MyDrive/ucf_experiments/ciclo_experimental_1/data/data_crop/train/wetyh_1207-a283e4e280_1_flip_lr_crop.mp4,1
3933,/content/drive/MyDrive/ucf_experiments/ciclo_experimental_1/data/data_blur/train/wetyh_1208-82877e3e0c_1_flip_lr_blur.mp4,/content/drive/MyDrive/ucf_experiments/ciclo_experimental_1/data/data_crop/train/wetyh_1208-82877e3e0c_1_flip_lr_crop.mp4,1
3934,/content/drive/MyDrive/ucf_experiments/ciclo_experimental_1/data/data_blur/train/wetyh_1223-d1640eca20_1_flip_lr_blur.mp4,/content/drive/MyDrive/ucf_experiments/ciclo_experimental_1/data/data_crop/train/wetyh_1223-d1640eca20_1_flip_lr_crop.mp4,1
3935,/content/drive/MyDrive/ucf_experiments/ciclo_experimental_1/data/data_blur/train/wetyh_1224-81449adc0a_1_flip_lr_blur.mp4,/content/drive/MyDrive/ucf_experiments/ciclo_experimental_1/data/data_crop/train/wetyh_1224-81449adc0a_1_flip_lr_crop.mp4,1
3936,/content/drive/MyDrive/ucf_experiments/ciclo_experimental_1/data/data_blur/train/wxdRVAZk_0-ad6ee8a927_1_flip_lr_blur.mp4,/content/drive/MyDrive/ucf_experiments/ciclo_experimental_1/data/data_crop/train/wxdRVAZk_0-ad6ee8a927_1_flip_lr_crop.mp4,1
3937,/content/drive/MyDrive/ucf_experiments/ciclo_experimental_1/data/data_blur/train/wxdRVAZk_1-2ff285115c_1_flip_lr_blur.mp4,/content/drive/MyDrive/ucf_experiments/ciclo_experimental_1/data/data_crop/train/wxdRVAZk_1-2ff285115c_1_flip_lr_crop.mp4,1
3938,/content/drive/MyDrive/ucf_experiments/ciclo_experimental_1/data/data_blur/train/X6V5o-uCYF4_0-b78c3690d1_1_flip_lr_blur.mp4,/content/drive/MyDrive/ucf_experiments/ciclo_experimental_1/data/data_crop/train/X6V5o-uCYF4_0-b78c3690d1_1_flip_lr_crop.mp4,1
3939,/content/drive/MyDrive/ucf_experiments/ciclo_experimental_1/data/data_blur/train/X6V5o-uCYF4_1-3fb93c5187_1_flip_lr_blur.mp4,/content/drive/MyDrive/ucf_experiments/ciclo_experimental_1/data/data_crop/train/X6V5o-uCYF4_1-3fb93c5187_1_flip_lr_crop.mp4,1
3940,/content/drive/MyDrive/ucf_experiments/ciclo_experimental_1/data/data_blur/train/X6V5o-uCYF4_2-69fff03148_1_flip_lr_blur.mp4,/content/drive/MyDrive/ucf_experiments/ciclo_experimental_1/data/data_crop/train/X6V5o-uCYF4_2-69fff03148_1_flip_lr_crop.mp4,1
3941,/content/drive/MyDrive/ucf_experiments/ciclo_experimental_1/data/data_blur/train/X6V5o-uCYF4_3-1d1e6f51c7_1_flip_lr_blur.mp4,/content/drive/MyDrive/ucf_experiments/ciclo_experimental_1/data/data_crop/train/X6V5o-uCYF4_3-1d1e6f51c7_1_flip_lr_crop.mp4,1
3942,/content/drive/MyDrive/ucf_experiments/ciclo_experimental_1/data/data_blur/train/X6V5o-uCYF4_4-02303ce2e7_1_flip_lr_blur.mp4,/content/drive/MyDrive/ucf_experiments/ciclo_experimental_1/data/data_crop/train/X6V5o-uCYF4_4-02303ce2e7_1_flip_lr_crop.mp4,1
3943,/content/drive/MyDrive/ucf_experiments/ciclo_experimental_1/data/data_blur/train/Xh6FNqKDMak_0-eb4025ebfe_1_flip_lr_blur.mp4,/content/drive/MyDrive/ucf_experiments/ciclo_experimental_1/data/data_crop/train/Xh6FNqKDMak_0-eb4025ebfe_1_flip_lr_crop.mp4,1
3944,/content/drive/MyDrive/ucf_experiments/ciclo_experimental_1/data/data_blur/train/xKq3hlefCUI_0-3b7cbd5cd8_1_flip_lr_blur.mp4,/content/drive/MyDrive/ucf_experiments/ciclo_experimental_1/data/data_crop/train/xKq3hlefCUI_0-3b7cbd5cd8_1_flip_lr_crop.mp4,1
3945,/content/drive/MyDrive/ucf_experiments/ciclo_experimental_1/data/data_blur/train/xKq3hlefCUI_1-2475e05f23_1_flip_lr_blur.mp4,/content/drive/MyDrive/ucf_experiments/ciclo_experimental_1/data/data_crop/train/xKq3hlefCUI_1-2475e05f23_1_flip_lr_crop.mp4,1
3946,/content/drive/MyDrive/ucf_experiments/ciclo_experimental_1/data/data_blur/train/XRC_6WgxusI_0-f8903a2a0e_1_flip_lr_blur.mp4,/content/drive/MyDrive/ucf_experiments/ciclo_experimental_1/data/data_crop/train/XRC_6WgxusI_0-f8903a2a0e_1_flip_lr_crop.mp4,1
3947,/content/drive/MyDrive/ucf_experiments/ciclo_experimental_1/data/data_blur/train/xrlCdUaagHY_0-519da938ad_1_flip_lr_blur.mp4,/content/drive/MyDrive/ucf_experiments/ciclo_experimental_1/data/data_crop/train/xrlCdUaagHY_0-519da938ad_1_flip_lr_crop.mp4,1
3948,/content/drive/MyDrive/ucf_experiments/ciclo_experimental_1/data/data_blur/train/YaWxiAtCwxE_0-df332d4c3f_1_flip_lr_blur.mp4,/content/drive/MyDrive/ucf_experiments/ciclo_experimental_1/data/data_crop/train/YaWxiAtCwxE_0-df332d4c3f_1_flip_lr_crop.mp4,1
3949,/content/drive/MyDrive/ucf_experiments/ciclo_experimental_1/data/data_blur/train/YaWxiAtCwxE_1-f9e3da573b_1_flip_lr_blur.mp4,/content/drive/MyDrive/ucf_experiments/ciclo_experimental_1/data/data_crop/train/YaWxiAtCwxE_1-f9e3da573b_1_flip_lr_crop.mp4,1
3950,/content/drive/MyDrive/ucf_experiments/ciclo_experimental_1/data/data_blur/train/YaWxiAtCwxE_2-964b8e5176_1_flip_lr_blur.mp4,/content/drive/MyDrive/ucf_experiments/ciclo_experimental_1/data/data_crop/train/YaWxiAtCwxE_2-964b8e5176_1_flip_lr_crop.mp4,1
3951,/content/drive/MyDrive/ucf_experiments/ciclo_experimental_1/data/data_blur/train/YaWxiAtCwxE_3-797df4ddf1_1_flip_lr_blur.mp4,/content/drive/MyDrive/ucf_experiments/ciclo_experimental_1/data/data_crop/train/YaWxiAtCwxE_3-797df4ddf1_1_flip_lr_crop.mp4,1
3952,/content/drive/MyDrive/ucf_experiments/ciclo_experimental_1/data/data_blur/train/YaWxiAtCwxE_4-6cd69faa8c_1_flip_lr_blur.mp4,/content/drive/MyDrive/ucf_experiments/ciclo_experimental_1/data/data_crop/train/YaWxiAtCwxE_4-6cd69faa8c_1_flip_lr_crop.mp4,1
3953,/content/drive/MyDrive/ucf_experiments/ciclo_experimental_1/data/data_blur/train/YaWxiAtCwxE_5-7c67bc2c29_1_flip_lr_blur.mp4,/content/drive/MyDrive/ucf_experiments/ciclo_experimental_1/data/data_crop/train/YaWxiAtCwxE_5-7c67bc2c29_1_flip_lr_crop.mp4,1
3954,/content/drive/MyDrive/ucf_experiments/ciclo_experimental_1/data/data_blur/train/YaWxiAtCwxE_6-b8cd23824b_1_flip_lr_blur.mp4,/content/drive/MyDrive/ucf_experiments/ciclo_experimental_1/data/data_crop/train/YaWxiAtCwxE_6-b8cd23824b_1_flip_lr_crop.mp4,1
3955,/content/drive/MyDrive/ucf_experiments/ciclo_experimental_1/data/data_blur/train/YaWxiAtCwxE_7-067e3af21b_1_flip_lr_blur.mp4,/content/drive/MyDrive/ucf_experiments/ciclo_experimental_1/data/data_crop/train/YaWxiAtCwxE_7-067e3af21b_1_flip_lr_crop.mp4,1
3956,/content/drive/MyDrive/ucf_experiments/ciclo_experimental_1/data/data_blur/train/YaWxiAtCwxE_8-47c3589f1c_1_flip_lr_blur.mp4,/content/drive/MyDrive/ucf_experiments/ciclo_experimental_1/data/data_crop/train/YaWxiAtCwxE_8-47c3589f1c_1_flip_lr_crop.mp4,1
3957,/content/drive/MyDrive/ucf_experiments/ciclo_experimental_1/data/data_blur/train/YL-qwpTMjzk_0-387eba90fc_1_flip_lr_blur.mp4,/content/drive/MyDrive/ucf_experiments/ciclo_experimental_1/data/data_crop/train/YL-qwpTMjzk_0-387eba90fc_1_flip_lr_crop.mp4,1
3958,/content/drive/MyDrive/ucf_experiments/ciclo_experimental_1/data/data_blur/train/YL-qwpTMjzk_1-91c408039e_1_flip_lr_blur.mp4,/content/drive/MyDrive/ucf_experiments/ciclo_experimental_1/data/data_crop/train/YL-qwpTMjzk_1-91c408039e_1_flip_lr_crop.mp4,1
3959,/content/drive/MyDrive/ucf_experiments/ciclo_experimental_1/data/data_blur/train/YL-qwpTMjzk_2-8523af911f_1_flip_lr_blur.mp4,/content/drive/MyDrive/ucf_experiments/ciclo_experimental_1/data/data_crop/train/YL-qwpTMjzk_2-8523af911f_1_flip_lr_crop.mp4,1
3960,/content/drive/MyDrive/ucf_experiments/ciclo_experimental_1/data/data_blur/train/YL-qwpTMjzk_4-4ba7c746cb_1_flip_lr_blur.mp4,/content/drive/MyDrive/ucf_experiments/ciclo_experimental_1/data/data_crop/train/YL-qwpTMjzk_4-4ba7c746cb_1_flip_lr_crop.mp4,1
3961,/content/drive/MyDrive/ucf_experiments/ciclo_experimental_1/data/data_blur/train/YUOfgfuh_1-c1e540e65f_1_flip_lr_blur.mp4,/content/drive/MyDrive/ucf_experiments/ciclo_experimental_1/data/data_crop/train/YUOfgfuh_1-c1e540e65f_1_flip_lr_crop.mp4,1
3962,/content/drive/MyDrive/ucf_experiments/ciclo_experimental_1/data/data_blur/train/z19nkHMw_0-b9205985f4_1_flip_lr_blur.mp4,/content/drive/MyDrive/ucf_experiments/ciclo_experimental_1/data/data_crop/train/z19nkHMw_0-b9205985f4_1_flip_lr_crop.mp4,1
3963,/content/drive/MyDrive/ucf_experiments/ciclo_experimental_1/data/data_blur/train/z19nkHMw_1-5026414092_1_flip_lr_blur.mp4,/content/drive/MyDrive/ucf_experiments/ciclo_experimental_1/data/data_crop/train/z19nkHMw_1-5026414092_1_flip_lr_crop.mp4,1
3964,/content/drive/MyDrive/ucf_experiments/ciclo_experimental_1/data/data_blur/train/z1WyVUv8_0-874c7ef94d_1_flip_lr_blur.mp4,/content/drive/MyDrive/ucf_experiments/ciclo_experimental_1/data/data_crop/train/z1WyVUv8_0-874c7ef94d_1_flip_lr_crop.mp4,1
3965,/content/drive/MyDrive/ucf_experiments/ciclo_experimental_1/data/data_blur/train/z1WyVUv8_1-f88d7f30f3_1_flip_lr_blur.mp4,/content/drive/MyDrive/ucf_experiments/ciclo_experimental_1/data/data_crop/train/z1WyVUv8_1-f88d7f30f3_1_flip_lr_crop.mp4,1
3966,/content/drive/MyDrive/ucf_experiments/ciclo_experimental_1/data/data_blur/train/z1WyVUv8_2-fa53f9a7e0_1_flip_lr_blur.mp4,/content/drive/MyDrive/ucf_experiments/ciclo_experimental_1/data/data_crop/train/z1WyVUv8_2-fa53f9a7e0_1_flip_lr_crop.mp4,1
3967,/content/drive/MyDrive/ucf_experiments/ciclo_experimental_1/data/data_blur/train/z7dOEJwUpVk_0-34118e4412_1_flip_lr_blur.mp4,/content/drive/MyDrive/ucf_experiments/ciclo_experimental_1/data/data_crop/train/z7dOEJwUpVk_0-34118e4412_1_flip_lr_crop.mp4,1
3968,/content/drive/MyDrive/ucf_experiments/ciclo_experimental_1/data/data_blur/train/ZnRk8nWJ548_0-5e23bc2d26_1_flip_lr_blur.mp4,/content/drive/MyDrive/ucf_experiments/ciclo_experimental_1/data/data_crop/train/ZnRk8nWJ548_0-5e23bc2d26_1_flip_lr_crop.mp4,1
3969,/content/drive/MyDrive/ucf_experiments/ciclo_experimental_1/data/data_blur/train/zuCTuKvj_0-6765aa9b4d_1_flip_lr_blur.mp4,/content/drive/MyDrive/ucf_experiments/ciclo_experimental_1/data/data_crop/train/zuCTuKvj_0-6765aa9b4d_1_flip_lr_crop.mp4,1
3970,/content/drive/MyDrive/ucf_experiments/ciclo_experimental_1/data/data_blur/train/zuCTuKvj_1-e6099b6fd1_1_flip_lr_blur.mp4,/content/drive/MyDrive/ucf_experiments/ciclo_experimental_1/data/data_crop/train/zuCTuKvj_1-e6099b6fd1_1_flip_lr_crop.mp4,1
3971,/content/drive/MyDrive/ucf_experiments/ciclo_experimental_1/data/data_blur/train/zuCTuKvj_2-0e6beca30b_1_flip_lr_blur.mp4,/content/drive/MyDrive/ucf_experiments/ciclo_experimental_1/data/data_crop/train/zuCTuKvj_2-0e6beca30b_1_flip_lr_crop.mp4,1
3972,/content/drive/MyDrive/ucf_experiments/ciclo_experimental_1/data/data_blur/train/zuCTuKvj_3-cc0be6f299_1_flip_lr_blur.mp4,/content/drive/MyDrive/ucf_experiments/ciclo_experimental_1/data/data_crop/train/zuCTuKvj_3-cc0be6f299_1_flip_lr_crop.mp4,1
3973,/content/drive/MyDrive/ucf_experiments/ciclo_experimental_1/data/data_blur/train/zuCTuKvj_5-3c2b8a5dd5_1_flip_lr_blur.mp4,/content/drive/MyDrive/ucf_experiments/ciclo_experimental_1/data/data_crop/train/zuCTuKvj_5-3c2b8a5dd5_1_flip_lr_crop.mp4,1
3974,/content/drive/MyDrive/ucf_experiments/ciclo_experimental_1/data/data_blur/train/ZVPU5c95_0-89eb315b93_1_flip_lr_blur.mp4,/content/drive/MyDrive/ucf_experiments/ciclo_experimental_1/data/data_crop/train/ZVPU5c95_0-89eb315b93_1_flip_lr_crop.mp4,1
3975,/content/drive/MyDrive/ucf_experiments/ciclo_experimental_1/data/data_blur/train/ZVPU5c95_1-9c86ef6e68_1_flip_lr_blur.mp4,/content/drive/MyDrive/ucf_experiments/ciclo_experimental_1/data/data_crop/train/ZVPU5c95_1-9c86ef6e68_1_flip_lr_crop.mp4,1
3976,/content/drive/MyDrive/ucf_experiments/ciclo_experimental_1/data/data_blur/train/_2RYnSFPD_U_0-b7138172e3_1_flip_lr_blur.mp4,/content/drive/MyDrive/ucf_experiments/ciclo_experimental_1/data/data_crop/train/_2RYnSFPD_U_0-b7138172e3_1_flip_lr_crop.mp4,1
3977,/content/drive/MyDrive/ucf_experiments/ciclo_experimental_1/data/data_blur/train/_6-B11R9FJM_0-3119a0fa26_1_flip_lr_blur.mp4,/content/drive/MyDrive/ucf_experiments/ciclo_experimental_1/data/data_crop/train/_6-B11R9FJM_0-3119a0fa26_1_flip_lr_crop.mp4,1
3978,/content/drive/MyDrive/ucf_experiments/ciclo_experimental_1/data/data_blur/train/_6-B11R9FJM_1-30faa4a4b7_1_flip_lr_blur.mp4,/content/drive/MyDrive/ucf_experiments/ciclo_experimental_1/data/data_crop/train/_6-B11R9FJM_1-30faa4a4b7_1_flip_lr_crop.mp4,1
3979,/content/drive/MyDrive/ucf_experiments/ciclo_experimental_1/data/data_blur/train/_6-B11R9FJM_2-faa676a0e0_1_flip_lr_blur.mp4,/content/drive/MyDrive/ucf_experiments/ciclo_experimental_1/data/data_crop/train/_6-B11R9FJM_2-faa676a0e0_1_flip_lr_crop.mp4,1
3980,/content/drive/MyDrive/ucf_experiments/ciclo_experimental_1/data/data_blur/train/_6-B11R9FJM_3-344b911b72_1_flip_lr_blur.mp4,/content/drive/MyDrive/ucf_experiments/ciclo_experimental_1/data/data_crop/train/_6-B11R9FJM_3-344b911b72_1_flip_lr_crop.mp4,1
3981,/content/drive/MyDrive/ucf_experiments/ciclo_experimental_1/data/data_blur/train/_6-B11R9FJM_4-a92b6c14b2_1_flip_lr_blur.mp4,/content/drive/MyDrive/ucf_experiments/ciclo_experimental_1/data/data_crop/train/_6-B11R9FJM_4-a92b6c14b2_1_flip_lr_crop.mp4,1
3982,/content/drive/MyDrive/ucf_experiments/ciclo_experimental_1/data/data_blur/train/_q5Nwh4Z6ao_0-82546954f2_1_flip_lr_blur.mp4,/content/drive/MyDrive/ucf_experiments/ciclo_experimental_1/data/data_crop/train/_q5Nwh4Z6ao_0-82546954f2_1_flip_lr_crop.mp4,1
3983,/content/drive/MyDrive/ucf_experiments/ciclo_experimental_1/data/data_blur/train/_q5Nwh4Z6ao_1-71881ec4ca_1_flip_lr_blur.mp4,/content/drive/MyDrive/ucf_experiments/ciclo_experimental_1/data/data_crop/train/_q5Nwh4Z6ao_1-71881ec4ca_1_flip_lr_crop.mp4,1
3984,/content/drive/MyDrive/ucf_experiments/ciclo_experimental_1/data/data_blur/train/_q5Nwh4Z6ao_10-6aa1cb48f1_1_flip_lr_blur.mp4,/content/drive/MyDrive/ucf_experiments/ciclo_experimental_1/data/data_crop/train/_q5Nwh4Z6ao_10-6aa1cb48f1_1_flip_lr_crop.mp4,1
3985,/content/drive/MyDrive/ucf_experiments/ciclo_experimental_1/data/data_blur/train/_q5Nwh4Z6ao_11-3d4ff7ef47_1_flip_lr_blur.mp4,/content/drive/MyDrive/ucf_experiments/ciclo_experimental_1/data/data_crop/train/_q5Nwh4Z6ao_11-3d4ff7ef47_1_flip_lr_crop.mp4,1
3986,/content/drive/MyDrive/ucf_experiments/ciclo_experimental_1/data/data_blur/train/_q5Nwh4Z6ao_13-98134eb05b_1_flip_lr_blur.mp4,/content/drive/MyDrive/ucf_experiments/ciclo_experimental_1/data/data_crop/train/_q5Nwh4Z6ao_13-98134eb05b_1_flip_lr_crop.mp4,1
3987,/content/drive/MyDrive/ucf_experiments/ciclo_experimental_1/data/data_blur/train/_q5Nwh4Z6ao_14-c4263e43ab_1_flip_lr_blur.mp4,/content/drive/MyDrive/ucf_experiments/ciclo_experimental_1/data/data_crop/train/_q5Nwh4Z6ao_14-c4263e43ab_1_flip_lr_crop.mp4,1
3988,/content/drive/MyDrive/ucf_experiments/ciclo_experimental_1/data/data_blur/train/_q5Nwh4Z6ao_2-0743a47b8f_1_flip_lr_blur.mp4,/content/drive/MyDrive/ucf_experiments/ciclo_experimental_1/data/data_crop/train/_q5Nwh4Z6ao_2-0743a47b8f_1_flip_lr_crop.mp4,1
3989,/content/drive/MyDrive/ucf_experiments/ciclo_experimental_1/data/data_blur/train/_q5Nwh4Z6ao_3-adb0bba43d_1_flip_lr_blur.mp4,/content/drive/MyDrive/ucf_experiments/ciclo_experimental_1/data/data_crop/train/_q5Nwh4Z6ao_3-adb0bba43d_1_flip_lr_crop.mp4,1
3990,/content/drive/MyDrive/ucf_experiments/ciclo_experimental_1/data/data_blur/train/_q5Nwh4Z6ao_4-6f98406e1e_1_flip_lr_blur.mp4,/content/drive/MyDrive/ucf_experiments/ciclo_experimental_1/data/data_crop/train/_q5Nwh4Z6ao_4-6f98406e1e_1_flip_lr_crop.mp4,1
3991,/content/drive/MyDrive/ucf_experiments/ciclo_experimental_1/data/data_blur/train/_q5Nwh4Z6ao_5-7bbc9a3acf_1_flip_lr_blur.mp4,/content/drive/MyDrive/ucf_experiments/ciclo_experimental_1/data/data_crop/train/_q5Nwh4Z6ao_5-7bbc9a3acf_1_flip_lr_crop.mp4,1
3992,/content/drive/MyDrive/ucf_experiments/ciclo_experimental_1/data/data_blur/train/_q5Nwh4Z6ao_6-e3c2c5f546_1_flip_lr_blur.mp4,/content/drive/MyDrive/ucf_experiments/ciclo_experimental_1/data/data_crop/train/_q5Nwh4Z6ao_6-e3c2c5f546_1_flip_lr_crop.mp4,1
3993,/content/drive/MyDrive/ucf_experiments/ciclo_experimental_1/data/data_blur/train/_q5Nwh4Z6ao_7-341b214921_1_flip_lr_blur.mp4,/content/drive/MyDrive/ucf_experiments/ciclo_experimental_1/data/data_crop/train/_q5Nwh4Z6ao_7-341b214921_1_flip_lr_crop.mp4,1
3994,/content/drive/MyDrive/ucf_experiments/ciclo_experimental_1/data/data_blur/train/_q5Nwh4Z6ao_8-1818ffaa3e_1_flip_lr_blur.mp4,/content/drive/MyDrive/ucf_experiments/ciclo_experimental_1/data/data_crop/train/_q5Nwh4Z6ao_8-1818ffaa3e_1_flip_lr_crop.mp4,1
3995,/content/drive/MyDrive/ucf_experiments/ciclo_experimental_1/data/data_blur/train/_q5Nwh4Z6ao_9-5310ec8e80_1_flip_lr_blur.mp4,/content/drive/MyDrive/ucf_experiments/ciclo_experimental_1/data/data_crop/train/_q5Nwh4Z6ao_9-5310ec8e80_1_flip_lr_crop.mp4,1
3996,/content/drive/MyDrive/ucf_experiments/ciclo_experimental_1/data/data_blur/train/_RziL1Ds6xU_0-078f65e1c9_1_flip_lr_blur.mp4,/content/drive/MyDrive/ucf_experiments/ciclo_experimental_1/data/data_crop/train/_RziL1Ds6xU_0-078f65e1c9_1_flip_lr_crop.mp4,1
3997,/content/drive/MyDrive/ucf_experiments/ciclo_experimental_1/data/data_blur/train/_RziL1Ds6xU_1-f83747dbc6_1_flip_lr_blur.mp4,/content/drive/MyDrive/ucf_experiments/ciclo_experimental_1/data/data_crop/train/_RziL1Ds6xU_1-f83747dbc6_1_flip_lr_crop.mp4,1
3998,/content/drive/MyDrive/ucf_experiments/ciclo_experimental_1/data/data_blur/train/_TwPzPRK7dc_0-393459e4d4_1_flip_lr_blur.mp4,/content/drive/MyDrive/ucf_experiments/ciclo_experimental_1/data/data_crop/train/_TwPzPRK7dc_0-393459e4d4_1_flip_lr_crop.mp4,1
3999,/content/drive/MyDrive/ucf_experiments/ciclo_experimental_1/data/data_blur/train/ф╕дхе│хнРх║ЧщЗМцЙУцЮ╢я╝МхН┤х╝ХхПСцХ░хРНчФ╖хнРхЗ║цЙЛя╝МцШпф╗Аф╣ИхОЯхЫая╝ЯчЫСцОзцЛНф╕ЛхЕичиЛ_urlgot_220-a5927d5559_1_flip_lr_blur.mp4,/content/drive/MyDrive/ucf_experiments/ciclo_experimental_1/data/data_crop/train/ф╕дхе│хнРх║ЧщЗМцЙУцЮ╢я╝МхН┤х╝ХхПСцХ░хРНчФ╖хнРхЗ║цЙЛя╝МцШпф╗Аф╣ИхОЯхЫая╝ЯчЫСцОзцЛНф╕ЛхЕичиЛ_urlgot_220-a5927d5559_1_flip_lr_crop.mp4,1
4000,/content/drive/MyDrive/ucf_experiments/ciclo_experimental_1/data/data_blur/train/ф╕дхе│хнРх║ЧщЗМцЙУцЮ╢я╝МхН┤х╝ХхПСцХ░хРНчФ╖хнРхЗ║цЙЛя╝МцШпф╗Аф╣ИхОЯхЫая╝ЯчЫСцОзцЛНф╕ЛхЕичиЛ_urlgot_221-083aaf9b3b_1_flip_lr_blur.mp4,/content/drive/MyDrive/ucf_experiments/ciclo_experimental_1/data/data_crop/train/ф╕дхе│хнРх║ЧщЗМцЙУцЮ╢я╝МхН┤х╝ХхПСцХ░хРНчФ╖хнРхЗ║цЙЛя╝МцШпф╗Аф╣ИхОЯхЫая╝ЯчЫСцОзцЛНф╕ЛхЕичиЛ_urlgot_221-083aaf9b3b_1_flip_lr_crop.mp4,1
4001,/content/drive/MyDrive/ucf_experiments/ciclo_experimental_1/data/data_blur/train/хРМшбМшАБцЭ┐хПлцЭех╕оц┤╛цЙУцЮ╢я╝Мф╕Лф╕АчзТцЬЙф║║шзБцн╗чеЮф║Жя╝МчЫСцОзцЛНф╕ЛцГичГИчФ╗щЭвя╝Б_urlgot_222-fe884394bf_1_flip_lr_blur.mp4,/content/drive/MyDrive/ucf_experiments/ciclo_experimental_1/data/data_crop/train/хРМшбМшАБцЭ┐хПлцЭех╕оц┤╛цЙУцЮ╢я╝Мф╕Лф╕АчзТцЬЙф║║шзБцн╗чеЮф║Жя╝МчЫСцОзцЛНф╕ЛцГичГИчФ╗щЭвя╝Б_urlgot_222-fe884394bf_1_flip_lr_crop.mp4,1
4002,/content/drive/MyDrive/ucf_experiments/ciclo_experimental_1/data/data_blur/train/хРМшбМшАБцЭ┐хПлцЭех╕оц┤╛цЙУцЮ╢я╝Мф╕Лф╕АчзТцЬЙф║║шзБцн╗чеЮф║Жя╝МчЫСцОзцЛНф╕ЛцГичГИчФ╗щЭвя╝Б_urlgot_223-3af39950ec_1_flip_lr_blur.mp4,/content/drive/MyDrive/ucf_experiments/ciclo_experimental_1/data/data_crop/train/хРМшбМшАБцЭ┐хПлцЭех╕оц┤╛цЙУцЮ╢я╝Мф╕Лф╕АчзТцЬЙф║║шзБцн╗чеЮф║Жя╝МчЫСцОзцЛНф╕ЛцГичГИчФ╗щЭвя╝Б_urlgot_223-3af39950ec_1_flip_lr_crop.mp4,1
4003,/content/drive/MyDrive/ucf_experiments/ciclo_experimental_1/data/data_blur/train/хРМшбМшАБцЭ┐хПлцЭех╕оц┤╛цЙУцЮ╢я╝Мф╕Лф╕АчзТцЬЙф║║шзБцн╗чеЮф║Жя╝МчЫСцОзцЛНф╕ЛцГичГИчФ╗щЭвя╝Б_urlgot_224-66de34f0a1_1_flip_lr_blur.mp4,/content/drive/MyDrive/ucf_experiments/ciclo_experimental_1/data/data_crop/train/хРМшбМшАБцЭ┐хПлцЭех╕оц┤╛цЙУцЮ╢я╝Мф╕Лф╕АчзТцЬЙф║║шзБцн╗чеЮф║Жя╝МчЫСцОзцЛНф╕ЛцГичГИчФ╗щЭвя╝Б_urlgot_224-66de34f0a1_1_flip_lr_crop.mp4,1
4004,/content/drive/MyDrive/ucf_experiments/ciclo_experimental_1/data/data_blur/train/хРОхОищЗМщЭвф╕АшиАф╕НхРИх░▒х╝АцЙУя╝МцЛЙцЮ╢хПШцЙУцЮ╢я╝МчО░хЬ║ф╕АчЙЗц╖╖ф╣▒я╝МчЫСцОзцЛНф╕ЛхЕичиЛ_urlgot_233-63273a5c2d_1_flip_lr_blur.mp4,/content/drive/MyDrive/ucf_experiments/ciclo_experimental_1/data/data_crop/train/хРОхОищЗМщЭвф╕АшиАф╕НхРИх░▒х╝АцЙУя╝МцЛЙцЮ╢хПШцЙУцЮ╢я╝МчО░хЬ║ф╕АчЙЗц╖╖ф╣▒я╝МчЫСцОзцЛНф╕ЛхЕичиЛ_urlgot_233-63273a5c2d_1_flip_lr_crop.mp4,1
4005,/content/drive/MyDrive/ucf_experiments/ciclo_experimental_1/data/data_blur/train/хРОхОищЗМщЭвф╕АшиАф╕НхРИх░▒х╝АцЙУя╝МцЛЙцЮ╢хПШцЙУцЮ╢я╝МчО░хЬ║ф╕АчЙЗц╖╖ф╣▒я╝МчЫСцОзцЛНф╕ЛхЕичиЛ_urlgot_235-e0e900dcc2_1_flip_lr_blur.mp4,/content/drive/MyDrive/ucf_experiments/ciclo_experimental_1/data/data_crop/train/хРОхОищЗМщЭвф╕АшиАф╕НхРИх░▒х╝АцЙУя╝МцЛЙцЮ╢хПШцЙУцЮ╢я╝МчО░хЬ║ф╕АчЙЗц╖╖ф╣▒я╝МчЫСцОзцЛНф╕ЛхЕичиЛ_urlgot_235-e0e900dcc2_1_flip_lr_crop.mp4,1
4006,/content/drive/MyDrive/ucf_experiments/ciclo_experimental_1/data/data_blur/train/хРОхОищЗМщЭвф╕АшиАф╕НхРИх░▒х╝АцЙУя╝МцЛЙцЮ╢хПШцЙУцЮ╢я╝МчО░хЬ║ф╕АчЙЗц╖╖ф╣▒я╝МчЫСцОзцЛНф╕ЛхЕичиЛ_urlgot_236-d29c13a74b_1_flip_lr_blur.mp4,/content/drive/MyDrive/ucf_experiments/ciclo_experimental_1/data/data_crop/train/хРОхОищЗМщЭвф╕АшиАф╕НхРИх░▒х╝АцЙУя╝МцЛЙцЮ╢хПШцЙУцЮ╢я╝МчО░хЬ║ф╕АчЙЗц╖╖ф╣▒я╝МчЫСцОзцЛНф╕ЛхЕичиЛ_urlgot_236-d29c13a74b_1_flip_lr_crop.mp4,1
4007,/content/drive/MyDrive/ucf_experiments/ciclo_experimental_1/data/data_blur/train/хРОхОищЗМщЭвф╕АшиАф╕НхРИх░▒х╝АцЙУя╝МцЛЙцЮ╢хПШцЙУцЮ╢я╝МчО░хЬ║ф╕АчЙЗц╖╖ф╣▒я╝МчЫСцОзцЛНф╕ЛхЕичиЛ_urlgot_237-26fcfe0e6e_1_flip_lr_blur.mp4,/content/drive/MyDrive/ucf_experiments/ciclo_experimental_1/data/data_crop/train/хРОхОищЗМщЭвф╕АшиАф╕НхРИх░▒х╝АцЙУя╝МцЛЙцЮ╢хПШцЙУцЮ╢я╝МчО░хЬ║ф╕АчЙЗц╖╖ф╣▒я╝МчЫСцОзцЛНф╕ЛхЕичиЛ_urlgot_237-26fcfe0e6e_1_flip_lr_crop.mp4,1
4008,/content/drive/MyDrive/ucf_experiments/ciclo_experimental_1/data/data_blur/train/хРОхОищЗМщЭвф╕АшиАф╕НхРИх░▒х╝АцЙУя╝МцЛЙцЮ╢хПШцЙУцЮ╢я╝МчО░хЬ║ф╕АчЙЗц╖╖ф╣▒я╝МчЫСцОзцЛНф╕ЛхЕичиЛ_urlgot_238-6d2b0d740b_1_flip_lr_blur.mp4,/content/drive/MyDrive/ucf_experiments/ciclo_experimental_1/data/data_crop/train/хРОхОищЗМщЭвф╕АшиАф╕НхРИх░▒х╝АцЙУя╝МцЛЙцЮ╢хПШцЙУцЮ╢я╝МчО░хЬ║ф╕АчЙЗц╖╖ф╣▒я╝МчЫСцОзцЛНф╕ЛхЕичиЛ_urlgot_238-6d2b0d740b_1_flip_lr_crop.mp4,1
4009,/content/drive/MyDrive/ucf_experiments/ciclo_experimental_1/data/data_blur/train/хРОхОищЗМщЭвф╕АшиАф╕НхРИх░▒х╝АцЙУя╝МцЛЙцЮ╢хПШцЙУцЮ╢я╝МчО░хЬ║ф╕АчЙЗц╖╖ф╣▒я╝МчЫСцОзцЛНф╕ЛхЕичиЛ_urlgot_242-d8558f84e5_1_flip_lr_blur.mp4,/content/drive/MyDrive/ucf_experiments/ciclo_experimental_1/data/data_crop/train/хРОхОищЗМщЭвф╕АшиАф╕НхРИх░▒х╝АцЙУя╝МцЛЙцЮ╢хПШцЙУцЮ╢я╝МчО░хЬ║ф╕АчЙЗц╖╖ф╣▒я╝МчЫСцОзцЛНф╕ЛхЕичиЛ_urlgot_242-d8558f84e5_1_flip_lr_crop.mp4,1
4010,/content/drive/MyDrive/ucf_experiments/ciclo_experimental_1/data/data_blur/train/хдзщЩЖчРЖхПСх║ЧхПСчФЯчаНф║║ф║Лф╗╢я╝Мф╕ЛцЙЛчЬЯчЛая╝Б_urlgot_121-114e465118_1_flip_lr_blur.mp4,/content/drive/MyDrive/ucf_experiments/ciclo_experimental_1/data/data_crop/train/хдзщЩЖчРЖхПСх║ЧхПСчФЯчаНф║║ф║Лф╗╢я╝Мф╕ЛцЙЛчЬЯчЛая╝Б_urlgot_121-114e465118_1_flip_lr_crop.mp4,1
4011,/content/drive/MyDrive/ucf_experiments/ciclo_experimental_1/data/data_blur/train/хдзщЩЖчРЖхПСх║ЧхПСчФЯчаНф║║ф║Лф╗╢я╝Мф╕ЛцЙЛчЬЯчЛая╝Б_urlgot_122-904fe3b33c_1_flip_lr_blur.mp4,/content/drive/MyDrive/ucf_experiments/ciclo_experimental_1/data/data_crop/train/хдзщЩЖчРЖхПСх║ЧхПСчФЯчаНф║║ф║Лф╗╢я╝Мф╕ЛцЙЛчЬЯчЛая╝Б_urlgot_122-904fe3b33c_1_flip_lr_crop.mp4,1
4012,/content/drive/MyDrive/ucf_experiments/ciclo_experimental_1/data/data_blur/train/хдзщЩЖчРЖхПСх║ЧхПСчФЯчаНф║║ф║Лф╗╢я╝Мф╕ЛцЙЛчЬЯчЛая╝Б_urlgot_123-6997b5f9c2_1_flip_lr_blur.mp4,/content/drive/MyDrive/ucf_experiments/ciclo_experimental_1/data/data_crop/train/хдзщЩЖчРЖхПСх║ЧхПСчФЯчаНф║║ф║Лф╗╢я╝Мф╕ЛцЙЛчЬЯчЛая╝Б_urlgot_123-6997b5f9c2_1_flip_lr_crop.mp4,1
4013,/content/drive/MyDrive/ucf_experiments/ciclo_experimental_1/data/data_blur/train/хдзщЩЖчРЖхПСх║ЧхПСчФЯчаНф║║ф║Лф╗╢я╝Мф╕ЛцЙЛчЬЯчЛая╝Б_urlgot_127-0ac0415610_1_flip_lr_blur.mp4,/content/drive/MyDrive/ucf_experiments/ciclo_experimental_1/data/data_crop/train/хдзщЩЖчРЖхПСх║ЧхПСчФЯчаНф║║ф║Лф╗╢я╝Мф╕ЛцЙЛчЬЯчЛая╝Б_urlgot_127-0ac0415610_1_flip_lr_crop.mp4,1
4014,"/content/drive/MyDrive/ucf_experiments/ciclo_experimental_1/data/data_blur/train/хжВцЮЬф╕НцШпчЫСцОз,ш░Бф╝ЪчЫ╕ф┐бх░Пф╝Щф╕║ф║ЖцЙУцЮ╢чЫ┤цОеф╗Оф║Мце╝ш╖│ф╕ЛхО╗_urlgot_254-d8fd90bbb2_1_flip_lr_blur.mp4","/content/drive/MyDrive/ucf_experiments/ciclo_experimental_1/data/data_crop/train/хжВцЮЬф╕НцШпчЫСцОз,ш░Бф╝ЪчЫ╕ф┐бх░Пф╝Щф╕║ф║ЖцЙУцЮ╢чЫ┤цОеф╗Оф║Мце╝ш╖│ф╕ЛхО╗_urlgot_254-d8fd90bbb2_1_flip_lr_crop.mp4",1
4015,/content/drive/MyDrive/ucf_experiments/ciclo_experimental_1/data/data_blur/train/х╣┐ф╕ЬчЬБц▒Ххд┤х╕Вц╜ощШ│хМ║щУЬчЫВщХЗц▓│щЩЗцЭСцЪ┤хКЫф║Лф╗╢чЫСцОзшзЖщвС2_urlgot_138-9e163474c1_1_flip_lr_blur.mp4,/content/drive/MyDrive/ucf_experiments/ciclo_experimental_1/data/data_crop/train/х╣┐ф╕ЬчЬБц▒Ххд┤х╕Вц╜ощШ│хМ║щУЬчЫВщХЗц▓│щЩЗцЭСцЪ┤хКЫф║Лф╗╢чЫСцОзшзЖщвС2_urlgot_138-9e163474c1_1_flip_lr_crop.mp4,1
4016,/content/drive/MyDrive/ucf_experiments/ciclo_experimental_1/data/data_blur/train/х╣┐ф╕ЬчЬБц▒Ххд┤х╕Вц╜ощШ│хМ║щУЬчЫВщХЗц▓│щЩЗцЭСцЪ┤хКЫф║Лф╗╢чЫСцОзшзЖщвС2_urlgot_139-e2207fe87f_1_flip_lr_blur.mp4,/content/drive/MyDrive/ucf_experiments/ciclo_experimental_1/data/data_crop/train/х╣┐ф╕ЬчЬБц▒Ххд┤х╕Вц╜ощШ│хМ║щУЬчЫВщХЗц▓│щЩЗцЭСцЪ┤хКЫф║Лф╗╢чЫСцОзшзЖщвС2_urlgot_139-e2207fe87f_1_flip_lr_crop.mp4,1
4017,/content/drive/MyDrive/ucf_experiments/ciclo_experimental_1/data/data_blur/train/х╣┐ф╕ЬчЬБц▒Ххд┤х╕Вц╜ощШ│хМ║щУЬчЫВщХЗц▓│щЩЗцЭСцЪ┤хКЫф║Лф╗╢чЫСцОзшзЖщвС2_urlgot_140-dac3383a02_1_flip_lr_blur.mp4,/content/drive/MyDrive/ucf_experiments/ciclo_experimental_1/data/data_crop/train/х╣┐ф╕ЬчЬБц▒Ххд┤х╕Вц╜ощШ│хМ║щУЬчЫВщХЗц▓│щЩЗцЭСцЪ┤хКЫф║Лф╗╢чЫСцОзшзЖщвС2_urlgot_140-dac3383a02_1_flip_lr_crop.mp4,1
4018,/content/drive/MyDrive/ucf_experiments/ciclo_experimental_1/data/data_blur/train/х╣┐ф╕ЬчЬБц▒Ххд┤х╕Вц╜ощШ│хМ║щУЬчЫВщХЗц▓│щЩЗцЭСцЪ┤хКЫф║Лф╗╢чЫСцОзшзЖщвС2_urlgot_141-b2c13d3763_1_flip_lr_blur.mp4,/content/drive/MyDrive/ucf_experiments/ciclo_experimental_1/data/data_crop/train/х╣┐ф╕ЬчЬБц▒Ххд┤х╕Вц╜ощШ│хМ║щУЬчЫВщХЗц▓│щЩЗцЭСцЪ┤хКЫф║Лф╗╢чЫСцОзшзЖщвС2_urlgot_141-b2c13d3763_1_flip_lr_crop.mp4,1
4019,/content/drive/MyDrive/ucf_experiments/ciclo_experimental_1/data/data_blur/train/чЫСцОз-шЛ▒хЫ╜шнжхпЯцЪ┤хКЫцо┤цЙУхе│хлМчКп_urlgot_210-1e39d22f27_1_flip_lr_blur.mp4,/content/drive/MyDrive/ucf_experiments/ciclo_experimental_1/data/data_crop/train/чЫСцОз-шЛ▒хЫ╜шнжхпЯцЪ┤хКЫцо┤цЙУхе│хлМчКп_urlgot_210-1e39d22f27_1_flip_lr_crop.mp4,1
4020,/content/drive/MyDrive/ucf_experiments/ciclo_experimental_1/data/data_blur/train/чЫСцОзцЛНф╕ЛщдРхОЕф╕Ач╛дх░Пф╝ЩцЙУцЮ╢цЦЧцо┤ шАБцЭ┐чЮмщЧ┤хПСщгЩф║Ж_urlgot_267-9eb9667a97_1_flip_lr_blur.mp4,/content/drive/MyDrive/ucf_experiments/ciclo_experimental_1/data/data_crop/train/чЫСцОзцЛНф╕ЛщдРхОЕф╕Ач╛дх░Пф╝ЩцЙУцЮ╢цЦЧцо┤ шАБцЭ┐чЮмщЧ┤хПСщгЩф║Ж_urlgot_267-9eb9667a97_1_flip_lr_crop.mp4,1
4021,/content/drive/MyDrive/ucf_experiments/ciclo_experimental_1/data/data_blur/train/чЫСцОзцЛНф╕ЛщдРхОЕф╕Ач╛дх░Пф╝ЩцЙУцЮ╢цЦЧцо┤ шАБцЭ┐чЮмщЧ┤хПСщгЩф║Ж_urlgot_268-d75a24b6f5_1_flip_lr_blur.mp4,/content/drive/MyDrive/ucf_experiments/ciclo_experimental_1/data/data_crop/train/чЫСцОзцЛНф╕ЛщдРхОЕф╕Ач╛дх░Пф╝ЩцЙУцЮ╢цЦЧцо┤ шАБцЭ┐чЮмщЧ┤хПСщгЩф║Ж_urlgot_268-d75a24b6f5_1_flip_lr_crop.mp4,1
4022,/content/drive/MyDrive/ucf_experiments/ciclo_experimental_1/data/data_blur/train/чЫСцОзцЛНф╕ЛщдРхОЕф╕Ач╛дх░Пф╝ЩцЙУцЮ╢цЦЧцо┤ шАБцЭ┐чЮмщЧ┤хПСщгЩф║Ж_urlgot_279-a500458403_1_flip_lr_blur.mp4,/content/drive/MyDrive/ucf_experiments/ciclo_experimental_1/data/data_crop/train/чЫСцОзцЛНф╕ЛщдРхОЕф╕Ач╛дх░Пф╝ЩцЙУцЮ╢цЦЧцо┤ шАБцЭ┐чЮмщЧ┤хПСщгЩф║Ж_urlgot_279-a500458403_1_flip_lr_crop.mp4,1
4023,/content/drive/MyDrive/ucf_experiments/ciclo_experimental_1/data/data_blur/train/ч╜СхРзщБнх░Пц╖╖ц╖╖цЙУцЮ╢я╝МчЫСцОзхЕичиЛцЛНцСД_urlgot_317-215293dc03_1_flip_lr_blur.mp4,/content/drive/MyDrive/ucf_experiments/ciclo_experimental_1/data/data_crop/train/ч╜СхРзщБнх░Пц╖╖ц╖╖цЙУцЮ╢я╝МчЫСцОзхЕичиЛцЛНцСД_urlgot_317-215293dc03_1_flip_lr_crop.mp4,1
4024,/content/drive/MyDrive/ucf_experiments/ciclo_experimental_1/data/data_blur/train/-1l5631l3fg_0-8bafe70a27_0_flip_lr_blur.mp4,/content/drive/MyDrive/ucf_experiments/ciclo_experimental_1/data/data_crop/train/-1l5631l3fg_0-8bafe70a27_0_flip_lr_crop.mp4,0
4025,/content/drive/MyDrive/ucf_experiments/ciclo_experimental_1/data/data_blur/train/-1l5631l3fg_1-f48269c138_0_flip_lr_blur.mp4,/content/drive/MyDrive/ucf_experiments/ciclo_experimental_1/data/data_crop/train/-1l5631l3fg_1-f48269c138_0_flip_lr_crop.mp4,0
4026,/content/drive/MyDrive/ucf_experiments/ciclo_experimental_1/data/data_blur/train/0AvTZRYx_0-714cbe7767_0_flip_lr_blur.mp4,/content/drive/MyDrive/ucf_experiments/ciclo_experimental_1/data/data_crop/train/0AvTZRYx_0-714cbe7767_0_flip_lr_crop.mp4,0
4027,/content/drive/MyDrive/ucf_experiments/ciclo_experimental_1/data/data_blur/train/0GGPb4iO_0-31f8844961_0_flip_lr_blur.mp4,/content/drive/MyDrive/ucf_experiments/ciclo_experimental_1/data/data_crop/train/0GGPb4iO_0-31f8844961_0_flip_lr_crop.mp4,0
4028,/content/drive/MyDrive/ucf_experiments/ciclo_experimental_1/data/data_blur/train/0H2s9UJcNJ0_0-2d24139fe3_0_flip_lr_blur.mp4,/content/drive/MyDrive/ucf_experiments/ciclo_experimental_1/data/data_crop/train/0H2s9UJcNJ0_0-2d24139fe3_0_flip_lr_crop.mp4,0
4029,/content/drive/MyDrive/ucf_experiments/ciclo_experimental_1/data/data_blur/train/0H2s9UJcNJ0_1-9747352536_0_flip_lr_blur.mp4,/content/drive/MyDrive/ucf_experiments/ciclo_experimental_1/data/data_crop/train/0H2s9UJcNJ0_1-9747352536_0_flip_lr_crop.mp4,0
4030,/content/drive/MyDrive/ucf_experiments/ciclo_experimental_1/data/data_blur/train/0H2s9UJcNJ0_2-a3f679dc77_0_flip_lr_blur.mp4,/content/drive/MyDrive/ucf_experiments/ciclo_experimental_1/data/data_crop/train/0H2s9UJcNJ0_2-a3f679dc77_0_flip_lr_crop.mp4,0
4031,/content/drive/MyDrive/ucf_experiments/ciclo_experimental_1/data/data_blur/train/0NqPsSHdri8_0-07dc9f763f_0_flip_lr_blur.mp4,/content/drive/MyDrive/ucf_experiments/ciclo_experimental_1/data/data_crop/train/0NqPsSHdri8_0-07dc9f763f_0_flip_lr_crop.mp4,0
4032,/content/drive/MyDrive/ucf_experiments/ciclo_experimental_1/data/data_blur/train/0QSeuqzpcOQ_0-3e19f065c0_0_flip_lr_blur.mp4,/content/drive/MyDrive/ucf_experiments/ciclo_experimental_1/data/data_crop/train/0QSeuqzpcOQ_0-3e19f065c0_0_flip_lr_crop.mp4,0
4033,/content/drive/MyDrive/ucf_experiments/ciclo_experimental_1/data/data_blur/train/0QSeuqzpcOQ_1-e0e5e95e9d_0_flip_lr_blur.mp4,/content/drive/MyDrive/ucf_experiments/ciclo_experimental_1/data/data_crop/train/0QSeuqzpcOQ_1-e0e5e95e9d_0_flip_lr_crop.mp4,0
4034,/content/drive/MyDrive/ucf_experiments/ciclo_experimental_1/data/data_blur/train/0TFi8D8IBg4_0-60a061d07f_0_flip_lr_blur.mp4,/content/drive/MyDrive/ucf_experiments/ciclo_experimental_1/data/data_crop/train/0TFi8D8IBg4_0-60a061d07f_0_flip_lr_crop.mp4,0
4035,/content/drive/MyDrive/ucf_experiments/ciclo_experimental_1/data/data_blur/train/0TP13Nyn_0-db46f1f965_0_flip_lr_blur.mp4,/content/drive/MyDrive/ucf_experiments/ciclo_experimental_1/data/data_crop/train/0TP13Nyn_0-db46f1f965_0_flip_lr_crop.mp4,0
4036,/content/drive/MyDrive/ucf_experiments/ciclo_experimental_1/data/data_blur/train/0vasozvJYvk_0-234af56246_0_flip_lr_blur.mp4,/content/drive/MyDrive/ucf_experiments/ciclo_experimental_1/data/data_crop/train/0vasozvJYvk_0-234af56246_0_flip_lr_crop.mp4,0
4037,/content/drive/MyDrive/ucf_experiments/ciclo_experimental_1/data/data_blur/train/0vasozvJYvk_1-cbea7a56f5_0_flip_lr_blur.mp4,/content/drive/MyDrive/ucf_experiments/ciclo_experimental_1/data/data_crop/train/0vasozvJYvk_1-cbea7a56f5_0_flip_lr_crop.mp4,0
4038,/content/drive/MyDrive/ucf_experiments/ciclo_experimental_1/data/data_blur/train/0vasozvJYvk_2-dff61d5a96_0_flip_lr_blur.mp4,/content/drive/MyDrive/ucf_experiments/ciclo_experimental_1/data/data_crop/train/0vasozvJYvk_2-dff61d5a96_0_flip_lr_crop.mp4,0
4039,/content/drive/MyDrive/ucf_experiments/ciclo_experimental_1/data/data_blur/train/0xoSMgad_0-2c5f10b758_0_flip_lr_blur.mp4,/content/drive/MyDrive/ucf_experiments/ciclo_experimental_1/data/data_crop/train/0xoSMgad_0-2c5f10b758_0_flip_lr_crop.mp4,0
4040,/content/drive/MyDrive/ucf_experiments/ciclo_experimental_1/data/data_blur/train/0YbzxGPE_0-92fbe91543_0_flip_lr_blur.mp4,/content/drive/MyDrive/ucf_experiments/ciclo_experimental_1/data/data_crop/train/0YbzxGPE_0-92fbe91543_0_flip_lr_crop.mp4,0
4041,/content/drive/MyDrive/ucf_experiments/ciclo_experimental_1/data/data_blur/train/0_DzLlklZa0_0-6669ce08e5_0_flip_lr_blur.mp4,/content/drive/MyDrive/ucf_experiments/ciclo_experimental_1/data/data_crop/train/0_DzLlklZa0_0-6669ce08e5_0_flip_lr_crop.mp4,0
4042,/content/drive/MyDrive/ucf_experiments/ciclo_experimental_1/data/data_blur/train/0_DzLlklZa0_1-1a6a892b0d_0_flip_lr_blur.mp4,/content/drive/MyDrive/ucf_experiments/ciclo_experimental_1/data/data_crop/train/0_DzLlklZa0_1-1a6a892b0d_0_flip_lr_crop.mp4,0
4043,/content/drive/MyDrive/ucf_experiments/ciclo_experimental_1/data/data_blur/train/0_DzLlklZa0_2-365464e51a_0_flip_lr_blur.mp4,/content/drive/MyDrive/ucf_experiments/ciclo_experimental_1/data/data_crop/train/0_DzLlklZa0_2-365464e51a_0_flip_lr_crop.mp4,0
4044,/content/drive/MyDrive/ucf_experiments/ciclo_experimental_1/data/data_blur/train/0_DzLlklZa0_3-bd48f3c23c_0_flip_lr_blur.mp4,/content/drive/MyDrive/ucf_experiments/ciclo_experimental_1/data/data_crop/train/0_DzLlklZa0_3-bd48f3c23c_0_flip_lr_crop.mp4,0
4045,/content/drive/MyDrive/ucf_experiments/ciclo_experimental_1/data/data_blur/train/11vr9Jho_0-1585df1bf1_0_flip_lr_blur.mp4,/content/drive/MyDrive/ucf_experiments/ciclo_experimental_1/data/data_crop/train/11vr9Jho_0-1585df1bf1_0_flip_lr_crop.mp4,0
4046,/content/drive/MyDrive/ucf_experiments/ciclo_experimental_1/data/data_blur/train/14YZVngQ_0-02f832090a_0_flip_lr_blur.mp4,/content/drive/MyDrive/ucf_experiments/ciclo_experimental_1/data/data_crop/train/14YZVngQ_0-02f832090a_0_flip_lr_crop.mp4,0
4047,/content/drive/MyDrive/ucf_experiments/ciclo_experimental_1/data/data_blur/train/16O0PIQP_0-ee8405144e_0_flip_lr_blur.mp4,/content/drive/MyDrive/ucf_experiments/ciclo_experimental_1/data/data_crop/train/16O0PIQP_0-ee8405144e_0_flip_lr_crop.mp4,0
4048,/content/drive/MyDrive/ucf_experiments/ciclo_experimental_1/data/data_blur/train/18xQQOv5_0-49f6e9cda0_0_flip_lr_blur.mp4,/content/drive/MyDrive/ucf_experiments/ciclo_experimental_1/data/data_crop/train/18xQQOv5_0-49f6e9cda0_0_flip_lr_crop.mp4,0
4049,/content/drive/MyDrive/ucf_experiments/ciclo_experimental_1/data/data_blur/train/1A3zEkCHBl8_0-c9bd8ac649_0_flip_lr_blur.mp4,/content/drive/MyDrive/ucf_experiments/ciclo_experimental_1/data/data_crop/train/1A3zEkCHBl8_0-c9bd8ac649_0_flip_lr_crop.mp4,0
4050,/content/drive/MyDrive/ucf_experiments/ciclo_experimental_1/data/data_blur/train/1A3zEkCHBl8_1-a936ded5f8_0_flip_lr_blur.mp4,/content/drive/MyDrive/ucf_experiments/ciclo_experimental_1/data/data_crop/train/1A3zEkCHBl8_1-a936ded5f8_0_flip_lr_crop.mp4,0
4051,/content/drive/MyDrive/ucf_experiments/ciclo_experimental_1/data/data_blur/train/1A3zEkCHBl8_2-6a4cd0ec7a_0_flip_lr_blur.mp4,/content/drive/MyDrive/ucf_experiments/ciclo_experimental_1/data/data_crop/train/1A3zEkCHBl8_2-6a4cd0ec7a_0_flip_lr_crop.mp4,0
4052,/content/drive/MyDrive/ucf_experiments/ciclo_experimental_1/data/data_blur/train/1ahhhDBQHxg_0-9feaf3cd61_0_flip_lr_blur.mp4,/content/drive/MyDrive/ucf_experiments/ciclo_experimental_1/data/data_crop/train/1ahhhDBQHxg_0-9feaf3cd61_0_flip_lr_crop.mp4,0
4053,/content/drive/MyDrive/ucf_experiments/ciclo_experimental_1/data/data_blur/train/1dsLuL5Lvbc_0-57d5175717_0_flip_lr_blur.mp4,/content/drive/MyDrive/ucf_experiments/ciclo_experimental_1/data/data_crop/train/1dsLuL5Lvbc_0-57d5175717_0_flip_lr_crop.mp4,0
4054,/content/drive/MyDrive/ucf_experiments/ciclo_experimental_1/data/data_blur/train/1O4KGHbRt3M_0-21d312ce5d_0_flip_lr_blur.mp4,/content/drive/MyDrive/ucf_experiments/ciclo_experimental_1/data/data_crop/train/1O4KGHbRt3M_0-21d312ce5d_0_flip_lr_crop.mp4,0
4055,/content/drive/MyDrive/ucf_experiments/ciclo_experimental_1/data/data_blur/train/1O4KGHbRt3M_1-63c07c484b_0_flip_lr_blur.mp4,/content/drive/MyDrive/ucf_experiments/ciclo_experimental_1/data/data_crop/train/1O4KGHbRt3M_1-63c07c484b_0_flip_lr_crop.mp4,0
4056,/content/drive/MyDrive/ucf_experiments/ciclo_experimental_1/data/data_blur/train/1oEbrZhr_0-3f70ecbc3f_0_flip_lr_blur.mp4,/content/drive/MyDrive/ucf_experiments/ciclo_experimental_1/data/data_crop/train/1oEbrZhr_0-3f70ecbc3f_0_flip_lr_crop.mp4,0
4057,/content/drive/MyDrive/ucf_experiments/ciclo_experimental_1/data/data_blur/train/1OXrIaQK_0-37f98b8c4e_0_flip_lr_blur.mp4,/content/drive/MyDrive/ucf_experiments/ciclo_experimental_1/data/data_crop/train/1OXrIaQK_0-37f98b8c4e_0_flip_lr_crop.mp4,0
4058,/content/drive/MyDrive/ucf_experiments/ciclo_experimental_1/data/data_blur/train/1QixA5m2_0-20e53044d7_0_flip_lr_blur.mp4,/content/drive/MyDrive/ucf_experiments/ciclo_experimental_1/data/data_crop/train/1QixA5m2_0-20e53044d7_0_flip_lr_crop.mp4,0
4059,/content/drive/MyDrive/ucf_experiments/ciclo_experimental_1/data/data_blur/train/1r91ACCe_0-4585edd6c7_0_flip_lr_blur.mp4,/content/drive/MyDrive/ucf_experiments/ciclo_experimental_1/data/data_crop/train/1r91ACCe_0-4585edd6c7_0_flip_lr_crop.mp4,0
4060,/content/drive/MyDrive/ucf_experiments/ciclo_experimental_1/data/data_blur/train/1tU4kxa51vw_0-f012cf9259_0_flip_lr_blur.mp4,/content/drive/MyDrive/ucf_experiments/ciclo_experimental_1/data/data_crop/train/1tU4kxa51vw_0-f012cf9259_0_flip_lr_crop.mp4,0
4061,/content/drive/MyDrive/ucf_experiments/ciclo_experimental_1/data/data_blur/train/1tU4kxa51vw_1-fe848608df_0_flip_lr_blur.mp4,/content/drive/MyDrive/ucf_experiments/ciclo_experimental_1/data/data_crop/train/1tU4kxa51vw_1-fe848608df_0_flip_lr_crop.mp4,0
4062,/content/drive/MyDrive/ucf_experiments/ciclo_experimental_1/data/data_blur/train/1tU4kxa51vw_2-05b484c2c6_0_flip_lr_blur.mp4,/content/drive/MyDrive/ucf_experiments/ciclo_experimental_1/data/data_crop/train/1tU4kxa51vw_2-05b484c2c6_0_flip_lr_crop.mp4,0
4063,/content/drive/MyDrive/ucf_experiments/ciclo_experimental_1/data/data_blur/train/1Ytq2moWGdw_0-91144ced0d_0_flip_lr_blur.mp4,/content/drive/MyDrive/ucf_experiments/ciclo_experimental_1/data/data_crop/train/1Ytq2moWGdw_0-91144ced0d_0_flip_lr_crop.mp4,0
4064,/content/drive/MyDrive/ucf_experiments/ciclo_experimental_1/data/data_blur/train/24E0xYYUz44_0-badaeda8b7_0_flip_lr_blur.mp4,/content/drive/MyDrive/ucf_experiments/ciclo_experimental_1/data/data_crop/train/24E0xYYUz44_0-badaeda8b7_0_flip_lr_crop.mp4,0
4065,/content/drive/MyDrive/ucf_experiments/ciclo_experimental_1/data/data_blur/train/24E0xYYUz44_1-ca5a441b16_0_flip_lr_blur.mp4,/content/drive/MyDrive/ucf_experiments/ciclo_experimental_1/data/data_crop/train/24E0xYYUz44_1-ca5a441b16_0_flip_lr_crop.mp4,0
4066,/content/drive/MyDrive/ucf_experiments/ciclo_experimental_1/data/data_blur/train/24E0xYYUz44_2-d832fbbe70_0_flip_lr_blur.mp4,/content/drive/MyDrive/ucf_experiments/ciclo_experimental_1/data/data_crop/train/24E0xYYUz44_2-d832fbbe70_0_flip_lr_crop.mp4,0
4067,/content/drive/MyDrive/ucf_experiments/ciclo_experimental_1/data/data_blur/train/2bBn7MLg_0-d02a29c052_0_flip_lr_blur.mp4,/content/drive/MyDrive/ucf_experiments/ciclo_experimental_1/data/data_crop/train/2bBn7MLg_0-d02a29c052_0_flip_lr_crop.mp4,0
4068,/content/drive/MyDrive/ucf_experiments/ciclo_experimental_1/data/data_blur/train/2gkuUVq1_0-b845d32fb9_0_flip_lr_blur.mp4,/content/drive/MyDrive/ucf_experiments/ciclo_experimental_1/data/data_crop/train/2gkuUVq1_0-b845d32fb9_0_flip_lr_crop.mp4,0
4069,/content/drive/MyDrive/ucf_experiments/ciclo_experimental_1/data/data_blur/train/2KMf6p5Q_0-4256b84c65_0_flip_lr_blur.mp4,/content/drive/MyDrive/ucf_experiments/ciclo_experimental_1/data/data_crop/train/2KMf6p5Q_0-4256b84c65_0_flip_lr_crop.mp4,0
4070,/content/drive/MyDrive/ucf_experiments/ciclo_experimental_1/data/data_blur/train/2KvkZ4yo_0-dd5ab2d4b0_0_flip_lr_blur.mp4,/content/drive/MyDrive/ucf_experiments/ciclo_experimental_1/data/data_crop/train/2KvkZ4yo_0-dd5ab2d4b0_0_flip_lr_crop.mp4,0
4071,/content/drive/MyDrive/ucf_experiments/ciclo_experimental_1/data/data_blur/train/310cmTrl_0-6dfb2ce3ee_0_flip_lr_blur.mp4,/content/drive/MyDrive/ucf_experiments/ciclo_experimental_1/data/data_crop/train/310cmTrl_0-6dfb2ce3ee_0_flip_lr_crop.mp4,0
4072,/content/drive/MyDrive/ucf_experiments/ciclo_experimental_1/data/data_blur/train/36zWWHlldS8_0-08314349e1_0_flip_lr_blur.mp4,/content/drive/MyDrive/ucf_experiments/ciclo_experimental_1/data/data_crop/train/36zWWHlldS8_0-08314349e1_0_flip_lr_crop.mp4,0
4073,/content/drive/MyDrive/ucf_experiments/ciclo_experimental_1/data/data_blur/train/3CQi0ZCCHvc_0-48899afd99_0_flip_lr_blur.mp4,/content/drive/MyDrive/ucf_experiments/ciclo_experimental_1/data/data_crop/train/3CQi0ZCCHvc_0-48899afd99_0_flip_lr_crop.mp4,0
4074,/content/drive/MyDrive/ucf_experiments/ciclo_experimental_1/data/data_blur/train/3CQi0ZCCHvc_1-1a18703e4f_0_flip_lr_blur.mp4,/content/drive/MyDrive/ucf_experiments/ciclo_experimental_1/data/data_crop/train/3CQi0ZCCHvc_1-1a18703e4f_0_flip_lr_crop.mp4,0
4075,/content/drive/MyDrive/ucf_experiments/ciclo_experimental_1/data/data_blur/train/3CQi0ZCCHvc_2-ea6b44296a_0_flip_lr_blur.mp4,/content/drive/MyDrive/ucf_experiments/ciclo_experimental_1/data/data_crop/train/3CQi0ZCCHvc_2-ea6b44296a_0_flip_lr_crop.mp4,0
4076,/content/drive/MyDrive/ucf_experiments/ciclo_experimental_1/data/data_blur/train/3djtKN3k_0-8b4281525b_0_flip_lr_blur.mp4,/content/drive/MyDrive/ucf_experiments/ciclo_experimental_1/data/data_crop/train/3djtKN3k_0-8b4281525b_0_flip_lr_crop.mp4,0
4077,/content/drive/MyDrive/ucf_experiments/ciclo_experimental_1/data/data_blur/train/3Edebh8P_0-c9239b6477_0_flip_lr_blur.mp4,/content/drive/MyDrive/ucf_experiments/ciclo_experimental_1/data/data_crop/train/3Edebh8P_0-c9239b6477_0_flip_lr_crop.mp4,0
4078,/content/drive/MyDrive/ucf_experiments/ciclo_experimental_1/data/data_blur/train/3GUaHts0_0-9eeac12f1e_0_flip_lr_blur.mp4,/content/drive/MyDrive/ucf_experiments/ciclo_experimental_1/data/data_crop/train/3GUaHts0_0-9eeac12f1e_0_flip_lr_crop.mp4,0
4079,/content/drive/MyDrive/ucf_experiments/ciclo_experimental_1/data/data_blur/train/3HCpeji1_0-9018e944be_0_flip_lr_blur.mp4,/content/drive/MyDrive/ucf_experiments/ciclo_experimental_1/data/data_crop/train/3HCpeji1_0-9018e944be_0_flip_lr_crop.mp4,0
4080,/content/drive/MyDrive/ucf_experiments/ciclo_experimental_1/data/data_blur/train/3kpviz7lAMY_0-bc81b4e0b8_0_flip_lr_blur.mp4,/content/drive/MyDrive/ucf_experiments/ciclo_experimental_1/data/data_crop/train/3kpviz7lAMY_0-bc81b4e0b8_0_flip_lr_crop.mp4,0
4081,/content/drive/MyDrive/ucf_experiments/ciclo_experimental_1/data/data_blur/train/3OKArbzg1uc_0-df45898699_0_flip_lr_blur.mp4,/content/drive/MyDrive/ucf_experiments/ciclo_experimental_1/data/data_crop/train/3OKArbzg1uc_0-df45898699_0_flip_lr_crop.mp4,0
4082,/content/drive/MyDrive/ucf_experiments/ciclo_experimental_1/data/data_blur/train/3pRrZ9TS_0-ea8e24c4eb_0_flip_lr_blur.mp4,/content/drive/MyDrive/ucf_experiments/ciclo_experimental_1/data/data_crop/train/3pRrZ9TS_0-ea8e24c4eb_0_flip_lr_crop.mp4,0
4083,/content/drive/MyDrive/ucf_experiments/ciclo_experimental_1/data/data_blur/train/3qsou7p57Nk_0-1fe234a52b_0_flip_lr_blur.mp4,/content/drive/MyDrive/ucf_experiments/ciclo_experimental_1/data/data_crop/train/3qsou7p57Nk_0-1fe234a52b_0_flip_lr_crop.mp4,0
4084,/content/drive/MyDrive/ucf_experiments/ciclo_experimental_1/data/data_blur/train/3qsou7p57Nk_1-b2e9525d66_0_flip_lr_blur.mp4,/content/drive/MyDrive/ucf_experiments/ciclo_experimental_1/data/data_crop/train/3qsou7p57Nk_1-b2e9525d66_0_flip_lr_crop.mp4,0
4085,/content/drive/MyDrive/ucf_experiments/ciclo_experimental_1/data/data_blur/train/3SS0E4SmTk8_0-60ef37515d_0_flip_lr_blur.mp4,/content/drive/MyDrive/ucf_experiments/ciclo_experimental_1/data/data_crop/train/3SS0E4SmTk8_0-60ef37515d_0_flip_lr_crop.mp4,0
4086,/content/drive/MyDrive/ucf_experiments/ciclo_experimental_1/data/data_blur/train/3SS0E4SmTk8_1-c889b211fb_0_flip_lr_blur.mp4,/content/drive/MyDrive/ucf_experiments/ciclo_experimental_1/data/data_crop/train/3SS0E4SmTk8_1-c889b211fb_0_flip_lr_crop.mp4,0
4087,/content/drive/MyDrive/ucf_experiments/ciclo_experimental_1/data/data_blur/train/3SS0E4SmTk8_2-e1d094e898_0_flip_lr_blur.mp4,/content/drive/MyDrive/ucf_experiments/ciclo_experimental_1/data/data_crop/train/3SS0E4SmTk8_2-e1d094e898_0_flip_lr_crop.mp4,0
4088,/content/drive/MyDrive/ucf_experiments/ciclo_experimental_1/data/data_blur/train/3TQqO4N8_0-0241a498b8_0_flip_lr_blur.mp4,/content/drive/MyDrive/ucf_experiments/ciclo_experimental_1/data/data_crop/train/3TQqO4N8_0-0241a498b8_0_flip_lr_crop.mp4,0
4089,/content/drive/MyDrive/ucf_experiments/ciclo_experimental_1/data/data_blur/train/3Vw7MoNBgx4_0-53818b0e8d_0_flip_lr_blur.mp4,/content/drive/MyDrive/ucf_experiments/ciclo_experimental_1/data/data_crop/train/3Vw7MoNBgx4_0-53818b0e8d_0_flip_lr_crop.mp4,0
4090,/content/drive/MyDrive/ucf_experiments/ciclo_experimental_1/data/data_blur/train/3Vw7MoNBgx4_1-9bb1312e40_0_flip_lr_blur.mp4,/content/drive/MyDrive/ucf_experiments/ciclo_experimental_1/data/data_crop/train/3Vw7MoNBgx4_1-9bb1312e40_0_flip_lr_crop.mp4,0
4091,/content/drive/MyDrive/ucf_experiments/ciclo_experimental_1/data/data_blur/train/3z7ncTuu_0-2473b14aa0_0_flip_lr_blur.mp4,/content/drive/MyDrive/ucf_experiments/ciclo_experimental_1/data/data_crop/train/3z7ncTuu_0-2473b14aa0_0_flip_lr_crop.mp4,0
4092,/content/drive/MyDrive/ucf_experiments/ciclo_experimental_1/data/data_blur/train/3ZY4hpms_0-8859e696c4_0_flip_lr_blur.mp4,/content/drive/MyDrive/ucf_experiments/ciclo_experimental_1/data/data_crop/train/3ZY4hpms_0-8859e696c4_0_flip_lr_crop.mp4,0
4093,/content/drive/MyDrive/ucf_experiments/ciclo_experimental_1/data/data_blur/train/40l8LuP4_0-73b9c5d0b2_0_flip_lr_blur.mp4,/content/drive/MyDrive/ucf_experiments/ciclo_experimental_1/data/data_crop/train/40l8LuP4_0-73b9c5d0b2_0_flip_lr_crop.mp4,0
4094,/content/drive/MyDrive/ucf_experiments/ciclo_experimental_1/data/data_blur/train/4Fqxw7Nl_0-a232f808b5_0_flip_lr_blur.mp4,/content/drive/MyDrive/ucf_experiments/ciclo_experimental_1/data/data_crop/train/4Fqxw7Nl_0-a232f808b5_0_flip_lr_crop.mp4,0
4095,/content/drive/MyDrive/ucf_experiments/ciclo_experimental_1/data/data_blur/train/4fY0Iv4t_0-9b2a5b8d6e_0_flip_lr_blur.mp4,/content/drive/MyDrive/ucf_experiments/ciclo_experimental_1/data/data_crop/train/4fY0Iv4t_0-9b2a5b8d6e_0_flip_lr_crop.mp4,0
4096,/content/drive/MyDrive/ucf_experiments/ciclo_experimental_1/data/data_blur/train/4grE6XdY_0-0bef09ae74_0_flip_lr_blur.mp4,/content/drive/MyDrive/ucf_experiments/ciclo_experimental_1/data/data_crop/train/4grE6XdY_0-0bef09ae74_0_flip_lr_crop.mp4,0
4097,/content/drive/MyDrive/ucf_experiments/ciclo_experimental_1/data/data_blur/train/4HH7yMU8y9A_0-263452b421_0_flip_lr_blur.mp4,/content/drive/MyDrive/ucf_experiments/ciclo_experimental_1/data/data_crop/train/4HH7yMU8y9A_0-263452b421_0_flip_lr_crop.mp4,0
4098,/content/drive/MyDrive/ucf_experiments/ciclo_experimental_1/data/data_blur/train/4HH7yMU8y9A_1-4fe8f748bc_0_flip_lr_blur.mp4,/content/drive/MyDrive/ucf_experiments/ciclo_experimental_1/data/data_crop/train/4HH7yMU8y9A_1-4fe8f748bc_0_flip_lr_crop.mp4,0
4099,/content/drive/MyDrive/ucf_experiments/ciclo_experimental_1/data/data_blur/train/4HH7yMU8y9A_2-7bd6c8d4bd_0_flip_lr_blur.mp4,/content/drive/MyDrive/ucf_experiments/ciclo_experimental_1/data/data_crop/train/4HH7yMU8y9A_2-7bd6c8d4bd_0_flip_lr_crop.mp4,0
4100,/content/drive/MyDrive/ucf_experiments/ciclo_experimental_1/data/data_blur/train/4HH7yMU8y9A_3-87f3c44d01_0_flip_lr_blur.mp4,/content/drive/MyDrive/ucf_experiments/ciclo_experimental_1/data/data_crop/train/4HH7yMU8y9A_3-87f3c44d01_0_flip_lr_crop.mp4,0
4101,/content/drive/MyDrive/ucf_experiments/ciclo_experimental_1/data/data_blur/train/4jZvTj4j_0-97385f989c_0_flip_lr_blur.mp4,/content/drive/MyDrive/ucf_experiments/ciclo_experimental_1/data/data_crop/train/4jZvTj4j_0-97385f989c_0_flip_lr_crop.mp4,0
4102,/content/drive/MyDrive/ucf_experiments/ciclo_experimental_1/data/data_blur/train/4RgIlSIB_0-69bf8a9231_0_flip_lr_blur.mp4,/content/drive/MyDrive/ucf_experiments/ciclo_experimental_1/data/data_crop/train/4RgIlSIB_0-69bf8a9231_0_flip_lr_crop.mp4,0
4103,/content/drive/MyDrive/ucf_experiments/ciclo_experimental_1/data/data_blur/train/4RqDG4I4iAk_0-0a29938c01_0_flip_lr_blur.mp4,/content/drive/MyDrive/ucf_experiments/ciclo_experimental_1/data/data_crop/train/4RqDG4I4iAk_0-0a29938c01_0_flip_lr_crop.mp4,0
4104,/content/drive/MyDrive/ucf_experiments/ciclo_experimental_1/data/data_blur/train/4RqDG4I4iAk_1-d4a6988d6f_0_flip_lr_blur.mp4,/content/drive/MyDrive/ucf_experiments/ciclo_experimental_1/data/data_crop/train/4RqDG4I4iAk_1-d4a6988d6f_0_flip_lr_crop.mp4,0
4105,/content/drive/MyDrive/ucf_experiments/ciclo_experimental_1/data/data_blur/train/4RqDG4I4iAk_2-8e5e720a8b_0_flip_lr_blur.mp4,/content/drive/MyDrive/ucf_experiments/ciclo_experimental_1/data/data_crop/train/4RqDG4I4iAk_2-8e5e720a8b_0_flip_lr_crop.mp4,0
4106,/content/drive/MyDrive/ucf_experiments/ciclo_experimental_1/data/data_blur/train/4x9VdiCc_0-5a56886610_0_flip_lr_blur.mp4,/content/drive/MyDrive/ucf_experiments/ciclo_experimental_1/data/data_crop/train/4x9VdiCc_0-5a56886610_0_flip_lr_crop.mp4,0
4107,/content/drive/MyDrive/ucf_experiments/ciclo_experimental_1/data/data_blur/train/4yTlGiDoxBo_0-aec45e5c8c_0_flip_lr_blur.mp4,/content/drive/MyDrive/ucf_experiments/ciclo_experimental_1/data/data_crop/train/4yTlGiDoxBo_0-aec45e5c8c_0_flip_lr_crop.mp4,0
4108,/content/drive/MyDrive/ucf_experiments/ciclo_experimental_1/data/data_blur/train/4yTlGiDoxBo_1-4c39c36172_0_flip_lr_blur.mp4,/content/drive/MyDrive/ucf_experiments/ciclo_experimental_1/data/data_crop/train/4yTlGiDoxBo_1-4c39c36172_0_flip_lr_crop.mp4,0
4109,/content/drive/MyDrive/ucf_experiments/ciclo_experimental_1/data/data_blur/train/4yTlGiDoxBo_2-93761317f1_0_flip_lr_blur.mp4,/content/drive/MyDrive/ucf_experiments/ciclo_experimental_1/data/data_crop/train/4yTlGiDoxBo_2-93761317f1_0_flip_lr_crop.mp4,0
4110,/content/drive/MyDrive/ucf_experiments/ciclo_experimental_1/data/data_blur/train/551_wlV44GU_0-66496d153f_0_flip_lr_blur.mp4,/content/drive/MyDrive/ucf_experiments/ciclo_experimental_1/data/data_crop/train/551_wlV44GU_0-66496d153f_0_flip_lr_crop.mp4,0
4111,/content/drive/MyDrive/ucf_experiments/ciclo_experimental_1/data/data_blur/train/551_wlV44GU_1-80e77c8705_0_flip_lr_blur.mp4,/content/drive/MyDrive/ucf_experiments/ciclo_experimental_1/data/data_crop/train/551_wlV44GU_1-80e77c8705_0_flip_lr_crop.mp4,0
4112,/content/drive/MyDrive/ucf_experiments/ciclo_experimental_1/data/data_blur/train/5CwYc67y_0-e5222d410c_0_flip_lr_blur.mp4,/content/drive/MyDrive/ucf_experiments/ciclo_experimental_1/data/data_crop/train/5CwYc67y_0-e5222d410c_0_flip_lr_crop.mp4,0
4113,/content/drive/MyDrive/ucf_experiments/ciclo_experimental_1/data/data_blur/train/5ieZt2nc_0-3b2433a7bc_0_flip_lr_blur.mp4,/content/drive/MyDrive/ucf_experiments/ciclo_experimental_1/data/data_crop/train/5ieZt2nc_0-3b2433a7bc_0_flip_lr_crop.mp4,0
4114,/content/drive/MyDrive/ucf_experiments/ciclo_experimental_1/data/data_blur/train/5RayT2Vy0EA_0-762d1aba83_0_flip_lr_blur.mp4,/content/drive/MyDrive/ucf_experiments/ciclo_experimental_1/data/data_crop/train/5RayT2Vy0EA_0-762d1aba83_0_flip_lr_crop.mp4,0
4115,/content/drive/MyDrive/ucf_experiments/ciclo_experimental_1/data/data_blur/train/5RayT2Vy0EA_1-da544615af_0_flip_lr_blur.mp4,/content/drive/MyDrive/ucf_experiments/ciclo_experimental_1/data/data_crop/train/5RayT2Vy0EA_1-da544615af_0_flip_lr_crop.mp4,0
4116,/content/drive/MyDrive/ucf_experiments/ciclo_experimental_1/data/data_blur/train/5RayT2Vy0EA_2-980ee87ae1_0_flip_lr_blur.mp4,/content/drive/MyDrive/ucf_experiments/ciclo_experimental_1/data/data_crop/train/5RayT2Vy0EA_2-980ee87ae1_0_flip_lr_crop.mp4,0
4117,/content/drive/MyDrive/ucf_experiments/ciclo_experimental_1/data/data_blur/train/5z1f5blMBdk_0-25ef545aa1_0_flip_lr_blur.mp4,/content/drive/MyDrive/ucf_experiments/ciclo_experimental_1/data/data_crop/train/5z1f5blMBdk_0-25ef545aa1_0_flip_lr_crop.mp4,0
4118,/content/drive/MyDrive/ucf_experiments/ciclo_experimental_1/data/data_blur/train/5zVqOS0l_0-50bbb41081_0_flip_lr_blur.mp4,/content/drive/MyDrive/ucf_experiments/ciclo_experimental_1/data/data_crop/train/5zVqOS0l_0-50bbb41081_0_flip_lr_crop.mp4,0
4119,/content/drive/MyDrive/ucf_experiments/ciclo_experimental_1/data/data_blur/train/6b254l7P_0-9dcb189d1f_0_flip_lr_blur.mp4,/content/drive/MyDrive/ucf_experiments/ciclo_experimental_1/data/data_crop/train/6b254l7P_0-9dcb189d1f_0_flip_lr_crop.mp4,0
4120,/content/drive/MyDrive/ucf_experiments/ciclo_experimental_1/data/data_blur/train/6Dej3-k3MRE_0-0e7b0d5d50_0_flip_lr_blur.mp4,/content/drive/MyDrive/ucf_experiments/ciclo_experimental_1/data/data_crop/train/6Dej3-k3MRE_0-0e7b0d5d50_0_flip_lr_crop.mp4,0
4121,/content/drive/MyDrive/ucf_experiments/ciclo_experimental_1/data/data_blur/train/6Dej3-k3MRE_1-d7b6126e96_0_flip_lr_blur.mp4,/content/drive/MyDrive/ucf_experiments/ciclo_experimental_1/data/data_crop/train/6Dej3-k3MRE_1-d7b6126e96_0_flip_lr_crop.mp4,0
4122,/content/drive/MyDrive/ucf_experiments/ciclo_experimental_1/data/data_blur/train/6Dej3-k3MRE_2-270354a59e_0_flip_lr_blur.mp4,/content/drive/MyDrive/ucf_experiments/ciclo_experimental_1/data/data_crop/train/6Dej3-k3MRE_2-270354a59e_0_flip_lr_crop.mp4,0
4123,/content/drive/MyDrive/ucf_experiments/ciclo_experimental_1/data/data_blur/train/6hots6jj_0-ffdc2aa788_0_flip_lr_blur.mp4,/content/drive/MyDrive/ucf_experiments/ciclo_experimental_1/data/data_crop/train/6hots6jj_0-ffdc2aa788_0_flip_lr_crop.mp4,0
4124,/content/drive/MyDrive/ucf_experiments/ciclo_experimental_1/data/data_blur/train/6JmCJbug_0-da1724cf71_0_flip_lr_blur.mp4,/content/drive/MyDrive/ucf_experiments/ciclo_experimental_1/data/data_crop/train/6JmCJbug_0-da1724cf71_0_flip_lr_crop.mp4,0
4125,/content/drive/MyDrive/ucf_experiments/ciclo_experimental_1/data/data_blur/train/6mrIIcAQ2fI_0-c8d745785c_0_flip_lr_blur.mp4,/content/drive/MyDrive/ucf_experiments/ciclo_experimental_1/data/data_crop/train/6mrIIcAQ2fI_0-c8d745785c_0_flip_lr_crop.mp4,0
4126,/content/drive/MyDrive/ucf_experiments/ciclo_experimental_1/data/data_blur/train/6mrIIcAQ2fI_1-c4e8170d0a_0_flip_lr_blur.mp4,/content/drive/MyDrive/ucf_experiments/ciclo_experimental_1/data/data_crop/train/6mrIIcAQ2fI_1-c4e8170d0a_0_flip_lr_crop.mp4,0
4127,/content/drive/MyDrive/ucf_experiments/ciclo_experimental_1/data/data_blur/train/6MSwCc0a_0-c99a4f24e0_0_flip_lr_blur.mp4,/content/drive/MyDrive/ucf_experiments/ciclo_experimental_1/data/data_crop/train/6MSwCc0a_0-c99a4f24e0_0_flip_lr_crop.mp4,0
4128,/content/drive/MyDrive/ucf_experiments/ciclo_experimental_1/data/data_blur/train/6n48sGUq_0-f58f296eca_0_flip_lr_blur.mp4,/content/drive/MyDrive/ucf_experiments/ciclo_experimental_1/data/data_crop/train/6n48sGUq_0-f58f296eca_0_flip_lr_crop.mp4,0
4129,/content/drive/MyDrive/ucf_experiments/ciclo_experimental_1/data/data_blur/train/6YmBBzyX_0-aa7fcc7c49_0_flip_lr_blur.mp4,/content/drive/MyDrive/ucf_experiments/ciclo_experimental_1/data/data_crop/train/6YmBBzyX_0-aa7fcc7c49_0_flip_lr_crop.mp4,0
4130,/content/drive/MyDrive/ucf_experiments/ciclo_experimental_1/data/data_blur/train/7-e3_UW7L7U_0-21bc3b9299_0_flip_lr_blur.mp4,/content/drive/MyDrive/ucf_experiments/ciclo_experimental_1/data/data_crop/train/7-e3_UW7L7U_0-21bc3b9299_0_flip_lr_crop.mp4,0
4131,/content/drive/MyDrive/ucf_experiments/ciclo_experimental_1/data/data_blur/train/7icHwpC_d44_0-609d1cefd4_0_flip_lr_blur.mp4,/content/drive/MyDrive/ucf_experiments/ciclo_experimental_1/data/data_crop/train/7icHwpC_d44_0-609d1cefd4_0_flip_lr_crop.mp4,0
4132,/content/drive/MyDrive/ucf_experiments/ciclo_experimental_1/data/data_blur/train/7KXPekwe_0-95820c47c9_0_flip_lr_blur.mp4,/content/drive/MyDrive/ucf_experiments/ciclo_experimental_1/data/data_crop/train/7KXPekwe_0-95820c47c9_0_flip_lr_crop.mp4,0
4133,/content/drive/MyDrive/ucf_experiments/ciclo_experimental_1/data/data_blur/train/7QgVKRHB_0-b45e3aacb2_0_flip_lr_blur.mp4,/content/drive/MyDrive/ucf_experiments/ciclo_experimental_1/data/data_crop/train/7QgVKRHB_0-b45e3aacb2_0_flip_lr_crop.mp4,0
4134,/content/drive/MyDrive/ucf_experiments/ciclo_experimental_1/data/data_blur/train/7qtRgyFsk3s_0-1ad9042a90_0_flip_lr_blur.mp4,/content/drive/MyDrive/ucf_experiments/ciclo_experimental_1/data/data_crop/train/7qtRgyFsk3s_0-1ad9042a90_0_flip_lr_crop.mp4,0
4135,/content/drive/MyDrive/ucf_experiments/ciclo_experimental_1/data/data_blur/train/7qtRgyFsk3s_1-eab339c0ae_0_flip_lr_blur.mp4,/content/drive/MyDrive/ucf_experiments/ciclo_experimental_1/data/data_crop/train/7qtRgyFsk3s_1-eab339c0ae_0_flip_lr_crop.mp4,0
4136,/content/drive/MyDrive/ucf_experiments/ciclo_experimental_1/data/data_blur/train/7R1m3V8C30g_0-93df1058cb_0_flip_lr_blur.mp4,/content/drive/MyDrive/ucf_experiments/ciclo_experimental_1/data/data_crop/train/7R1m3V8C30g_0-93df1058cb_0_flip_lr_crop.mp4,0
4137,/content/drive/MyDrive/ucf_experiments/ciclo_experimental_1/data/data_blur/train/7R1m3V8C30g_1-55b95a8653_0_flip_lr_blur.mp4,/content/drive/MyDrive/ucf_experiments/ciclo_experimental_1/data/data_crop/train/7R1m3V8C30g_1-55b95a8653_0_flip_lr_crop.mp4,0
4138,/content/drive/MyDrive/ucf_experiments/ciclo_experimental_1/data/data_blur/train/80ySNph9_0-3be6a6d657_0_flip_lr_blur.mp4,/content/drive/MyDrive/ucf_experiments/ciclo_experimental_1/data/data_crop/train/80ySNph9_0-3be6a6d657_0_flip_lr_crop.mp4,0
4139,/content/drive/MyDrive/ucf_experiments/ciclo_experimental_1/data/data_blur/train/85dkGMed_0-374decc475_0_flip_lr_blur.mp4,/content/drive/MyDrive/ucf_experiments/ciclo_experimental_1/data/data_crop/train/85dkGMed_0-374decc475_0_flip_lr_crop.mp4,0
4140,/content/drive/MyDrive/ucf_experiments/ciclo_experimental_1/data/data_blur/train/86lUShJD_0-8131dfde31_0_flip_lr_blur.mp4,/content/drive/MyDrive/ucf_experiments/ciclo_experimental_1/data/data_crop/train/86lUShJD_0-8131dfde31_0_flip_lr_crop.mp4,0
4141,/content/drive/MyDrive/ucf_experiments/ciclo_experimental_1/data/data_blur/train/88ndrvAZpE8_0-c7c5ebbe5e_0_flip_lr_blur.mp4,/content/drive/MyDrive/ucf_experiments/ciclo_experimental_1/data/data_crop/train/88ndrvAZpE8_0-c7c5ebbe5e_0_flip_lr_crop.mp4,0
4142,/content/drive/MyDrive/ucf_experiments/ciclo_experimental_1/data/data_blur/train/88ndrvAZpE8_1-5d1ca5b988_0_flip_lr_blur.mp4,/content/drive/MyDrive/ucf_experiments/ciclo_experimental_1/data/data_crop/train/88ndrvAZpE8_1-5d1ca5b988_0_flip_lr_crop.mp4,0
4143,/content/drive/MyDrive/ucf_experiments/ciclo_experimental_1/data/data_blur/train/8MuRpAyP_0-0c6a891401_0_flip_lr_blur.mp4,/content/drive/MyDrive/ucf_experiments/ciclo_experimental_1/data/data_crop/train/8MuRpAyP_0-0c6a891401_0_flip_lr_crop.mp4,0
4144,/content/drive/MyDrive/ucf_experiments/ciclo_experimental_1/data/data_blur/train/8pKKdS7rhXo_0-4553829654_0_flip_lr_blur.mp4,/content/drive/MyDrive/ucf_experiments/ciclo_experimental_1/data/data_crop/train/8pKKdS7rhXo_0-4553829654_0_flip_lr_crop.mp4,0
4145,/content/drive/MyDrive/ucf_experiments/ciclo_experimental_1/data/data_blur/train/8PuNOqvh_0-9931bbc720_0_flip_lr_blur.mp4,/content/drive/MyDrive/ucf_experiments/ciclo_experimental_1/data/data_crop/train/8PuNOqvh_0-9931bbc720_0_flip_lr_crop.mp4,0
4146,/content/drive/MyDrive/ucf_experiments/ciclo_experimental_1/data/data_blur/train/8SWZq5we_fk_0-1ba11321a4_0_flip_lr_blur.mp4,/content/drive/MyDrive/ucf_experiments/ciclo_experimental_1/data/data_crop/train/8SWZq5we_fk_0-1ba11321a4_0_flip_lr_crop.mp4,0
4147,/content/drive/MyDrive/ucf_experiments/ciclo_experimental_1/data/data_blur/train/8SWZq5we_fk_1-2807685b5c_0_flip_lr_blur.mp4,/content/drive/MyDrive/ucf_experiments/ciclo_experimental_1/data/data_crop/train/8SWZq5we_fk_1-2807685b5c_0_flip_lr_crop.mp4,0
4148,/content/drive/MyDrive/ucf_experiments/ciclo_experimental_1/data/data_blur/train/8SWZq5we_fk_2-5279b6819f_0_flip_lr_blur.mp4,/content/drive/MyDrive/ucf_experiments/ciclo_experimental_1/data/data_crop/train/8SWZq5we_fk_2-5279b6819f_0_flip_lr_crop.mp4,0
4149,/content/drive/MyDrive/ucf_experiments/ciclo_experimental_1/data/data_blur/train/8U6x0VMW_0-812c18c8a5_0_flip_lr_blur.mp4,/content/drive/MyDrive/ucf_experiments/ciclo_experimental_1/data/data_crop/train/8U6x0VMW_0-812c18c8a5_0_flip_lr_crop.mp4,0
4150,/content/drive/MyDrive/ucf_experiments/ciclo_experimental_1/data/data_blur/train/8VqTmuq4HcI_0-99fdbf1cf4_0_flip_lr_blur.mp4,/content/drive/MyDrive/ucf_experiments/ciclo_experimental_1/data/data_crop/train/8VqTmuq4HcI_0-99fdbf1cf4_0_flip_lr_crop.mp4,0
4151,/content/drive/MyDrive/ucf_experiments/ciclo_experimental_1/data/data_blur/train/8VqTmuq4HcI_1-5a37db1ee6_0_flip_lr_blur.mp4,/content/drive/MyDrive/ucf_experiments/ciclo_experimental_1/data/data_crop/train/8VqTmuq4HcI_1-5a37db1ee6_0_flip_lr_crop.mp4,0
4152,/content/drive/MyDrive/ucf_experiments/ciclo_experimental_1/data/data_blur/train/8VqTmuq4HcI_2-463dadd969_0_flip_lr_blur.mp4,/content/drive/MyDrive/ucf_experiments/ciclo_experimental_1/data/data_crop/train/8VqTmuq4HcI_2-463dadd969_0_flip_lr_crop.mp4,0
4153,/content/drive/MyDrive/ucf_experiments/ciclo_experimental_1/data/data_blur/train/9CeKXVvD_0-670874d36a_0_flip_lr_blur.mp4,/content/drive/MyDrive/ucf_experiments/ciclo_experimental_1/data/data_crop/train/9CeKXVvD_0-670874d36a_0_flip_lr_crop.mp4,0
4154,/content/drive/MyDrive/ucf_experiments/ciclo_experimental_1/data/data_blur/train/9C_LQa7nnFg_0-ddc4da3d1e_0_flip_lr_blur.mp4,/content/drive/MyDrive/ucf_experiments/ciclo_experimental_1/data/data_crop/train/9C_LQa7nnFg_0-ddc4da3d1e_0_flip_lr_crop.mp4,0
4155,/content/drive/MyDrive/ucf_experiments/ciclo_experimental_1/data/data_blur/train/9C_LQa7nnFg_1-c9b51f3b54_0_flip_lr_blur.mp4,/content/drive/MyDrive/ucf_experiments/ciclo_experimental_1/data/data_crop/train/9C_LQa7nnFg_1-c9b51f3b54_0_flip_lr_crop.mp4,0
4156,/content/drive/MyDrive/ucf_experiments/ciclo_experimental_1/data/data_blur/train/9C_LQa7nnFg_2-701037c8cc_0_flip_lr_blur.mp4,/content/drive/MyDrive/ucf_experiments/ciclo_experimental_1/data/data_crop/train/9C_LQa7nnFg_2-701037c8cc_0_flip_lr_crop.mp4,0
4157,/content/drive/MyDrive/ucf_experiments/ciclo_experimental_1/data/data_blur/train/9F6pZn73_0-3a4e881dec_0_flip_lr_blur.mp4,/content/drive/MyDrive/ucf_experiments/ciclo_experimental_1/data/data_crop/train/9F6pZn73_0-3a4e881dec_0_flip_lr_crop.mp4,0
4158,/content/drive/MyDrive/ucf_experiments/ciclo_experimental_1/data/data_blur/train/9GFNxpur_0-dcb8b5e386_0_flip_lr_blur.mp4,/content/drive/MyDrive/ucf_experiments/ciclo_experimental_1/data/data_crop/train/9GFNxpur_0-dcb8b5e386_0_flip_lr_crop.mp4,0
4159,/content/drive/MyDrive/ucf_experiments/ciclo_experimental_1/data/data_blur/train/9haGKtHJ_0-a1d7ffebb3_0_flip_lr_blur.mp4,/content/drive/MyDrive/ucf_experiments/ciclo_experimental_1/data/data_crop/train/9haGKtHJ_0-a1d7ffebb3_0_flip_lr_crop.mp4,0
4160,/content/drive/MyDrive/ucf_experiments/ciclo_experimental_1/data/data_blur/train/9Jss3rP1_0-2a81cc0ea1_0_flip_lr_blur.mp4,/content/drive/MyDrive/ucf_experiments/ciclo_experimental_1/data/data_crop/train/9Jss3rP1_0-2a81cc0ea1_0_flip_lr_crop.mp4,0
4161,/content/drive/MyDrive/ucf_experiments/ciclo_experimental_1/data/data_blur/train/9N4HikpX_0-f175d97334_0_flip_lr_blur.mp4,/content/drive/MyDrive/ucf_experiments/ciclo_experimental_1/data/data_crop/train/9N4HikpX_0-f175d97334_0_flip_lr_crop.mp4,0
4162,/content/drive/MyDrive/ucf_experiments/ciclo_experimental_1/data/data_blur/train/9nFtxkJ7ywg_0-34935c615c_0_flip_lr_blur.mp4,/content/drive/MyDrive/ucf_experiments/ciclo_experimental_1/data/data_crop/train/9nFtxkJ7ywg_0-34935c615c_0_flip_lr_crop.mp4,0
4163,/content/drive/MyDrive/ucf_experiments/ciclo_experimental_1/data/data_blur/train/9qjOCoE7_0-d568e9dd63_0_flip_lr_blur.mp4,/content/drive/MyDrive/ucf_experiments/ciclo_experimental_1/data/data_crop/train/9qjOCoE7_0-d568e9dd63_0_flip_lr_crop.mp4,0
4164,/content/drive/MyDrive/ucf_experiments/ciclo_experimental_1/data/data_blur/train/9U8J4abJGDg_0-99b2000e69_0_flip_lr_blur.mp4,/content/drive/MyDrive/ucf_experiments/ciclo_experimental_1/data/data_crop/train/9U8J4abJGDg_0-99b2000e69_0_flip_lr_crop.mp4,0
4165,/content/drive/MyDrive/ucf_experiments/ciclo_experimental_1/data/data_blur/train/9uvZbSsy_0-f073bc9b73_0_flip_lr_blur.mp4,/content/drive/MyDrive/ucf_experiments/ciclo_experimental_1/data/data_crop/train/9uvZbSsy_0-f073bc9b73_0_flip_lr_crop.mp4,0
4166,/content/drive/MyDrive/ucf_experiments/ciclo_experimental_1/data/data_blur/train/a2kw3cfb_0-fc845ca02a_0_flip_lr_blur.mp4,/content/drive/MyDrive/ucf_experiments/ciclo_experimental_1/data/data_crop/train/a2kw3cfb_0-fc845ca02a_0_flip_lr_crop.mp4,0
4167,/content/drive/MyDrive/ucf_experiments/ciclo_experimental_1/data/data_blur/train/a2qLzOu_n0s_0-790b64dea4_0_flip_lr_blur.mp4,/content/drive/MyDrive/ucf_experiments/ciclo_experimental_1/data/data_crop/train/a2qLzOu_n0s_0-790b64dea4_0_flip_lr_crop.mp4,0
4168,/content/drive/MyDrive/ucf_experiments/ciclo_experimental_1/data/data_blur/train/a39igxDY_0-6dbef36926_0_flip_lr_blur.mp4,/content/drive/MyDrive/ucf_experiments/ciclo_experimental_1/data/data_crop/train/a39igxDY_0-6dbef36926_0_flip_lr_crop.mp4,0
4169,/content/drive/MyDrive/ucf_experiments/ciclo_experimental_1/data/data_blur/train/a7gBQaAFEtw_0-47f7de828d_0_flip_lr_blur.mp4,/content/drive/MyDrive/ucf_experiments/ciclo_experimental_1/data/data_crop/train/a7gBQaAFEtw_0-47f7de828d_0_flip_lr_crop.mp4,0
4170,/content/drive/MyDrive/ucf_experiments/ciclo_experimental_1/data/data_blur/train/a7gBQaAFEtw_1-8ffba25088_0_flip_lr_blur.mp4,/content/drive/MyDrive/ucf_experiments/ciclo_experimental_1/data/data_crop/train/a7gBQaAFEtw_1-8ffba25088_0_flip_lr_crop.mp4,0
4171,/content/drive/MyDrive/ucf_experiments/ciclo_experimental_1/data/data_blur/train/a7gBQaAFEtw_2-dcb68441b9_0_flip_lr_blur.mp4,/content/drive/MyDrive/ucf_experiments/ciclo_experimental_1/data/data_crop/train/a7gBQaAFEtw_2-dcb68441b9_0_flip_lr_crop.mp4,0
4172,/content/drive/MyDrive/ucf_experiments/ciclo_experimental_1/data/data_blur/train/a7gBQaAFEtw_3-b73b8a55e5_0_flip_lr_blur.mp4,/content/drive/MyDrive/ucf_experiments/ciclo_experimental_1/data/data_crop/train/a7gBQaAFEtw_3-b73b8a55e5_0_flip_lr_crop.mp4,0
4173,/content/drive/MyDrive/ucf_experiments/ciclo_experimental_1/data/data_blur/train/a7gBQaAFEtw_4-e506f3f80f_0_flip_lr_blur.mp4,/content/drive/MyDrive/ucf_experiments/ciclo_experimental_1/data/data_crop/train/a7gBQaAFEtw_4-e506f3f80f_0_flip_lr_crop.mp4,0
4174,/content/drive/MyDrive/ucf_experiments/ciclo_experimental_1/data/data_blur/train/a7gBQaAFEtw_5-73abe2da5d_0_flip_lr_blur.mp4,/content/drive/MyDrive/ucf_experiments/ciclo_experimental_1/data/data_crop/train/a7gBQaAFEtw_5-73abe2da5d_0_flip_lr_crop.mp4,0
4175,/content/drive/MyDrive/ucf_experiments/ciclo_experimental_1/data/data_blur/train/AbD9xwut_0-b1f8c7c203_0_flip_lr_blur.mp4,/content/drive/MyDrive/ucf_experiments/ciclo_experimental_1/data/data_crop/train/AbD9xwut_0-b1f8c7c203_0_flip_lr_crop.mp4,0
4176,/content/drive/MyDrive/ucf_experiments/ciclo_experimental_1/data/data_blur/train/Ae3RYgGF_0-a64d1082bc_0_flip_lr_blur.mp4,/content/drive/MyDrive/ucf_experiments/ciclo_experimental_1/data/data_crop/train/Ae3RYgGF_0-a64d1082bc_0_flip_lr_crop.mp4,0
4177,/content/drive/MyDrive/ucf_experiments/ciclo_experimental_1/data/data_blur/train/AEGjLggu_0-a8d50a6270_0_flip_lr_blur.mp4,/content/drive/MyDrive/ucf_experiments/ciclo_experimental_1/data/data_crop/train/AEGjLggu_0-a8d50a6270_0_flip_lr_crop.mp4,0
4178,/content/drive/MyDrive/ucf_experiments/ciclo_experimental_1/data/data_blur/train/AF4Rk1I2_0-3042d398b2_0_flip_lr_blur.mp4,/content/drive/MyDrive/ucf_experiments/ciclo_experimental_1/data/data_crop/train/AF4Rk1I2_0-3042d398b2_0_flip_lr_crop.mp4,0
4179,/content/drive/MyDrive/ucf_experiments/ciclo_experimental_1/data/data_blur/train/AG0ofjSP_0-cadf7ce2ac_0_flip_lr_blur.mp4,/content/drive/MyDrive/ucf_experiments/ciclo_experimental_1/data/data_crop/train/AG0ofjSP_0-cadf7ce2ac_0_flip_lr_crop.mp4,0
4180,/content/drive/MyDrive/ucf_experiments/ciclo_experimental_1/data/data_blur/train/aGfwZ3E4_0-9a3d319e73_0_flip_lr_blur.mp4,/content/drive/MyDrive/ucf_experiments/ciclo_experimental_1/data/data_crop/train/aGfwZ3E4_0-9a3d319e73_0_flip_lr_crop.mp4,0
4181,/content/drive/MyDrive/ucf_experiments/ciclo_experimental_1/data/data_blur/train/ajJRyYZUEtA_0-3d3a32ce0c_0_flip_lr_blur.mp4,/content/drive/MyDrive/ucf_experiments/ciclo_experimental_1/data/data_crop/train/ajJRyYZUEtA_0-3d3a32ce0c_0_flip_lr_crop.mp4,0
4182,/content/drive/MyDrive/ucf_experiments/ciclo_experimental_1/data/data_blur/train/ajJRyYZUEtA_1-695ef3573f_0_flip_lr_blur.mp4,/content/drive/MyDrive/ucf_experiments/ciclo_experimental_1/data/data_crop/train/ajJRyYZUEtA_1-695ef3573f_0_flip_lr_crop.mp4,0
4183,/content/drive/MyDrive/ucf_experiments/ciclo_experimental_1/data/data_blur/train/ajJRyYZUEtA_2-813348adbe_0_flip_lr_blur.mp4,/content/drive/MyDrive/ucf_experiments/ciclo_experimental_1/data/data_crop/train/ajJRyYZUEtA_2-813348adbe_0_flip_lr_crop.mp4,0
4184,/content/drive/MyDrive/ucf_experiments/ciclo_experimental_1/data/data_blur/train/aKgSasWRJ2s_0-6665a8c7c3_0_flip_lr_blur.mp4,/content/drive/MyDrive/ucf_experiments/ciclo_experimental_1/data/data_crop/train/aKgSasWRJ2s_0-6665a8c7c3_0_flip_lr_crop.mp4,0
4185,/content/drive/MyDrive/ucf_experiments/ciclo_experimental_1/data/data_blur/train/aKK0B4kpKZA_0-eb71c96205_0_flip_lr_blur.mp4,/content/drive/MyDrive/ucf_experiments/ciclo_experimental_1/data/data_crop/train/aKK0B4kpKZA_0-eb71c96205_0_flip_lr_crop.mp4,0
4186,/content/drive/MyDrive/ucf_experiments/ciclo_experimental_1/data/data_blur/train/Am9mUxPTvK4_0-d0f50076e4_0_flip_lr_blur.mp4,/content/drive/MyDrive/ucf_experiments/ciclo_experimental_1/data/data_crop/train/Am9mUxPTvK4_0-d0f50076e4_0_flip_lr_crop.mp4,0
4187,/content/drive/MyDrive/ucf_experiments/ciclo_experimental_1/data/data_blur/train/aoFX2ZCB_0-4dcde5d56d_0_flip_lr_blur.mp4,/content/drive/MyDrive/ucf_experiments/ciclo_experimental_1/data/data_crop/train/aoFX2ZCB_0-4dcde5d56d_0_flip_lr_crop.mp4,0
4188,/content/drive/MyDrive/ucf_experiments/ciclo_experimental_1/data/data_blur/train/API3q8TBGu4_0-48111a6064_0_flip_lr_blur.mp4,/content/drive/MyDrive/ucf_experiments/ciclo_experimental_1/data/data_crop/train/API3q8TBGu4_0-48111a6064_0_flip_lr_crop.mp4,0
4189,/content/drive/MyDrive/ucf_experiments/ciclo_experimental_1/data/data_blur/train/API3q8TBGu4_1-50fba72e76_0_flip_lr_blur.mp4,/content/drive/MyDrive/ucf_experiments/ciclo_experimental_1/data/data_crop/train/API3q8TBGu4_1-50fba72e76_0_flip_lr_crop.mp4,0
4190,/content/drive/MyDrive/ucf_experiments/ciclo_experimental_1/data/data_blur/train/aQysMqg0K7M_0-011d0328bd_0_flip_lr_blur.mp4,/content/drive/MyDrive/ucf_experiments/ciclo_experimental_1/data/data_crop/train/aQysMqg0K7M_0-011d0328bd_0_flip_lr_crop.mp4,0
4191,/content/drive/MyDrive/ucf_experiments/ciclo_experimental_1/data/data_blur/train/aQysMqg0K7M_1-cb8841fd0d_0_flip_lr_blur.mp4,/content/drive/MyDrive/ucf_experiments/ciclo_experimental_1/data/data_crop/train/aQysMqg0K7M_1-cb8841fd0d_0_flip_lr_crop.mp4,0
4192,/content/drive/MyDrive/ucf_experiments/ciclo_experimental_1/data/data_blur/train/aQysMqg0K7M_2-08f5bcec98_0_flip_lr_blur.mp4,/content/drive/MyDrive/ucf_experiments/ciclo_experimental_1/data/data_crop/train/aQysMqg0K7M_2-08f5bcec98_0_flip_lr_crop.mp4,0
4193,/content/drive/MyDrive/ucf_experiments/ciclo_experimental_1/data/data_blur/train/aQysMqg0K7M_3-034af88ad7_0_flip_lr_blur.mp4,/content/drive/MyDrive/ucf_experiments/ciclo_experimental_1/data/data_crop/train/aQysMqg0K7M_3-034af88ad7_0_flip_lr_crop.mp4,0
4194,/content/drive/MyDrive/ucf_experiments/ciclo_experimental_1/data/data_blur/train/aRvWjteA_0-5cffcb5f82_0_flip_lr_blur.mp4,/content/drive/MyDrive/ucf_experiments/ciclo_experimental_1/data/data_crop/train/aRvWjteA_0-5cffcb5f82_0_flip_lr_crop.mp4,0
4195,/content/drive/MyDrive/ucf_experiments/ciclo_experimental_1/data/data_blur/train/arXD3QM2_0-03555d0420_0_flip_lr_blur.mp4,/content/drive/MyDrive/ucf_experiments/ciclo_experimental_1/data/data_crop/train/arXD3QM2_0-03555d0420_0_flip_lr_crop.mp4,0
4196,/content/drive/MyDrive/ucf_experiments/ciclo_experimental_1/data/data_blur/train/as4zD6d86q0_0-d79ab7b92b_0_flip_lr_blur.mp4,/content/drive/MyDrive/ucf_experiments/ciclo_experimental_1/data/data_crop/train/as4zD6d86q0_0-d79ab7b92b_0_flip_lr_crop.mp4,0
4197,/content/drive/MyDrive/ucf_experiments/ciclo_experimental_1/data/data_blur/train/AsGAgf8U2rk_0-401f1b3307_0_flip_lr_blur.mp4,/content/drive/MyDrive/ucf_experiments/ciclo_experimental_1/data/data_crop/train/AsGAgf8U2rk_0-401f1b3307_0_flip_lr_crop.mp4,0
4198,/content/drive/MyDrive/ucf_experiments/ciclo_experimental_1/data/data_blur/train/Assault005_x264_0-e5f14425c6_0_flip_lr_blur.mp4,/content/drive/MyDrive/ucf_experiments/ciclo_experimental_1/data/data_crop/train/Assault005_x264_0-e5f14425c6_0_flip_lr_crop.mp4,0
4199,/content/drive/MyDrive/ucf_experiments/ciclo_experimental_1/data/data_blur/train/Assault005_x264_1-fc42a2698b_0_flip_lr_blur.mp4,/content/drive/MyDrive/ucf_experiments/ciclo_experimental_1/data/data_crop/train/Assault005_x264_1-fc42a2698b_0_flip_lr_crop.mp4,0
4200,/content/drive/MyDrive/ucf_experiments/ciclo_experimental_1/data/data_blur/train/Assault009_x264_0-21382ab158_0_flip_lr_blur.mp4,/content/drive/MyDrive/ucf_experiments/ciclo_experimental_1/data/data_crop/train/Assault009_x264_0-21382ab158_0_flip_lr_crop.mp4,0
4201,/content/drive/MyDrive/ucf_experiments/ciclo_experimental_1/data/data_blur/train/Assault009_x264_1-b79abc589c_0_flip_lr_blur.mp4,/content/drive/MyDrive/ucf_experiments/ciclo_experimental_1/data/data_crop/train/Assault009_x264_1-b79abc589c_0_flip_lr_crop.mp4,0
4202,/content/drive/MyDrive/ucf_experiments/ciclo_experimental_1/data/data_blur/train/Assault010_x264_0-42cbc993c6_0_flip_lr_blur.mp4,/content/drive/MyDrive/ucf_experiments/ciclo_experimental_1/data/data_crop/train/Assault010_x264_0-42cbc993c6_0_flip_lr_crop.mp4,0
4203,/content/drive/MyDrive/ucf_experiments/ciclo_experimental_1/data/data_blur/train/Assault010_x264_1-c07197636f_0_flip_lr_blur.mp4,/content/drive/MyDrive/ucf_experiments/ciclo_experimental_1/data/data_crop/train/Assault010_x264_1-c07197636f_0_flip_lr_crop.mp4,0
4204,/content/drive/MyDrive/ucf_experiments/ciclo_experimental_1/data/data_blur/train/Assault011_x264_0-9f512d9e4e_0_flip_lr_blur.mp4,/content/drive/MyDrive/ucf_experiments/ciclo_experimental_1/data/data_crop/train/Assault011_x264_0-9f512d9e4e_0_flip_lr_crop.mp4,0
4205,/content/drive/MyDrive/ucf_experiments/ciclo_experimental_1/data/data_blur/train/Assault011_x264_1-791eed92d3_0_flip_lr_blur.mp4,/content/drive/MyDrive/ucf_experiments/ciclo_experimental_1/data/data_crop/train/Assault011_x264_1-791eed92d3_0_flip_lr_crop.mp4,0
4206,/content/drive/MyDrive/ucf_experiments/ciclo_experimental_1/data/data_blur/train/AszvEN7z_0-a8ac469f95_0_flip_lr_blur.mp4,/content/drive/MyDrive/ucf_experiments/ciclo_experimental_1/data/data_crop/train/AszvEN7z_0-a8ac469f95_0_flip_lr_crop.mp4,0
4207,/content/drive/MyDrive/ucf_experiments/ciclo_experimental_1/data/data_blur/train/ATDMY6PzK9U_0-59e64305d5_0_flip_lr_blur.mp4,/content/drive/MyDrive/ucf_experiments/ciclo_experimental_1/data/data_crop/train/ATDMY6PzK9U_0-59e64305d5_0_flip_lr_crop.mp4,0
4208,/content/drive/MyDrive/ucf_experiments/ciclo_experimental_1/data/data_blur/train/az7WDDFT_0-2008c30cca_0_flip_lr_blur.mp4,/content/drive/MyDrive/ucf_experiments/ciclo_experimental_1/data/data_crop/train/az7WDDFT_0-2008c30cca_0_flip_lr_crop.mp4,0
4209,/content/drive/MyDrive/ucf_experiments/ciclo_experimental_1/data/data_blur/train/B3UdlWcs_0-2114dd75ba_0_flip_lr_blur.mp4,/content/drive/MyDrive/ucf_experiments/ciclo_experimental_1/data/data_crop/train/B3UdlWcs_0-2114dd75ba_0_flip_lr_crop.mp4,0
4210,/content/drive/MyDrive/ucf_experiments/ciclo_experimental_1/data/data_blur/train/B6DO4tXb_0-f404d65eba_0_flip_lr_blur.mp4,/content/drive/MyDrive/ucf_experiments/ciclo_experimental_1/data/data_crop/train/B6DO4tXb_0-f404d65eba_0_flip_lr_crop.mp4,0
4211,/content/drive/MyDrive/ucf_experiments/ciclo_experimental_1/data/data_blur/train/b6XfVAZC9Zs_0-ccdc5f0a5a_0_flip_lr_blur.mp4,/content/drive/MyDrive/ucf_experiments/ciclo_experimental_1/data/data_crop/train/b6XfVAZC9Zs_0-ccdc5f0a5a_0_flip_lr_crop.mp4,0
4212,/content/drive/MyDrive/ucf_experiments/ciclo_experimental_1/data/data_blur/train/b6XfVAZC9Zs_1-1e67b17114_0_flip_lr_blur.mp4,/content/drive/MyDrive/ucf_experiments/ciclo_experimental_1/data/data_crop/train/b6XfVAZC9Zs_1-1e67b17114_0_flip_lr_crop.mp4,0
4213,/content/drive/MyDrive/ucf_experiments/ciclo_experimental_1/data/data_blur/train/b6XfVAZC9Zs_2-df96910f86_0_flip_lr_blur.mp4,/content/drive/MyDrive/ucf_experiments/ciclo_experimental_1/data/data_crop/train/b6XfVAZC9Zs_2-df96910f86_0_flip_lr_crop.mp4,0
4214,/content/drive/MyDrive/ucf_experiments/ciclo_experimental_1/data/data_blur/train/b9I5dDvH_0-ae7ced3046_0_flip_lr_blur.mp4,/content/drive/MyDrive/ucf_experiments/ciclo_experimental_1/data/data_crop/train/b9I5dDvH_0-ae7ced3046_0_flip_lr_crop.mp4,0
4215,/content/drive/MyDrive/ucf_experiments/ciclo_experimental_1/data/data_blur/train/bd48s5BpoGY_0-1d48650114_0_flip_lr_blur.mp4,/content/drive/MyDrive/ucf_experiments/ciclo_experimental_1/data/data_crop/train/bd48s5BpoGY_0-1d48650114_0_flip_lr_crop.mp4,0
4216,/content/drive/MyDrive/ucf_experiments/ciclo_experimental_1/data/data_blur/train/BEoVUtDm_0-e70df0fdbb_0_flip_lr_blur.mp4,/content/drive/MyDrive/ucf_experiments/ciclo_experimental_1/data/data_crop/train/BEoVUtDm_0-e70df0fdbb_0_flip_lr_crop.mp4,0
4217,/content/drive/MyDrive/ucf_experiments/ciclo_experimental_1/data/data_blur/train/bK1saynI_0-36638784f7_0_flip_lr_blur.mp4,/content/drive/MyDrive/ucf_experiments/ciclo_experimental_1/data/data_crop/train/bK1saynI_0-36638784f7_0_flip_lr_crop.mp4,0
4218,/content/drive/MyDrive/ucf_experiments/ciclo_experimental_1/data/data_blur/train/BKtajPcB_0-371c030cdd_0_flip_lr_blur.mp4,/content/drive/MyDrive/ucf_experiments/ciclo_experimental_1/data/data_crop/train/BKtajPcB_0-371c030cdd_0_flip_lr_crop.mp4,0
4219,/content/drive/MyDrive/ucf_experiments/ciclo_experimental_1/data/data_blur/train/BOLcNZ5O_0-96391443bf_0_flip_lr_blur.mp4,/content/drive/MyDrive/ucf_experiments/ciclo_experimental_1/data/data_crop/train/BOLcNZ5O_0-96391443bf_0_flip_lr_crop.mp4,0
4220,/content/drive/MyDrive/ucf_experiments/ciclo_experimental_1/data/data_blur/train/BOt8ZMpM_0-6344e6090f_0_flip_lr_blur.mp4,/content/drive/MyDrive/ucf_experiments/ciclo_experimental_1/data/data_crop/train/BOt8ZMpM_0-6344e6090f_0_flip_lr_crop.mp4,0
4221,/content/drive/MyDrive/ucf_experiments/ciclo_experimental_1/data/data_blur/train/BpargJW29Wo_0-dfe7fd1e6f_0_flip_lr_blur.mp4,/content/drive/MyDrive/ucf_experiments/ciclo_experimental_1/data/data_crop/train/BpargJW29Wo_0-dfe7fd1e6f_0_flip_lr_crop.mp4,0
4222,/content/drive/MyDrive/ucf_experiments/ciclo_experimental_1/data/data_blur/train/BpargJW29Wo_1-cc73de3a33_0_flip_lr_blur.mp4,/content/drive/MyDrive/ucf_experiments/ciclo_experimental_1/data/data_crop/train/BpargJW29Wo_1-cc73de3a33_0_flip_lr_crop.mp4,0
4223,/content/drive/MyDrive/ucf_experiments/ciclo_experimental_1/data/data_blur/train/bpbiA2sr_0-5d4aa1b032_0_flip_lr_blur.mp4,/content/drive/MyDrive/ucf_experiments/ciclo_experimental_1/data/data_crop/train/bpbiA2sr_0-5d4aa1b032_0_flip_lr_crop.mp4,0
4224,/content/drive/MyDrive/ucf_experiments/ciclo_experimental_1/data/data_blur/train/bQHNsRpQOIE_0-345e548209_0_flip_lr_blur.mp4,/content/drive/MyDrive/ucf_experiments/ciclo_experimental_1/data/data_crop/train/bQHNsRpQOIE_0-345e548209_0_flip_lr_crop.mp4,0
4225,/content/drive/MyDrive/ucf_experiments/ciclo_experimental_1/data/data_blur/train/bQHNsRpQOIE_1-017b06acab_0_flip_lr_blur.mp4,/content/drive/MyDrive/ucf_experiments/ciclo_experimental_1/data/data_crop/train/bQHNsRpQOIE_1-017b06acab_0_flip_lr_crop.mp4,0
4226,/content/drive/MyDrive/ucf_experiments/ciclo_experimental_1/data/data_blur/train/bQHNsRpQOIE_2-1cf5b60aa4_0_flip_lr_blur.mp4,/content/drive/MyDrive/ucf_experiments/ciclo_experimental_1/data/data_crop/train/bQHNsRpQOIE_2-1cf5b60aa4_0_flip_lr_crop.mp4,0
4227,/content/drive/MyDrive/ucf_experiments/ciclo_experimental_1/data/data_blur/train/bUaC34RU_0-dc9652b703_0_flip_lr_blur.mp4,/content/drive/MyDrive/ucf_experiments/ciclo_experimental_1/data/data_crop/train/bUaC34RU_0-dc9652b703_0_flip_lr_crop.mp4,0
4228,/content/drive/MyDrive/ucf_experiments/ciclo_experimental_1/data/data_blur/train/BUjGBAPb_0-34d7772ea1_0_flip_lr_blur.mp4,/content/drive/MyDrive/ucf_experiments/ciclo_experimental_1/data/data_crop/train/BUjGBAPb_0-34d7772ea1_0_flip_lr_crop.mp4,0
4229,/content/drive/MyDrive/ucf_experiments/ciclo_experimental_1/data/data_blur/train/c1bRFt0x_0-af166a3bcc_0_flip_lr_blur.mp4,/content/drive/MyDrive/ucf_experiments/ciclo_experimental_1/data/data_crop/train/c1bRFt0x_0-af166a3bcc_0_flip_lr_crop.mp4,0
4230,/content/drive/MyDrive/ucf_experiments/ciclo_experimental_1/data/data_blur/train/c1PJngmt_0-3c3657fc03_0_flip_lr_blur.mp4,/content/drive/MyDrive/ucf_experiments/ciclo_experimental_1/data/data_crop/train/c1PJngmt_0-3c3657fc03_0_flip_lr_crop.mp4,0
4231,/content/drive/MyDrive/ucf_experiments/ciclo_experimental_1/data/data_blur/train/C3cT1JGv_0-b2a7c49ade_0_flip_lr_blur.mp4,/content/drive/MyDrive/ucf_experiments/ciclo_experimental_1/data/data_crop/train/C3cT1JGv_0-b2a7c49ade_0_flip_lr_crop.mp4,0
4232,/content/drive/MyDrive/ucf_experiments/ciclo_experimental_1/data/data_blur/train/C4SQF-UZzkA_0-993050ea95_0_flip_lr_blur.mp4,/content/drive/MyDrive/ucf_experiments/ciclo_experimental_1/data/data_crop/train/C4SQF-UZzkA_0-993050ea95_0_flip_lr_crop.mp4,0
4233,/content/drive/MyDrive/ucf_experiments/ciclo_experimental_1/data/data_blur/train/C4SQF-UZzkA_1-91579c9677_0_flip_lr_blur.mp4,/content/drive/MyDrive/ucf_experiments/ciclo_experimental_1/data/data_crop/train/C4SQF-UZzkA_1-91579c9677_0_flip_lr_crop.mp4,0
4234,/content/drive/MyDrive/ucf_experiments/ciclo_experimental_1/data/data_blur/train/C4SQF-UZzkA_2-7100e2137e_0_flip_lr_blur.mp4,/content/drive/MyDrive/ucf_experiments/ciclo_experimental_1/data/data_crop/train/C4SQF-UZzkA_2-7100e2137e_0_flip_lr_crop.mp4,0
4235,/content/drive/MyDrive/ucf_experiments/ciclo_experimental_1/data/data_blur/train/C76VU1PQ_0-1ca0e797be_0_flip_lr_blur.mp4,/content/drive/MyDrive/ucf_experiments/ciclo_experimental_1/data/data_crop/train/C76VU1PQ_0-1ca0e797be_0_flip_lr_crop.mp4,0
4236,/content/drive/MyDrive/ucf_experiments/ciclo_experimental_1/data/data_blur/train/c7j3qEqO_0-a1b24193a0_0_flip_lr_blur.mp4,/content/drive/MyDrive/ucf_experiments/ciclo_experimental_1/data/data_crop/train/c7j3qEqO_0-a1b24193a0_0_flip_lr_crop.mp4,0
4237,/content/drive/MyDrive/ucf_experiments/ciclo_experimental_1/data/data_blur/train/C7sNO3e2_0-bf13329fe5_0_flip_lr_blur.mp4,/content/drive/MyDrive/ucf_experiments/ciclo_experimental_1/data/data_crop/train/C7sNO3e2_0-bf13329fe5_0_flip_lr_crop.mp4,0
4238,/content/drive/MyDrive/ucf_experiments/ciclo_experimental_1/data/data_blur/train/C7Ty4ui5_0-ad69f409c0_0_flip_lr_blur.mp4,/content/drive/MyDrive/ucf_experiments/ciclo_experimental_1/data/data_crop/train/C7Ty4ui5_0-ad69f409c0_0_flip_lr_crop.mp4,0
4239,/content/drive/MyDrive/ucf_experiments/ciclo_experimental_1/data/data_blur/train/cAp5A44HRS8_0-53059c0e83_0_flip_lr_blur.mp4,/content/drive/MyDrive/ucf_experiments/ciclo_experimental_1/data/data_crop/train/cAp5A44HRS8_0-53059c0e83_0_flip_lr_crop.mp4,0
4240,/content/drive/MyDrive/ucf_experiments/ciclo_experimental_1/data/data_blur/train/cAp5A44HRS8_1-c42830d76e_0_flip_lr_blur.mp4,/content/drive/MyDrive/ucf_experiments/ciclo_experimental_1/data/data_crop/train/cAp5A44HRS8_1-c42830d76e_0_flip_lr_crop.mp4,0
4241,/content/drive/MyDrive/ucf_experiments/ciclo_experimental_1/data/data_blur/train/cErr6pCN_0-98bf260fb8_0_flip_lr_blur.mp4,/content/drive/MyDrive/ucf_experiments/ciclo_experimental_1/data/data_crop/train/cErr6pCN_0-98bf260fb8_0_flip_lr_crop.mp4,0
4242,/content/drive/MyDrive/ucf_experiments/ciclo_experimental_1/data/data_blur/train/cfks5NXs_0-ca683b5a0f_0_flip_lr_blur.mp4,/content/drive/MyDrive/ucf_experiments/ciclo_experimental_1/data/data_crop/train/cfks5NXs_0-ca683b5a0f_0_flip_lr_crop.mp4,0
4243,/content/drive/MyDrive/ucf_experiments/ciclo_experimental_1/data/data_blur/train/cfOKjx8l_0-cb97d15e26_0_flip_lr_blur.mp4,/content/drive/MyDrive/ucf_experiments/ciclo_experimental_1/data/data_crop/train/cfOKjx8l_0-cb97d15e26_0_flip_lr_crop.mp4,0
4244,/content/drive/MyDrive/ucf_experiments/ciclo_experimental_1/data/data_blur/train/CfPgoKqk_0-4e80ca2f36_0_flip_lr_blur.mp4,/content/drive/MyDrive/ucf_experiments/ciclo_experimental_1/data/data_crop/train/CfPgoKqk_0-4e80ca2f36_0_flip_lr_crop.mp4,0
4245,/content/drive/MyDrive/ucf_experiments/ciclo_experimental_1/data/data_blur/train/cHsy9xWM_0-89b8287bdf_0_flip_lr_blur.mp4,/content/drive/MyDrive/ucf_experiments/ciclo_experimental_1/data/data_crop/train/cHsy9xWM_0-89b8287bdf_0_flip_lr_crop.mp4,0
4246,/content/drive/MyDrive/ucf_experiments/ciclo_experimental_1/data/data_blur/train/cJvLTWGs-SE_0-b5930fe75d_0_flip_lr_blur.mp4,/content/drive/MyDrive/ucf_experiments/ciclo_experimental_1/data/data_crop/train/cJvLTWGs-SE_0-b5930fe75d_0_flip_lr_crop.mp4,0
4247,/content/drive/MyDrive/ucf_experiments/ciclo_experimental_1/data/data_blur/train/cJvLTWGs-SE_1-da5ffde6cc_0_flip_lr_blur.mp4,/content/drive/MyDrive/ucf_experiments/ciclo_experimental_1/data/data_crop/train/cJvLTWGs-SE_1-da5ffde6cc_0_flip_lr_crop.mp4,0
4248,/content/drive/MyDrive/ucf_experiments/ciclo_experimental_1/data/data_blur/train/CKzrrb7E_0-adbd7fa04a_0_flip_lr_blur.mp4,/content/drive/MyDrive/ucf_experiments/ciclo_experimental_1/data/data_crop/train/CKzrrb7E_0-adbd7fa04a_0_flip_lr_crop.mp4,0
4249,/content/drive/MyDrive/ucf_experiments/ciclo_experimental_1/data/data_blur/train/cLsPLNQn_0-df2b5eafe5_0_flip_lr_blur.mp4,/content/drive/MyDrive/ucf_experiments/ciclo_experimental_1/data/data_crop/train/cLsPLNQn_0-df2b5eafe5_0_flip_lr_crop.mp4,0
4250,/content/drive/MyDrive/ucf_experiments/ciclo_experimental_1/data/data_blur/train/cPeNUm31_0-fe9208ddd3_0_flip_lr_blur.mp4,/content/drive/MyDrive/ucf_experiments/ciclo_experimental_1/data/data_crop/train/cPeNUm31_0-fe9208ddd3_0_flip_lr_crop.mp4,0
4251,/content/drive/MyDrive/ucf_experiments/ciclo_experimental_1/data/data_blur/train/CPGf41PN_0-db219f341e_0_flip_lr_blur.mp4,/content/drive/MyDrive/ucf_experiments/ciclo_experimental_1/data/data_crop/train/CPGf41PN_0-db219f341e_0_flip_lr_crop.mp4,0
4252,/content/drive/MyDrive/ucf_experiments/ciclo_experimental_1/data/data_blur/train/CqJB8ZWLZ-o_0-1b41cef579_0_flip_lr_blur.mp4,/content/drive/MyDrive/ucf_experiments/ciclo_experimental_1/data/data_crop/train/CqJB8ZWLZ-o_0-1b41cef579_0_flip_lr_crop.mp4,0
4253,/content/drive/MyDrive/ucf_experiments/ciclo_experimental_1/data/data_blur/train/CqJB8ZWLZ-o_1-a8b20d3009_0_flip_lr_blur.mp4,/content/drive/MyDrive/ucf_experiments/ciclo_experimental_1/data/data_crop/train/CqJB8ZWLZ-o_1-a8b20d3009_0_flip_lr_crop.mp4,0
4254,/content/drive/MyDrive/ucf_experiments/ciclo_experimental_1/data/data_blur/train/CqJB8ZWLZ-o_2-48276e592a_0_flip_lr_blur.mp4,/content/drive/MyDrive/ucf_experiments/ciclo_experimental_1/data/data_crop/train/CqJB8ZWLZ-o_2-48276e592a_0_flip_lr_crop.mp4,0
4255,/content/drive/MyDrive/ucf_experiments/ciclo_experimental_1/data/data_blur/train/CqJB8ZWLZ-o_3-372cd2db78_0_flip_lr_blur.mp4,/content/drive/MyDrive/ucf_experiments/ciclo_experimental_1/data/data_crop/train/CqJB8ZWLZ-o_3-372cd2db78_0_flip_lr_crop.mp4,0
4256,/content/drive/MyDrive/ucf_experiments/ciclo_experimental_1/data/data_blur/train/cqP8OyUh_0-cb2e25780c_0_flip_lr_blur.mp4,/content/drive/MyDrive/ucf_experiments/ciclo_experimental_1/data/data_crop/train/cqP8OyUh_0-cb2e25780c_0_flip_lr_crop.mp4,0
4257,/content/drive/MyDrive/ucf_experiments/ciclo_experimental_1/data/data_blur/train/cURNFrn5_0-af7e1f4884_0_flip_lr_blur.mp4,/content/drive/MyDrive/ucf_experiments/ciclo_experimental_1/data/data_crop/train/cURNFrn5_0-af7e1f4884_0_flip_lr_crop.mp4,0
4258,/content/drive/MyDrive/ucf_experiments/ciclo_experimental_1/data/data_blur/train/cVYo5yT2_0-8d7c4c246e_0_flip_lr_blur.mp4,/content/drive/MyDrive/ucf_experiments/ciclo_experimental_1/data/data_crop/train/cVYo5yT2_0-8d7c4c246e_0_flip_lr_crop.mp4,0
4259,/content/drive/MyDrive/ucf_experiments/ciclo_experimental_1/data/data_blur/train/cWJ92fkhME4_0-f0611844ed_0_flip_lr_blur.mp4,/content/drive/MyDrive/ucf_experiments/ciclo_experimental_1/data/data_crop/train/cWJ92fkhME4_0-f0611844ed_0_flip_lr_crop.mp4,0
4260,/content/drive/MyDrive/ucf_experiments/ciclo_experimental_1/data/data_blur/train/cwLtq5Y3_0-bae5b28457_0_flip_lr_blur.mp4,/content/drive/MyDrive/ucf_experiments/ciclo_experimental_1/data/data_crop/train/cwLtq5Y3_0-bae5b28457_0_flip_lr_crop.mp4,0
4261,/content/drive/MyDrive/ucf_experiments/ciclo_experimental_1/data/data_blur/train/d1b2n9qX_0-d08d607171_0_flip_lr_blur.mp4,/content/drive/MyDrive/ucf_experiments/ciclo_experimental_1/data/data_crop/train/d1b2n9qX_0-d08d607171_0_flip_lr_crop.mp4,0
4262,/content/drive/MyDrive/ucf_experiments/ciclo_experimental_1/data/data_blur/train/d3WwO8eM_0-6e48eb17d8_0_flip_lr_blur.mp4,/content/drive/MyDrive/ucf_experiments/ciclo_experimental_1/data/data_crop/train/d3WwO8eM_0-6e48eb17d8_0_flip_lr_crop.mp4,0
4263,/content/drive/MyDrive/ucf_experiments/ciclo_experimental_1/data/data_blur/train/D6cjNRiP_0-b01d571e9c_0_flip_lr_blur.mp4,/content/drive/MyDrive/ucf_experiments/ciclo_experimental_1/data/data_crop/train/D6cjNRiP_0-b01d571e9c_0_flip_lr_crop.mp4,0
4264,/content/drive/MyDrive/ucf_experiments/ciclo_experimental_1/data/data_blur/train/DAMfrqpC_0-bff3264484_0_flip_lr_blur.mp4,/content/drive/MyDrive/ucf_experiments/ciclo_experimental_1/data/data_crop/train/DAMfrqpC_0-bff3264484_0_flip_lr_crop.mp4,0
4265,/content/drive/MyDrive/ucf_experiments/ciclo_experimental_1/data/data_blur/train/dBllnaSKVfQ_0-1177f961c4_0_flip_lr_blur.mp4,/content/drive/MyDrive/ucf_experiments/ciclo_experimental_1/data/data_crop/train/dBllnaSKVfQ_0-1177f961c4_0_flip_lr_crop.mp4,0
4266,/content/drive/MyDrive/ucf_experiments/ciclo_experimental_1/data/data_blur/train/dDNWfVPw_0-b6163f3158_0_flip_lr_blur.mp4,/content/drive/MyDrive/ucf_experiments/ciclo_experimental_1/data/data_crop/train/dDNWfVPw_0-b6163f3158_0_flip_lr_crop.mp4,0
4267,/content/drive/MyDrive/ucf_experiments/ciclo_experimental_1/data/data_blur/train/DIsQwAdR8MI_0-44ce584161_0_flip_lr_blur.mp4,/content/drive/MyDrive/ucf_experiments/ciclo_experimental_1/data/data_crop/train/DIsQwAdR8MI_0-44ce584161_0_flip_lr_crop.mp4,0
4268,/content/drive/MyDrive/ucf_experiments/ciclo_experimental_1/data/data_blur/train/DjLWv5mr_0-437f6bc6e4_0_flip_lr_blur.mp4,/content/drive/MyDrive/ucf_experiments/ciclo_experimental_1/data/data_crop/train/DjLWv5mr_0-437f6bc6e4_0_flip_lr_crop.mp4,0
4269,/content/drive/MyDrive/ucf_experiments/ciclo_experimental_1/data/data_blur/train/dkTzP0SB_0-45156e4490_0_flip_lr_blur.mp4,/content/drive/MyDrive/ucf_experiments/ciclo_experimental_1/data/data_crop/train/dkTzP0SB_0-45156e4490_0_flip_lr_crop.mp4,0
4270,/content/drive/MyDrive/ucf_experiments/ciclo_experimental_1/data/data_blur/train/DL2gWMZA_0-6af728be6d_0_flip_lr_blur.mp4,/content/drive/MyDrive/ucf_experiments/ciclo_experimental_1/data/data_crop/train/DL2gWMZA_0-6af728be6d_0_flip_lr_crop.mp4,0
4271,/content/drive/MyDrive/ucf_experiments/ciclo_experimental_1/data/data_blur/train/dNDOYLTf_0-44dcefae2a_0_flip_lr_blur.mp4,/content/drive/MyDrive/ucf_experiments/ciclo_experimental_1/data/data_crop/train/dNDOYLTf_0-44dcefae2a_0_flip_lr_crop.mp4,0
4272,/content/drive/MyDrive/ucf_experiments/ciclo_experimental_1/data/data_blur/train/dOM7frJMFbc_0-a4556c1c97_0_flip_lr_blur.mp4,/content/drive/MyDrive/ucf_experiments/ciclo_experimental_1/data/data_crop/train/dOM7frJMFbc_0-a4556c1c97_0_flip_lr_crop.mp4,0
4273,/content/drive/MyDrive/ucf_experiments/ciclo_experimental_1/data/data_blur/train/dOM7frJMFbc_1-17528d6a16_0_flip_lr_blur.mp4,/content/drive/MyDrive/ucf_experiments/ciclo_experimental_1/data/data_crop/train/dOM7frJMFbc_1-17528d6a16_0_flip_lr_crop.mp4,0
4274,/content/drive/MyDrive/ucf_experiments/ciclo_experimental_1/data/data_blur/train/dOM7frJMFbc_2-765ae351a5_0_flip_lr_blur.mp4,/content/drive/MyDrive/ucf_experiments/ciclo_experimental_1/data/data_crop/train/dOM7frJMFbc_2-765ae351a5_0_flip_lr_crop.mp4,0
4275,/content/drive/MyDrive/ucf_experiments/ciclo_experimental_1/data/data_blur/train/dOM7frJMFbc_3-9306260921_0_flip_lr_blur.mp4,/content/drive/MyDrive/ucf_experiments/ciclo_experimental_1/data/data_crop/train/dOM7frJMFbc_3-9306260921_0_flip_lr_crop.mp4,0
4276,/content/drive/MyDrive/ucf_experiments/ciclo_experimental_1/data/data_blur/train/dOo2X5wR_0-c0b38f1948_0_flip_lr_blur.mp4,/content/drive/MyDrive/ucf_experiments/ciclo_experimental_1/data/data_crop/train/dOo2X5wR_0-c0b38f1948_0_flip_lr_crop.mp4,0
4277,/content/drive/MyDrive/ucf_experiments/ciclo_experimental_1/data/data_blur/train/dP20avzQAf8_0-1a6305e3b1_0_flip_lr_blur.mp4,/content/drive/MyDrive/ucf_experiments/ciclo_experimental_1/data/data_crop/train/dP20avzQAf8_0-1a6305e3b1_0_flip_lr_crop.mp4,0
4278,/content/drive/MyDrive/ucf_experiments/ciclo_experimental_1/data/data_blur/train/dPV9BZrq_0-cb4f1a90f1_0_flip_lr_blur.mp4,/content/drive/MyDrive/ucf_experiments/ciclo_experimental_1/data/data_crop/train/dPV9BZrq_0-cb4f1a90f1_0_flip_lr_crop.mp4,0
4279,/content/drive/MyDrive/ucf_experiments/ciclo_experimental_1/data/data_blur/train/DrKgJwIv_0-8509931108_0_flip_lr_blur.mp4,/content/drive/MyDrive/ucf_experiments/ciclo_experimental_1/data/data_crop/train/DrKgJwIv_0-8509931108_0_flip_lr_crop.mp4,0
4280,/content/drive/MyDrive/ucf_experiments/ciclo_experimental_1/data/data_blur/train/dRlBBYvf_0-432565888c_0_flip_lr_blur.mp4,/content/drive/MyDrive/ucf_experiments/ciclo_experimental_1/data/data_crop/train/dRlBBYvf_0-432565888c_0_flip_lr_crop.mp4,0
4281,/content/drive/MyDrive/ucf_experiments/ciclo_experimental_1/data/data_blur/train/DRlOjUNi_0-9fb50d7c9e_0_flip_lr_blur.mp4,/content/drive/MyDrive/ucf_experiments/ciclo_experimental_1/data/data_crop/train/DRlOjUNi_0-9fb50d7c9e_0_flip_lr_crop.mp4,0
4282,/content/drive/MyDrive/ucf_experiments/ciclo_experimental_1/data/data_blur/train/dt8YUGoOSgQ_0-f6550cf473_0_flip_lr_blur.mp4,/content/drive/MyDrive/ucf_experiments/ciclo_experimental_1/data/data_crop/train/dt8YUGoOSgQ_0-f6550cf473_0_flip_lr_crop.mp4,0
4283,/content/drive/MyDrive/ucf_experiments/ciclo_experimental_1/data/data_blur/train/dt8YUGoOSgQ_1-5440ca5de5_0_flip_lr_blur.mp4,/content/drive/MyDrive/ucf_experiments/ciclo_experimental_1/data/data_crop/train/dt8YUGoOSgQ_1-5440ca5de5_0_flip_lr_crop.mp4,0
4284,/content/drive/MyDrive/ucf_experiments/ciclo_experimental_1/data/data_blur/train/DThokDTW_0-def55c70f8_0_flip_lr_blur.mp4,/content/drive/MyDrive/ucf_experiments/ciclo_experimental_1/data/data_crop/train/DThokDTW_0-def55c70f8_0_flip_lr_crop.mp4,0
4285,/content/drive/MyDrive/ucf_experiments/ciclo_experimental_1/data/data_blur/train/DTq6Gu30-uA_0-ce63010cbd_0_flip_lr_blur.mp4,/content/drive/MyDrive/ucf_experiments/ciclo_experimental_1/data/data_crop/train/DTq6Gu30-uA_0-ce63010cbd_0_flip_lr_crop.mp4,0
4286,/content/drive/MyDrive/ucf_experiments/ciclo_experimental_1/data/data_blur/train/DTq6Gu30-uA_1-15d4271bdf_0_flip_lr_blur.mp4,/content/drive/MyDrive/ucf_experiments/ciclo_experimental_1/data/data_crop/train/DTq6Gu30-uA_1-15d4271bdf_0_flip_lr_crop.mp4,0
4287,/content/drive/MyDrive/ucf_experiments/ciclo_experimental_1/data/data_blur/train/DTq6Gu30-uA_2-6744c06f72_0_flip_lr_blur.mp4,/content/drive/MyDrive/ucf_experiments/ciclo_experimental_1/data/data_crop/train/DTq6Gu30-uA_2-6744c06f72_0_flip_lr_crop.mp4,0
4288,/content/drive/MyDrive/ucf_experiments/ciclo_experimental_1/data/data_blur/train/DWEBHWM9_0-df85bf67ac_0_flip_lr_blur.mp4,/content/drive/MyDrive/ucf_experiments/ciclo_experimental_1/data/data_crop/train/DWEBHWM9_0-df85bf67ac_0_flip_lr_crop.mp4,0
4289,/content/drive/MyDrive/ucf_experiments/ciclo_experimental_1/data/data_blur/train/DX5wwFlF_0-1ecbe67ea7_0_flip_lr_blur.mp4,/content/drive/MyDrive/ucf_experiments/ciclo_experimental_1/data/data_crop/train/DX5wwFlF_0-1ecbe67ea7_0_flip_lr_crop.mp4,0
4290,/content/drive/MyDrive/ucf_experiments/ciclo_experimental_1/data/data_blur/train/DZdLP0rd_0-9f58e54610_0_flip_lr_blur.mp4,/content/drive/MyDrive/ucf_experiments/ciclo_experimental_1/data/data_crop/train/DZdLP0rd_0-9f58e54610_0_flip_lr_crop.mp4,0
4291,/content/drive/MyDrive/ucf_experiments/ciclo_experimental_1/data/data_blur/train/d_93UNyiVM4_0-8ed6d4bfdb_0_flip_lr_blur.mp4,/content/drive/MyDrive/ucf_experiments/ciclo_experimental_1/data/data_crop/train/d_93UNyiVM4_0-8ed6d4bfdb_0_flip_lr_crop.mp4,0
4292,/content/drive/MyDrive/ucf_experiments/ciclo_experimental_1/data/data_blur/train/d_93UNyiVM4_1-a2c8af96b0_0_flip_lr_blur.mp4,/content/drive/MyDrive/ucf_experiments/ciclo_experimental_1/data/data_crop/train/d_93UNyiVM4_1-a2c8af96b0_0_flip_lr_crop.mp4,0
4293,/content/drive/MyDrive/ucf_experiments/ciclo_experimental_1/data/data_blur/train/E0Huf4Qi0JE_0-8e42c309d6_0_flip_lr_blur.mp4,/content/drive/MyDrive/ucf_experiments/ciclo_experimental_1/data/data_crop/train/E0Huf4Qi0JE_0-8e42c309d6_0_flip_lr_crop.mp4,0
4294,/content/drive/MyDrive/ucf_experiments/ciclo_experimental_1/data/data_blur/train/E0rUpvbX_0-f0d519648c_0_flip_lr_blur.mp4,/content/drive/MyDrive/ucf_experiments/ciclo_experimental_1/data/data_crop/train/E0rUpvbX_0-f0d519648c_0_flip_lr_crop.mp4,0
4295,/content/drive/MyDrive/ucf_experiments/ciclo_experimental_1/data/data_blur/train/E2gqgFNyPL8_0-f5fa799f5e_0_flip_lr_blur.mp4,/content/drive/MyDrive/ucf_experiments/ciclo_experimental_1/data/data_crop/train/E2gqgFNyPL8_0-f5fa799f5e_0_flip_lr_crop.mp4,0
4296,/content/drive/MyDrive/ucf_experiments/ciclo_experimental_1/data/data_blur/train/E2gqgFNyPL8_1-590c9e933c_0_flip_lr_blur.mp4,/content/drive/MyDrive/ucf_experiments/ciclo_experimental_1/data/data_crop/train/E2gqgFNyPL8_1-590c9e933c_0_flip_lr_crop.mp4,0
4297,/content/drive/MyDrive/ucf_experiments/ciclo_experimental_1/data/data_blur/train/E2gqgFNyPL8_2-0156a1d149_0_flip_lr_blur.mp4,/content/drive/MyDrive/ucf_experiments/ciclo_experimental_1/data/data_crop/train/E2gqgFNyPL8_2-0156a1d149_0_flip_lr_crop.mp4,0
4298,/content/drive/MyDrive/ucf_experiments/ciclo_experimental_1/data/data_blur/train/e4U3gEDEB58_0-53e4875d36_0_flip_lr_blur.mp4,/content/drive/MyDrive/ucf_experiments/ciclo_experimental_1/data/data_crop/train/e4U3gEDEB58_0-53e4875d36_0_flip_lr_crop.mp4,0
4299,/content/drive/MyDrive/ucf_experiments/ciclo_experimental_1/data/data_blur/train/e6iHy7V5_0-4e8f9f44db_0_flip_lr_blur.mp4,/content/drive/MyDrive/ucf_experiments/ciclo_experimental_1/data/data_crop/train/e6iHy7V5_0-4e8f9f44db_0_flip_lr_crop.mp4,0
4300,/content/drive/MyDrive/ucf_experiments/ciclo_experimental_1/data/data_blur/train/e7tarNsO_0-3385ecef77_0_flip_lr_blur.mp4,/content/drive/MyDrive/ucf_experiments/ciclo_experimental_1/data/data_crop/train/e7tarNsO_0-3385ecef77_0_flip_lr_crop.mp4,0
4301,/content/drive/MyDrive/ucf_experiments/ciclo_experimental_1/data/data_blur/train/EBwt3Thb_0-2c0bda23aa_0_flip_lr_blur.mp4,/content/drive/MyDrive/ucf_experiments/ciclo_experimental_1/data/data_crop/train/EBwt3Thb_0-2c0bda23aa_0_flip_lr_crop.mp4,0
4302,/content/drive/MyDrive/ucf_experiments/ciclo_experimental_1/data/data_blur/train/EckGCByW_0-c8093da2a8_0_flip_lr_blur.mp4,/content/drive/MyDrive/ucf_experiments/ciclo_experimental_1/data/data_crop/train/EckGCByW_0-c8093da2a8_0_flip_lr_crop.mp4,0
4303,/content/drive/MyDrive/ucf_experiments/ciclo_experimental_1/data/data_blur/train/EDaOod1H_0-0261483c65_0_flip_lr_blur.mp4,/content/drive/MyDrive/ucf_experiments/ciclo_experimental_1/data/data_crop/train/EDaOod1H_0-0261483c65_0_flip_lr_crop.mp4,0
4304,/content/drive/MyDrive/ucf_experiments/ciclo_experimental_1/data/data_blur/train/eF5S8iGLAm4_0-efb5a20c3e_0_flip_lr_blur.mp4,/content/drive/MyDrive/ucf_experiments/ciclo_experimental_1/data/data_crop/train/eF5S8iGLAm4_0-efb5a20c3e_0_flip_lr_crop.mp4,0
4305,/content/drive/MyDrive/ucf_experiments/ciclo_experimental_1/data/data_blur/train/eF5S8iGLAm4_1-305f914d9c_0_flip_lr_blur.mp4,/content/drive/MyDrive/ucf_experiments/ciclo_experimental_1/data/data_crop/train/eF5S8iGLAm4_1-305f914d9c_0_flip_lr_crop.mp4,0
4306,/content/drive/MyDrive/ucf_experiments/ciclo_experimental_1/data/data_blur/train/EGhykgb4_0-3c85502509_0_flip_lr_blur.mp4,/content/drive/MyDrive/ucf_experiments/ciclo_experimental_1/data/data_crop/train/EGhykgb4_0-3c85502509_0_flip_lr_crop.mp4,0
4307,/content/drive/MyDrive/ucf_experiments/ciclo_experimental_1/data/data_blur/train/EizIwdII_0-1e0f0e705a_0_flip_lr_blur.mp4,/content/drive/MyDrive/ucf_experiments/ciclo_experimental_1/data/data_crop/train/EizIwdII_0-1e0f0e705a_0_flip_lr_crop.mp4,0
4308,/content/drive/MyDrive/ucf_experiments/ciclo_experimental_1/data/data_blur/train/ELL0jBUP_0-6e1ec417e4_0_flip_lr_blur.mp4,/content/drive/MyDrive/ucf_experiments/ciclo_experimental_1/data/data_crop/train/ELL0jBUP_0-6e1ec417e4_0_flip_lr_crop.mp4,0
4309,/content/drive/MyDrive/ucf_experiments/ciclo_experimental_1/data/data_blur/train/emGsAcqs_0-b92cd149d4_0_flip_lr_blur.mp4,/content/drive/MyDrive/ucf_experiments/ciclo_experimental_1/data/data_crop/train/emGsAcqs_0-b92cd149d4_0_flip_lr_crop.mp4,0
4310,/content/drive/MyDrive/ucf_experiments/ciclo_experimental_1/data/data_blur/train/eNoGYdL1_0-f4a3adb163_0_flip_lr_blur.mp4,/content/drive/MyDrive/ucf_experiments/ciclo_experimental_1/data/data_crop/train/eNoGYdL1_0-f4a3adb163_0_flip_lr_crop.mp4,0
4311,/content/drive/MyDrive/ucf_experiments/ciclo_experimental_1/data/data_blur/train/ep1_I0f-u7g_0-fbe3a16d2f_0_flip_lr_blur.mp4,/content/drive/MyDrive/ucf_experiments/ciclo_experimental_1/data/data_crop/train/ep1_I0f-u7g_0-fbe3a16d2f_0_flip_lr_crop.mp4,0
4312,/content/drive/MyDrive/ucf_experiments/ciclo_experimental_1/data/data_blur/train/ep1_I0f-u7g_1-9998250980_0_flip_lr_blur.mp4,/content/drive/MyDrive/ucf_experiments/ciclo_experimental_1/data/data_crop/train/ep1_I0f-u7g_1-9998250980_0_flip_lr_crop.mp4,0
4313,/content/drive/MyDrive/ucf_experiments/ciclo_experimental_1/data/data_blur/train/EUgjFWbm_0-ff49176b29_0_flip_lr_blur.mp4,/content/drive/MyDrive/ucf_experiments/ciclo_experimental_1/data/data_crop/train/EUgjFWbm_0-ff49176b29_0_flip_lr_crop.mp4,0
4314,/content/drive/MyDrive/ucf_experiments/ciclo_experimental_1/data/data_blur/train/eUtGwBik_0-63c8b4e37b_0_flip_lr_blur.mp4,/content/drive/MyDrive/ucf_experiments/ciclo_experimental_1/data/data_crop/train/eUtGwBik_0-63c8b4e37b_0_flip_lr_crop.mp4,0
4315,/content/drive/MyDrive/ucf_experiments/ciclo_experimental_1/data/data_blur/train/ev8va5uR_0-e21670700d_0_flip_lr_blur.mp4,/content/drive/MyDrive/ucf_experiments/ciclo_experimental_1/data/data_crop/train/ev8va5uR_0-e21670700d_0_flip_lr_crop.mp4,0
4316,/content/drive/MyDrive/ucf_experiments/ciclo_experimental_1/data/data_blur/train/f50PQz7mXds_0-f202e21a6e_0_flip_lr_blur.mp4,/content/drive/MyDrive/ucf_experiments/ciclo_experimental_1/data/data_crop/train/f50PQz7mXds_0-f202e21a6e_0_flip_lr_crop.mp4,0
4317,/content/drive/MyDrive/ucf_experiments/ciclo_experimental_1/data/data_blur/train/f50PQz7mXds_1-5905ea357d_0_flip_lr_blur.mp4,/content/drive/MyDrive/ucf_experiments/ciclo_experimental_1/data/data_crop/train/f50PQz7mXds_1-5905ea357d_0_flip_lr_crop.mp4,0
4318,/content/drive/MyDrive/ucf_experiments/ciclo_experimental_1/data/data_blur/train/F7W6PQ3V3y8_0-0335b8d115_0_flip_lr_blur.mp4,/content/drive/MyDrive/ucf_experiments/ciclo_experimental_1/data/data_crop/train/F7W6PQ3V3y8_0-0335b8d115_0_flip_lr_crop.mp4,0
4319,/content/drive/MyDrive/ucf_experiments/ciclo_experimental_1/data/data_blur/train/F7W6PQ3V3y8_1-e7c5b61afb_0_flip_lr_blur.mp4,/content/drive/MyDrive/ucf_experiments/ciclo_experimental_1/data/data_crop/train/F7W6PQ3V3y8_1-e7c5b61afb_0_flip_lr_crop.mp4,0
4320,/content/drive/MyDrive/ucf_experiments/ciclo_experimental_1/data/data_blur/train/F7W6PQ3V3y8_2-42a7748084_0_flip_lr_blur.mp4,/content/drive/MyDrive/ucf_experiments/ciclo_experimental_1/data/data_crop/train/F7W6PQ3V3y8_2-42a7748084_0_flip_lr_crop.mp4,0
4321,/content/drive/MyDrive/ucf_experiments/ciclo_experimental_1/data/data_blur/train/F7W6PQ3V3y8_3-b52a3fabe1_0_flip_lr_blur.mp4,/content/drive/MyDrive/ucf_experiments/ciclo_experimental_1/data/data_crop/train/F7W6PQ3V3y8_3-b52a3fabe1_0_flip_lr_crop.mp4,0
4322,/content/drive/MyDrive/ucf_experiments/ciclo_experimental_1/data/data_blur/train/f9jcrHqO_0-d9d2a66d54_0_flip_lr_blur.mp4,/content/drive/MyDrive/ucf_experiments/ciclo_experimental_1/data/data_crop/train/f9jcrHqO_0-d9d2a66d54_0_flip_lr_crop.mp4,0
4323,/content/drive/MyDrive/ucf_experiments/ciclo_experimental_1/data/data_blur/train/FB3eqRE8_0-51789a8a1f_0_flip_lr_blur.mp4,/content/drive/MyDrive/ucf_experiments/ciclo_experimental_1/data/data_crop/train/FB3eqRE8_0-51789a8a1f_0_flip_lr_crop.mp4,0
4324,/content/drive/MyDrive/ucf_experiments/ciclo_experimental_1/data/data_blur/train/fBwfFDcgJlk_0-c53413dd1c_0_flip_lr_blur.mp4,/content/drive/MyDrive/ucf_experiments/ciclo_experimental_1/data/data_crop/train/fBwfFDcgJlk_0-c53413dd1c_0_flip_lr_crop.mp4,0
4325,/content/drive/MyDrive/ucf_experiments/ciclo_experimental_1/data/data_blur/train/fBwfFDcgJlk_1-7c0238615c_0_flip_lr_blur.mp4,/content/drive/MyDrive/ucf_experiments/ciclo_experimental_1/data/data_crop/train/fBwfFDcgJlk_1-7c0238615c_0_flip_lr_crop.mp4,0
4326,/content/drive/MyDrive/ucf_experiments/ciclo_experimental_1/data/data_blur/train/fHOVzWgX_0-94c4e1a45b_0_flip_lr_blur.mp4,/content/drive/MyDrive/ucf_experiments/ciclo_experimental_1/data/data_crop/train/fHOVzWgX_0-94c4e1a45b_0_flip_lr_crop.mp4,0
4327,/content/drive/MyDrive/ucf_experiments/ciclo_experimental_1/data/data_blur/train/Fighting014_x264_0-747b36beac_0_flip_lr_blur.mp4,/content/drive/MyDrive/ucf_experiments/ciclo_experimental_1/data/data_crop/train/Fighting014_x264_0-747b36beac_0_flip_lr_crop.mp4,0
4328,/content/drive/MyDrive/ucf_experiments/ciclo_experimental_1/data/data_blur/train/Fighting014_x264_1-cbc9f6a7f9_0_flip_lr_blur.mp4,/content/drive/MyDrive/ucf_experiments/ciclo_experimental_1/data/data_crop/train/Fighting014_x264_1-cbc9f6a7f9_0_flip_lr_crop.mp4,0
4329,/content/drive/MyDrive/ucf_experiments/ciclo_experimental_1/data/data_blur/train/fJkWWpNB_0-b9aa262ed0_0_flip_lr_blur.mp4,/content/drive/MyDrive/ucf_experiments/ciclo_experimental_1/data/data_crop/train/fJkWWpNB_0-b9aa262ed0_0_flip_lr_crop.mp4,0
4330,/content/drive/MyDrive/ucf_experiments/ciclo_experimental_1/data/data_blur/train/fJMvC8TV_0-805b0a5ad5_0_flip_lr_blur.mp4,/content/drive/MyDrive/ucf_experiments/ciclo_experimental_1/data/data_crop/train/fJMvC8TV_0-805b0a5ad5_0_flip_lr_crop.mp4,0
4331,/content/drive/MyDrive/ucf_experiments/ciclo_experimental_1/data/data_blur/train/Fk3lg4wG_0-d659bb29b8_0_flip_lr_blur.mp4,/content/drive/MyDrive/ucf_experiments/ciclo_experimental_1/data/data_crop/train/Fk3lg4wG_0-d659bb29b8_0_flip_lr_crop.mp4,0
4332,/content/drive/MyDrive/ucf_experiments/ciclo_experimental_1/data/data_blur/train/FKl98mfo_0-1c8aa25e6b_0_flip_lr_blur.mp4,/content/drive/MyDrive/ucf_experiments/ciclo_experimental_1/data/data_crop/train/FKl98mfo_0-1c8aa25e6b_0_flip_lr_crop.mp4,0
4333,/content/drive/MyDrive/ucf_experiments/ciclo_experimental_1/data/data_blur/train/fMmvH1Fa_0-de6bc31e31_0_flip_lr_blur.mp4,/content/drive/MyDrive/ucf_experiments/ciclo_experimental_1/data/data_crop/train/fMmvH1Fa_0-de6bc31e31_0_flip_lr_crop.mp4,0
4334,/content/drive/MyDrive/ucf_experiments/ciclo_experimental_1/data/data_blur/train/Fn4sSVbO_0-68db528c07_0_flip_lr_blur.mp4,/content/drive/MyDrive/ucf_experiments/ciclo_experimental_1/data/data_crop/train/Fn4sSVbO_0-68db528c07_0_flip_lr_crop.mp4,0
4335,/content/drive/MyDrive/ucf_experiments/ciclo_experimental_1/data/data_blur/train/fNy9LoED_0-658f122bae_0_flip_lr_blur.mp4,/content/drive/MyDrive/ucf_experiments/ciclo_experimental_1/data/data_crop/train/fNy9LoED_0-658f122bae_0_flip_lr_crop.mp4,0
4336,/content/drive/MyDrive/ucf_experiments/ciclo_experimental_1/data/data_blur/train/FPU7QpO4_0-968cd33284_0_flip_lr_blur.mp4,/content/drive/MyDrive/ucf_experiments/ciclo_experimental_1/data/data_crop/train/FPU7QpO4_0-968cd33284_0_flip_lr_crop.mp4,0
4337,/content/drive/MyDrive/ucf_experiments/ciclo_experimental_1/data/data_blur/train/FrwBev61_0-117f6131bc_0_flip_lr_blur.mp4,/content/drive/MyDrive/ucf_experiments/ciclo_experimental_1/data/data_crop/train/FrwBev61_0-117f6131bc_0_flip_lr_crop.mp4,0
4338,/content/drive/MyDrive/ucf_experiments/ciclo_experimental_1/data/data_blur/train/FSaZ8wiFw8Q_0-58d7360915_0_flip_lr_blur.mp4,/content/drive/MyDrive/ucf_experiments/ciclo_experimental_1/data/data_crop/train/FSaZ8wiFw8Q_0-58d7360915_0_flip_lr_crop.mp4,0
4339,/content/drive/MyDrive/ucf_experiments/ciclo_experimental_1/data/data_blur/train/fvtpgsrF_0-de25cf3b8f_0_flip_lr_blur.mp4,/content/drive/MyDrive/ucf_experiments/ciclo_experimental_1/data/data_crop/train/fvtpgsrF_0-de25cf3b8f_0_flip_lr_crop.mp4,0
4340,/content/drive/MyDrive/ucf_experiments/ciclo_experimental_1/data/data_blur/train/fwEk96k8g_I_0-3e1d58dac3_0_flip_lr_blur.mp4,/content/drive/MyDrive/ucf_experiments/ciclo_experimental_1/data/data_crop/train/fwEk96k8g_I_0-3e1d58dac3_0_flip_lr_crop.mp4,0
4341,/content/drive/MyDrive/ucf_experiments/ciclo_experimental_1/data/data_blur/train/fwEk96k8g_I_1-b9e45d1899_0_flip_lr_blur.mp4,/content/drive/MyDrive/ucf_experiments/ciclo_experimental_1/data/data_crop/train/fwEk96k8g_I_1-b9e45d1899_0_flip_lr_crop.mp4,0
4342,/content/drive/MyDrive/ucf_experiments/ciclo_experimental_1/data/data_blur/train/FWsNU4WI_0-190bee0fcc_0_flip_lr_blur.mp4,/content/drive/MyDrive/ucf_experiments/ciclo_experimental_1/data/data_crop/train/FWsNU4WI_0-190bee0fcc_0_flip_lr_crop.mp4,0
4343,/content/drive/MyDrive/ucf_experiments/ciclo_experimental_1/data/data_blur/train/FZDDNtcaBcw_0-f7bc0ab5a7_0_flip_lr_blur.mp4,/content/drive/MyDrive/ucf_experiments/ciclo_experimental_1/data/data_crop/train/FZDDNtcaBcw_0-f7bc0ab5a7_0_flip_lr_crop.mp4,0
4344,/content/drive/MyDrive/ucf_experiments/ciclo_experimental_1/data/data_blur/train/G0rgy9Ts_0-9073527b1b_0_flip_lr_blur.mp4,/content/drive/MyDrive/ucf_experiments/ciclo_experimental_1/data/data_crop/train/G0rgy9Ts_0-9073527b1b_0_flip_lr_crop.mp4,0
4345,/content/drive/MyDrive/ucf_experiments/ciclo_experimental_1/data/data_blur/train/g3QdfSDk_0-d4eb70f1b4_0_flip_lr_blur.mp4,/content/drive/MyDrive/ucf_experiments/ciclo_experimental_1/data/data_crop/train/g3QdfSDk_0-d4eb70f1b4_0_flip_lr_crop.mp4,0
4346,/content/drive/MyDrive/ucf_experiments/ciclo_experimental_1/data/data_blur/train/g9nMwbpZ_0-cca1ad8d4d_0_flip_lr_blur.mp4,/content/drive/MyDrive/ucf_experiments/ciclo_experimental_1/data/data_crop/train/g9nMwbpZ_0-cca1ad8d4d_0_flip_lr_crop.mp4,0
4347,/content/drive/MyDrive/ucf_experiments/ciclo_experimental_1/data/data_blur/train/G9uNZGcK_0-3a7c7f849a_0_flip_lr_blur.mp4,/content/drive/MyDrive/ucf_experiments/ciclo_experimental_1/data/data_crop/train/G9uNZGcK_0-3a7c7f849a_0_flip_lr_crop.mp4,0
4348,/content/drive/MyDrive/ucf_experiments/ciclo_experimental_1/data/data_blur/train/gAFkygeJ_0-ccd2338af7_0_flip_lr_blur.mp4,/content/drive/MyDrive/ucf_experiments/ciclo_experimental_1/data/data_crop/train/gAFkygeJ_0-ccd2338af7_0_flip_lr_crop.mp4,0
4349,/content/drive/MyDrive/ucf_experiments/ciclo_experimental_1/data/data_blur/train/gBBRxXBI_0-5b25eaa081_0_flip_lr_blur.mp4,/content/drive/MyDrive/ucf_experiments/ciclo_experimental_1/data/data_crop/train/gBBRxXBI_0-5b25eaa081_0_flip_lr_crop.mp4,0
4350,/content/drive/MyDrive/ucf_experiments/ciclo_experimental_1/data/data_blur/train/gDeDWPVe_0-da283f3633_0_flip_lr_blur.mp4,/content/drive/MyDrive/ucf_experiments/ciclo_experimental_1/data/data_crop/train/gDeDWPVe_0-da283f3633_0_flip_lr_crop.mp4,0
4351,/content/drive/MyDrive/ucf_experiments/ciclo_experimental_1/data/data_blur/train/gEODOSeI_0-c098efd09f_0_flip_lr_blur.mp4,/content/drive/MyDrive/ucf_experiments/ciclo_experimental_1/data/data_crop/train/gEODOSeI_0-c098efd09f_0_flip_lr_crop.mp4,0
4352,/content/drive/MyDrive/ucf_experiments/ciclo_experimental_1/data/data_blur/train/GgT095uX_0-ffb0ed7562_0_flip_lr_blur.mp4,/content/drive/MyDrive/ucf_experiments/ciclo_experimental_1/data/data_crop/train/GgT095uX_0-ffb0ed7562_0_flip_lr_crop.mp4,0
4353,/content/drive/MyDrive/ucf_experiments/ciclo_experimental_1/data/data_blur/train/gHcG_c1i4uE_0-2b3dc49163_0_flip_lr_blur.mp4,/content/drive/MyDrive/ucf_experiments/ciclo_experimental_1/data/data_crop/train/gHcG_c1i4uE_0-2b3dc49163_0_flip_lr_crop.mp4,0
4354,/content/drive/MyDrive/ucf_experiments/ciclo_experimental_1/data/data_blur/train/gHcG_c1i4uE_1-5713c32681_0_flip_lr_blur.mp4,/content/drive/MyDrive/ucf_experiments/ciclo_experimental_1/data/data_crop/train/gHcG_c1i4uE_1-5713c32681_0_flip_lr_crop.mp4,0
4355,/content/drive/MyDrive/ucf_experiments/ciclo_experimental_1/data/data_blur/train/GhZRf4GIw0w_0-6fb12cc716_0_flip_lr_blur.mp4,/content/drive/MyDrive/ucf_experiments/ciclo_experimental_1/data/data_crop/train/GhZRf4GIw0w_0-6fb12cc716_0_flip_lr_crop.mp4,0
4356,/content/drive/MyDrive/ucf_experiments/ciclo_experimental_1/data/data_blur/train/gI4u3PwG_0-abc7263e06_0_flip_lr_blur.mp4,/content/drive/MyDrive/ucf_experiments/ciclo_experimental_1/data/data_crop/train/gI4u3PwG_0-abc7263e06_0_flip_lr_crop.mp4,0
4357,/content/drive/MyDrive/ucf_experiments/ciclo_experimental_1/data/data_blur/train/gJDvtfRrM7k_0-a011b64e4a_0_flip_lr_blur.mp4,/content/drive/MyDrive/ucf_experiments/ciclo_experimental_1/data/data_crop/train/gJDvtfRrM7k_0-a011b64e4a_0_flip_lr_crop.mp4,0
4358,/content/drive/MyDrive/ucf_experiments/ciclo_experimental_1/data/data_blur/train/gk0v57Xn_0-c4460f8d7d_0_flip_lr_blur.mp4,/content/drive/MyDrive/ucf_experiments/ciclo_experimental_1/data/data_crop/train/gk0v57Xn_0-c4460f8d7d_0_flip_lr_crop.mp4,0
4359,/content/drive/MyDrive/ucf_experiments/ciclo_experimental_1/data/data_blur/train/GL9jSSxg_0-581c7c2800_0_flip_lr_blur.mp4,/content/drive/MyDrive/ucf_experiments/ciclo_experimental_1/data/data_crop/train/GL9jSSxg_0-581c7c2800_0_flip_lr_crop.mp4,0
4360,/content/drive/MyDrive/ucf_experiments/ciclo_experimental_1/data/data_blur/train/gNUhUpxZ_0-71f4804b50_0_flip_lr_blur.mp4,/content/drive/MyDrive/ucf_experiments/ciclo_experimental_1/data/data_crop/train/gNUhUpxZ_0-71f4804b50_0_flip_lr_crop.mp4,0
4361,/content/drive/MyDrive/ucf_experiments/ciclo_experimental_1/data/data_blur/train/GodUly2k_0-b4bfcfda93_0_flip_lr_blur.mp4,/content/drive/MyDrive/ucf_experiments/ciclo_experimental_1/data/data_crop/train/GodUly2k_0-b4bfcfda93_0_flip_lr_crop.mp4,0
4362,/content/drive/MyDrive/ucf_experiments/ciclo_experimental_1/data/data_blur/train/golJWJCak1k_0-a0a9793d6f_0_flip_lr_blur.mp4,/content/drive/MyDrive/ucf_experiments/ciclo_experimental_1/data/data_crop/train/golJWJCak1k_0-a0a9793d6f_0_flip_lr_crop.mp4,0
4363,/content/drive/MyDrive/ucf_experiments/ciclo_experimental_1/data/data_blur/train/golJWJCak1k_1-d1e7d7bb3b_0_flip_lr_blur.mp4,/content/drive/MyDrive/ucf_experiments/ciclo_experimental_1/data/data_crop/train/golJWJCak1k_1-d1e7d7bb3b_0_flip_lr_crop.mp4,0
4364,/content/drive/MyDrive/ucf_experiments/ciclo_experimental_1/data/data_blur/train/GqDA8E4j_0-792ff1603e_0_flip_lr_blur.mp4,/content/drive/MyDrive/ucf_experiments/ciclo_experimental_1/data/data_crop/train/GqDA8E4j_0-792ff1603e_0_flip_lr_crop.mp4,0
4365,/content/drive/MyDrive/ucf_experiments/ciclo_experimental_1/data/data_blur/train/Gr3ikl6A2bE_0-72a7e46ea5_0_flip_lr_blur.mp4,/content/drive/MyDrive/ucf_experiments/ciclo_experimental_1/data/data_crop/train/Gr3ikl6A2bE_0-72a7e46ea5_0_flip_lr_crop.mp4,0
4366,/content/drive/MyDrive/ucf_experiments/ciclo_experimental_1/data/data_blur/train/gR4OsEPl894_0-dada5fc639_0_flip_lr_blur.mp4,/content/drive/MyDrive/ucf_experiments/ciclo_experimental_1/data/data_crop/train/gR4OsEPl894_0-dada5fc639_0_flip_lr_crop.mp4,0
4367,/content/drive/MyDrive/ucf_experiments/ciclo_experimental_1/data/data_blur/train/gR4OsEPl894_1-90767c4a18_0_flip_lr_blur.mp4,/content/drive/MyDrive/ucf_experiments/ciclo_experimental_1/data/data_crop/train/gR4OsEPl894_1-90767c4a18_0_flip_lr_crop.mp4,0
4368,/content/drive/MyDrive/ucf_experiments/ciclo_experimental_1/data/data_blur/train/gR4OsEPl894_2-a4c5dd0ce0_0_flip_lr_blur.mp4,/content/drive/MyDrive/ucf_experiments/ciclo_experimental_1/data/data_crop/train/gR4OsEPl894_2-a4c5dd0ce0_0_flip_lr_crop.mp4,0
4369,/content/drive/MyDrive/ucf_experiments/ciclo_experimental_1/data/data_blur/train/gR4OsEPl894_3-14b5181030_0_flip_lr_blur.mp4,/content/drive/MyDrive/ucf_experiments/ciclo_experimental_1/data/data_crop/train/gR4OsEPl894_3-14b5181030_0_flip_lr_crop.mp4,0
4370,/content/drive/MyDrive/ucf_experiments/ciclo_experimental_1/data/data_blur/train/grxri53x_0-07df5f71b4_0_flip_lr_blur.mp4,/content/drive/MyDrive/ucf_experiments/ciclo_experimental_1/data/data_crop/train/grxri53x_0-07df5f71b4_0_flip_lr_crop.mp4,0
4371,/content/drive/MyDrive/ucf_experiments/ciclo_experimental_1/data/data_blur/train/gSmdNZya_0-47f1f88ea1_0_flip_lr_blur.mp4,/content/drive/MyDrive/ucf_experiments/ciclo_experimental_1/data/data_crop/train/gSmdNZya_0-47f1f88ea1_0_flip_lr_crop.mp4,0
4372,/content/drive/MyDrive/ucf_experiments/ciclo_experimental_1/data/data_blur/train/gUYfrLHe_0-f40822917a_0_flip_lr_blur.mp4,/content/drive/MyDrive/ucf_experiments/ciclo_experimental_1/data/data_crop/train/gUYfrLHe_0-f40822917a_0_flip_lr_crop.mp4,0
4373,/content/drive/MyDrive/ucf_experiments/ciclo_experimental_1/data/data_blur/train/GVdnjHyU_0-8f4020c286_0_flip_lr_blur.mp4,/content/drive/MyDrive/ucf_experiments/ciclo_experimental_1/data/data_crop/train/GVdnjHyU_0-8f4020c286_0_flip_lr_crop.mp4,0
4374,/content/drive/MyDrive/ucf_experiments/ciclo_experimental_1/data/data_blur/train/gzozjcrr_0-d9e0b7244c_0_flip_lr_blur.mp4,/content/drive/MyDrive/ucf_experiments/ciclo_experimental_1/data/data_crop/train/gzozjcrr_0-d9e0b7244c_0_flip_lr_crop.mp4,0
4375,/content/drive/MyDrive/ucf_experiments/ciclo_experimental_1/data/data_blur/train/GzPhV725_0-e4f6044dff_0_flip_lr_blur.mp4,/content/drive/MyDrive/ucf_experiments/ciclo_experimental_1/data/data_crop/train/GzPhV725_0-e4f6044dff_0_flip_lr_crop.mp4,0
4376,/content/drive/MyDrive/ucf_experiments/ciclo_experimental_1/data/data_blur/train/gzrwD4E5_0-df050c4600_0_flip_lr_blur.mp4,/content/drive/MyDrive/ucf_experiments/ciclo_experimental_1/data/data_crop/train/gzrwD4E5_0-df050c4600_0_flip_lr_crop.mp4,0
4377,/content/drive/MyDrive/ucf_experiments/ciclo_experimental_1/data/data_blur/train/GZWxDB1c_0-3ab33fcb2d_0_flip_lr_blur.mp4,/content/drive/MyDrive/ucf_experiments/ciclo_experimental_1/data/data_crop/train/GZWxDB1c_0-3ab33fcb2d_0_flip_lr_crop.mp4,0
4378,/content/drive/MyDrive/ucf_experiments/ciclo_experimental_1/data/data_blur/train/H1AzC-GyKto_0-c5d61d8e9b_0_flip_lr_blur.mp4,/content/drive/MyDrive/ucf_experiments/ciclo_experimental_1/data/data_crop/train/H1AzC-GyKto_0-c5d61d8e9b_0_flip_lr_crop.mp4,0
4379,/content/drive/MyDrive/ucf_experiments/ciclo_experimental_1/data/data_blur/train/H1AzC-GyKto_1-4e0994e274_0_flip_lr_blur.mp4,/content/drive/MyDrive/ucf_experiments/ciclo_experimental_1/data/data_crop/train/H1AzC-GyKto_1-4e0994e274_0_flip_lr_crop.mp4,0
4380,/content/drive/MyDrive/ucf_experiments/ciclo_experimental_1/data/data_blur/train/H1AzC-GyKto_2-f4b659b2c1_0_flip_lr_blur.mp4,/content/drive/MyDrive/ucf_experiments/ciclo_experimental_1/data/data_crop/train/H1AzC-GyKto_2-f4b659b2c1_0_flip_lr_crop.mp4,0
4381,/content/drive/MyDrive/ucf_experiments/ciclo_experimental_1/data/data_blur/train/H1AzC-GyKto_3-898d23e21d_0_flip_lr_blur.mp4,/content/drive/MyDrive/ucf_experiments/ciclo_experimental_1/data/data_crop/train/H1AzC-GyKto_3-898d23e21d_0_flip_lr_crop.mp4,0
4382,/content/drive/MyDrive/ucf_experiments/ciclo_experimental_1/data/data_blur/train/H68yvSdp_0-7ccf73a9f1_0_flip_lr_blur.mp4,/content/drive/MyDrive/ucf_experiments/ciclo_experimental_1/data/data_crop/train/H68yvSdp_0-7ccf73a9f1_0_flip_lr_crop.mp4,0
4383,/content/drive/MyDrive/ucf_experiments/ciclo_experimental_1/data/data_blur/train/HAh9eqtO_0-d957565768_0_flip_lr_blur.mp4,/content/drive/MyDrive/ucf_experiments/ciclo_experimental_1/data/data_crop/train/HAh9eqtO_0-d957565768_0_flip_lr_crop.mp4,0
4384,/content/drive/MyDrive/ucf_experiments/ciclo_experimental_1/data/data_blur/train/HAoCHqFV_0-ed1f27611b_0_flip_lr_blur.mp4,/content/drive/MyDrive/ucf_experiments/ciclo_experimental_1/data/data_crop/train/HAoCHqFV_0-ed1f27611b_0_flip_lr_crop.mp4,0
4385,/content/drive/MyDrive/ucf_experiments/ciclo_experimental_1/data/data_blur/train/HbfZYAXw_0-09e6b514e8_0_flip_lr_blur.mp4,/content/drive/MyDrive/ucf_experiments/ciclo_experimental_1/data/data_crop/train/HbfZYAXw_0-09e6b514e8_0_flip_lr_crop.mp4,0
4386,/content/drive/MyDrive/ucf_experiments/ciclo_experimental_1/data/data_blur/train/hbTlgnTw_0-a2589fa66c_0_flip_lr_blur.mp4,/content/drive/MyDrive/ucf_experiments/ciclo_experimental_1/data/data_crop/train/hbTlgnTw_0-a2589fa66c_0_flip_lr_crop.mp4,0
4387,/content/drive/MyDrive/ucf_experiments/ciclo_experimental_1/data/data_blur/train/HG8xQFSd_0-53af4ad035_0_flip_lr_blur.mp4,/content/drive/MyDrive/ucf_experiments/ciclo_experimental_1/data/data_crop/train/HG8xQFSd_0-53af4ad035_0_flip_lr_crop.mp4,0
4388,/content/drive/MyDrive/ucf_experiments/ciclo_experimental_1/data/data_blur/train/hgMpDK55_0-d79edc22ef_0_flip_lr_blur.mp4,/content/drive/MyDrive/ucf_experiments/ciclo_experimental_1/data/data_crop/train/hgMpDK55_0-d79edc22ef_0_flip_lr_crop.mp4,0
4389,/content/drive/MyDrive/ucf_experiments/ciclo_experimental_1/data/data_blur/train/HodGUj8s_0-2290c7804f_0_flip_lr_blur.mp4,/content/drive/MyDrive/ucf_experiments/ciclo_experimental_1/data/data_crop/train/HodGUj8s_0-2290c7804f_0_flip_lr_crop.mp4,0
4390,/content/drive/MyDrive/ucf_experiments/ciclo_experimental_1/data/data_blur/train/hP8CJJcx_0-e0a3c6db17_0_flip_lr_blur.mp4,/content/drive/MyDrive/ucf_experiments/ciclo_experimental_1/data/data_crop/train/hP8CJJcx_0-e0a3c6db17_0_flip_lr_crop.mp4,0
4391,/content/drive/MyDrive/ucf_experiments/ciclo_experimental_1/data/data_blur/train/hrBh5x_3hW0_0-64031ad384_0_flip_lr_blur.mp4,/content/drive/MyDrive/ucf_experiments/ciclo_experimental_1/data/data_crop/train/hrBh5x_3hW0_0-64031ad384_0_flip_lr_crop.mp4,0
4392,/content/drive/MyDrive/ucf_experiments/ciclo_experimental_1/data/data_blur/train/hrBh5x_3hW0_1-ee80e825cb_0_flip_lr_blur.mp4,/content/drive/MyDrive/ucf_experiments/ciclo_experimental_1/data/data_crop/train/hrBh5x_3hW0_1-ee80e825cb_0_flip_lr_crop.mp4,0
4393,/content/drive/MyDrive/ucf_experiments/ciclo_experimental_1/data/data_blur/train/Hsvzcq2l_0-983e914a84_0_flip_lr_blur.mp4,/content/drive/MyDrive/ucf_experiments/ciclo_experimental_1/data/data_crop/train/Hsvzcq2l_0-983e914a84_0_flip_lr_crop.mp4,0
4394,/content/drive/MyDrive/ucf_experiments/ciclo_experimental_1/data/data_blur/train/HUuRelBW_0-62f00ebfb4_0_flip_lr_blur.mp4,/content/drive/MyDrive/ucf_experiments/ciclo_experimental_1/data/data_crop/train/HUuRelBW_0-62f00ebfb4_0_flip_lr_crop.mp4,0
4395,/content/drive/MyDrive/ucf_experiments/ciclo_experimental_1/data/data_blur/train/HvfhYJ8b_0-5dd1f091b5_0_flip_lr_blur.mp4,/content/drive/MyDrive/ucf_experiments/ciclo_experimental_1/data/data_crop/train/HvfhYJ8b_0-5dd1f091b5_0_flip_lr_crop.mp4,0
4396,/content/drive/MyDrive/ucf_experiments/ciclo_experimental_1/data/data_blur/train/HVRUChVh_0-0686d637d8_0_flip_lr_blur.mp4,/content/drive/MyDrive/ucf_experiments/ciclo_experimental_1/data/data_crop/train/HVRUChVh_0-0686d637d8_0_flip_lr_crop.mp4,0
4397,/content/drive/MyDrive/ucf_experiments/ciclo_experimental_1/data/data_blur/train/HVSv9sgz2ZI_0-b483286b6d_0_flip_lr_blur.mp4,/content/drive/MyDrive/ucf_experiments/ciclo_experimental_1/data/data_crop/train/HVSv9sgz2ZI_0-b483286b6d_0_flip_lr_crop.mp4,0
4398,/content/drive/MyDrive/ucf_experiments/ciclo_experimental_1/data/data_blur/train/HVSv9sgz2ZI_1-8980fdf96c_0_flip_lr_blur.mp4,/content/drive/MyDrive/ucf_experiments/ciclo_experimental_1/data/data_crop/train/HVSv9sgz2ZI_1-8980fdf96c_0_flip_lr_crop.mp4,0
4399,/content/drive/MyDrive/ucf_experiments/ciclo_experimental_1/data/data_blur/train/HVSv9sgz2ZI_2-cbdc3f3d89_0_flip_lr_blur.mp4,/content/drive/MyDrive/ucf_experiments/ciclo_experimental_1/data/data_crop/train/HVSv9sgz2ZI_2-cbdc3f3d89_0_flip_lr_crop.mp4,0
4400,/content/drive/MyDrive/ucf_experiments/ciclo_experimental_1/data/data_blur/train/HVSv9sgz2ZI_3-58b1bb3641_0_flip_lr_blur.mp4,/content/drive/MyDrive/ucf_experiments/ciclo_experimental_1/data/data_crop/train/HVSv9sgz2ZI_3-58b1bb3641_0_flip_lr_crop.mp4,0
4401,/content/drive/MyDrive/ucf_experiments/ciclo_experimental_1/data/data_blur/train/HW48LUZKOL4_0-423d04ddfd_0_flip_lr_blur.mp4,/content/drive/MyDrive/ucf_experiments/ciclo_experimental_1/data/data_crop/train/HW48LUZKOL4_0-423d04ddfd_0_flip_lr_crop.mp4,0
4402,/content/drive/MyDrive/ucf_experiments/ciclo_experimental_1/data/data_blur/train/HW48LUZKOL4_1-573603fa9c_0_flip_lr_blur.mp4,/content/drive/MyDrive/ucf_experiments/ciclo_experimental_1/data/data_crop/train/HW48LUZKOL4_1-573603fa9c_0_flip_lr_crop.mp4,0
4403,/content/drive/MyDrive/ucf_experiments/ciclo_experimental_1/data/data_blur/train/HW48LUZKOL4_2-b694e4f0bb_0_flip_lr_blur.mp4,/content/drive/MyDrive/ucf_experiments/ciclo_experimental_1/data/data_crop/train/HW48LUZKOL4_2-b694e4f0bb_0_flip_lr_crop.mp4,0
4404,/content/drive/MyDrive/ucf_experiments/ciclo_experimental_1/data/data_blur/train/HW48LUZKOL4_3-a7c6c07c6c_0_flip_lr_blur.mp4,/content/drive/MyDrive/ucf_experiments/ciclo_experimental_1/data/data_crop/train/HW48LUZKOL4_3-a7c6c07c6c_0_flip_lr_crop.mp4,0
4405,/content/drive/MyDrive/ucf_experiments/ciclo_experimental_1/data/data_blur/train/hWBjrqFS_0-71df9f68ec_0_flip_lr_blur.mp4,/content/drive/MyDrive/ucf_experiments/ciclo_experimental_1/data/data_crop/train/hWBjrqFS_0-71df9f68ec_0_flip_lr_crop.mp4,0
4406,/content/drive/MyDrive/ucf_experiments/ciclo_experimental_1/data/data_blur/train/HYkbCvPj_0-692d79a0a3_0_flip_lr_blur.mp4,/content/drive/MyDrive/ucf_experiments/ciclo_experimental_1/data/data_crop/train/HYkbCvPj_0-692d79a0a3_0_flip_lr_crop.mp4,0
4407,/content/drive/MyDrive/ucf_experiments/ciclo_experimental_1/data/data_blur/train/H_VQJU0Bqpc_0-26f6076e51_0_flip_lr_blur.mp4,/content/drive/MyDrive/ucf_experiments/ciclo_experimental_1/data/data_crop/train/H_VQJU0Bqpc_0-26f6076e51_0_flip_lr_crop.mp4,0
4408,/content/drive/MyDrive/ucf_experiments/ciclo_experimental_1/data/data_blur/train/H_VQJU0Bqpc_1-97aa9c4fb4_0_flip_lr_blur.mp4,/content/drive/MyDrive/ucf_experiments/ciclo_experimental_1/data/data_crop/train/H_VQJU0Bqpc_1-97aa9c4fb4_0_flip_lr_crop.mp4,0
4409,/content/drive/MyDrive/ucf_experiments/ciclo_experimental_1/data/data_blur/train/H_VQJU0Bqpc_2-fc88e17d04_0_flip_lr_blur.mp4,/content/drive/MyDrive/ucf_experiments/ciclo_experimental_1/data/data_crop/train/H_VQJU0Bqpc_2-fc88e17d04_0_flip_lr_crop.mp4,0
4410,/content/drive/MyDrive/ucf_experiments/ciclo_experimental_1/data/data_blur/train/H_VQJU0Bqpc_3-45b940e5b5_0_flip_lr_blur.mp4,/content/drive/MyDrive/ucf_experiments/ciclo_experimental_1/data/data_crop/train/H_VQJU0Bqpc_3-45b940e5b5_0_flip_lr_crop.mp4,0
4411,/content/drive/MyDrive/ucf_experiments/ciclo_experimental_1/data/data_blur/train/I-x0G5pAan0_0-710872dd2b_0_flip_lr_blur.mp4,/content/drive/MyDrive/ucf_experiments/ciclo_experimental_1/data/data_crop/train/I-x0G5pAan0_0-710872dd2b_0_flip_lr_crop.mp4,0
4412,/content/drive/MyDrive/ucf_experiments/ciclo_experimental_1/data/data_blur/train/I-x0G5pAan0_1-db0c8270f9_0_flip_lr_blur.mp4,/content/drive/MyDrive/ucf_experiments/ciclo_experimental_1/data/data_crop/train/I-x0G5pAan0_1-db0c8270f9_0_flip_lr_crop.mp4,0
4413,/content/drive/MyDrive/ucf_experiments/ciclo_experimental_1/data/data_blur/train/i2sLegg2JPA_0-f213c53a02_0_flip_lr_blur.mp4,/content/drive/MyDrive/ucf_experiments/ciclo_experimental_1/data/data_crop/train/i2sLegg2JPA_0-f213c53a02_0_flip_lr_crop.mp4,0
4414,/content/drive/MyDrive/ucf_experiments/ciclo_experimental_1/data/data_blur/train/i2sLegg2JPA_1-8f73a5a657_0_flip_lr_blur.mp4,/content/drive/MyDrive/ucf_experiments/ciclo_experimental_1/data/data_crop/train/i2sLegg2JPA_1-8f73a5a657_0_flip_lr_crop.mp4,0
4415,/content/drive/MyDrive/ucf_experiments/ciclo_experimental_1/data/data_blur/train/i4OubIZo_0-506a11696a_0_flip_lr_blur.mp4,/content/drive/MyDrive/ucf_experiments/ciclo_experimental_1/data/data_crop/train/i4OubIZo_0-506a11696a_0_flip_lr_crop.mp4,0
4416,/content/drive/MyDrive/ucf_experiments/ciclo_experimental_1/data/data_blur/train/i5xJxtv4gXs_0-8c1b13c326_0_flip_lr_blur.mp4,/content/drive/MyDrive/ucf_experiments/ciclo_experimental_1/data/data_crop/train/i5xJxtv4gXs_0-8c1b13c326_0_flip_lr_crop.mp4,0
4417,/content/drive/MyDrive/ucf_experiments/ciclo_experimental_1/data/data_blur/train/i5xJxtv4gXs_1-d0e8732943_0_flip_lr_blur.mp4,/content/drive/MyDrive/ucf_experiments/ciclo_experimental_1/data/data_crop/train/i5xJxtv4gXs_1-d0e8732943_0_flip_lr_crop.mp4,0
4418,/content/drive/MyDrive/ucf_experiments/ciclo_experimental_1/data/data_blur/train/i5xJxtv4gXs_2-2997558ba5_0_flip_lr_blur.mp4,/content/drive/MyDrive/ucf_experiments/ciclo_experimental_1/data/data_crop/train/i5xJxtv4gXs_2-2997558ba5_0_flip_lr_crop.mp4,0
4419,/content/drive/MyDrive/ucf_experiments/ciclo_experimental_1/data/data_blur/train/i7MJRWrW_0-b6bee0a636_0_flip_lr_blur.mp4,/content/drive/MyDrive/ucf_experiments/ciclo_experimental_1/data/data_crop/train/i7MJRWrW_0-b6bee0a636_0_flip_lr_crop.mp4,0
4420,/content/drive/MyDrive/ucf_experiments/ciclo_experimental_1/data/data_blur/train/I7u5I8Oa_0-929c59ea8f_0_flip_lr_blur.mp4,/content/drive/MyDrive/ucf_experiments/ciclo_experimental_1/data/data_crop/train/I7u5I8Oa_0-929c59ea8f_0_flip_lr_crop.mp4,0
4421,/content/drive/MyDrive/ucf_experiments/ciclo_experimental_1/data/data_blur/train/IGCZWiP8_0-02ee37d589_0_flip_lr_blur.mp4,/content/drive/MyDrive/ucf_experiments/ciclo_experimental_1/data/data_crop/train/IGCZWiP8_0-02ee37d589_0_flip_lr_crop.mp4,0
4422,/content/drive/MyDrive/ucf_experiments/ciclo_experimental_1/data/data_blur/train/iki0PAvq_0-55b713abcf_0_flip_lr_blur.mp4,/content/drive/MyDrive/ucf_experiments/ciclo_experimental_1/data/data_crop/train/iki0PAvq_0-55b713abcf_0_flip_lr_crop.mp4,0
4423,/content/drive/MyDrive/ucf_experiments/ciclo_experimental_1/data/data_blur/train/iqAmk7ES_0-37aa6ed296_0_flip_lr_blur.mp4,/content/drive/MyDrive/ucf_experiments/ciclo_experimental_1/data/data_crop/train/iqAmk7ES_0-37aa6ed296_0_flip_lr_crop.mp4,0
4424,/content/drive/MyDrive/ucf_experiments/ciclo_experimental_1/data/data_blur/train/iquSbj5Wqj0_0-ffe77cb443_0_flip_lr_blur.mp4,/content/drive/MyDrive/ucf_experiments/ciclo_experimental_1/data/data_crop/train/iquSbj5Wqj0_0-ffe77cb443_0_flip_lr_crop.mp4,0
4425,/content/drive/MyDrive/ucf_experiments/ciclo_experimental_1/data/data_blur/train/iRnSE1TL_0-4a035e5237_0_flip_lr_blur.mp4,/content/drive/MyDrive/ucf_experiments/ciclo_experimental_1/data/data_crop/train/iRnSE1TL_0-4a035e5237_0_flip_lr_crop.mp4,0
4426,/content/drive/MyDrive/ucf_experiments/ciclo_experimental_1/data/data_blur/train/Isob76kh_0-39584539d0_0_flip_lr_blur.mp4,/content/drive/MyDrive/ucf_experiments/ciclo_experimental_1/data/data_crop/train/Isob76kh_0-39584539d0_0_flip_lr_crop.mp4,0
4427,/content/drive/MyDrive/ucf_experiments/ciclo_experimental_1/data/data_blur/train/iTs901V6_0-7c9a3b4b51_0_flip_lr_blur.mp4,/content/drive/MyDrive/ucf_experiments/ciclo_experimental_1/data/data_crop/train/iTs901V6_0-7c9a3b4b51_0_flip_lr_crop.mp4,0
4428,/content/drive/MyDrive/ucf_experiments/ciclo_experimental_1/data/data_blur/train/itstEXVr_0-10c388c87c_0_flip_lr_blur.mp4,/content/drive/MyDrive/ucf_experiments/ciclo_experimental_1/data/data_crop/train/itstEXVr_0-10c388c87c_0_flip_lr_crop.mp4,0
4429,/content/drive/MyDrive/ucf_experiments/ciclo_experimental_1/data/data_blur/train/IynvwHe9W3U_0-97c0d88a5d_0_flip_lr_blur.mp4,/content/drive/MyDrive/ucf_experiments/ciclo_experimental_1/data/data_crop/train/IynvwHe9W3U_0-97c0d88a5d_0_flip_lr_crop.mp4,0
4430,/content/drive/MyDrive/ucf_experiments/ciclo_experimental_1/data/data_blur/train/IynvwHe9W3U_1-d689aeadc3_0_flip_lr_blur.mp4,/content/drive/MyDrive/ucf_experiments/ciclo_experimental_1/data/data_crop/train/IynvwHe9W3U_1-d689aeadc3_0_flip_lr_crop.mp4,0
4431,/content/drive/MyDrive/ucf_experiments/ciclo_experimental_1/data/data_blur/train/IynvwHe9W3U_2-1fe8263723_0_flip_lr_blur.mp4,/content/drive/MyDrive/ucf_experiments/ciclo_experimental_1/data/data_crop/train/IynvwHe9W3U_2-1fe8263723_0_flip_lr_crop.mp4,0
4432,/content/drive/MyDrive/ucf_experiments/ciclo_experimental_1/data/data_blur/train/IynvwHe9W3U_3-83a6b6443f_0_flip_lr_blur.mp4,/content/drive/MyDrive/ucf_experiments/ciclo_experimental_1/data/data_crop/train/IynvwHe9W3U_3-83a6b6443f_0_flip_lr_crop.mp4,0
4433,/content/drive/MyDrive/ucf_experiments/ciclo_experimental_1/data/data_blur/train/J2Am3J0z_0-722b55bfe8_0_flip_lr_blur.mp4,/content/drive/MyDrive/ucf_experiments/ciclo_experimental_1/data/data_crop/train/J2Am3J0z_0-722b55bfe8_0_flip_lr_crop.mp4,0
4434,/content/drive/MyDrive/ucf_experiments/ciclo_experimental_1/data/data_blur/train/J2rsCgMC_0-b281694074_0_flip_lr_blur.mp4,/content/drive/MyDrive/ucf_experiments/ciclo_experimental_1/data/data_crop/train/J2rsCgMC_0-b281694074_0_flip_lr_crop.mp4,0
4435,/content/drive/MyDrive/ucf_experiments/ciclo_experimental_1/data/data_blur/train/j83up7ni_0-16e971fb59_0_flip_lr_blur.mp4,/content/drive/MyDrive/ucf_experiments/ciclo_experimental_1/data/data_crop/train/j83up7ni_0-16e971fb59_0_flip_lr_crop.mp4,0
4436,/content/drive/MyDrive/ucf_experiments/ciclo_experimental_1/data/data_blur/train/JBRqNBaP_0-a9c8ef2223_0_flip_lr_blur.mp4,/content/drive/MyDrive/ucf_experiments/ciclo_experimental_1/data/data_crop/train/JBRqNBaP_0-a9c8ef2223_0_flip_lr_crop.mp4,0
4437,/content/drive/MyDrive/ucf_experiments/ciclo_experimental_1/data/data_blur/train/jbSCSexU_0-aae3afeef7_0_flip_lr_blur.mp4,/content/drive/MyDrive/ucf_experiments/ciclo_experimental_1/data/data_crop/train/jbSCSexU_0-aae3afeef7_0_flip_lr_crop.mp4,0
4438,/content/drive/MyDrive/ucf_experiments/ciclo_experimental_1/data/data_blur/train/JD9JJbiJ_0-9d3c4f1456_0_flip_lr_blur.mp4,/content/drive/MyDrive/ucf_experiments/ciclo_experimental_1/data/data_crop/train/JD9JJbiJ_0-9d3c4f1456_0_flip_lr_crop.mp4,0
4439,/content/drive/MyDrive/ucf_experiments/ciclo_experimental_1/data/data_blur/train/jgjAKGZW_0-687d07f826_0_flip_lr_blur.mp4,/content/drive/MyDrive/ucf_experiments/ciclo_experimental_1/data/data_crop/train/jgjAKGZW_0-687d07f826_0_flip_lr_crop.mp4,0
4440,/content/drive/MyDrive/ucf_experiments/ciclo_experimental_1/data/data_blur/train/JgXAUoyJ_0-db7593227e_0_flip_lr_blur.mp4,/content/drive/MyDrive/ucf_experiments/ciclo_experimental_1/data/data_crop/train/JgXAUoyJ_0-db7593227e_0_flip_lr_crop.mp4,0
4441,/content/drive/MyDrive/ucf_experiments/ciclo_experimental_1/data/data_blur/train/jILBnY3lB2Q_0-d2a549989d_0_flip_lr_blur.mp4,/content/drive/MyDrive/ucf_experiments/ciclo_experimental_1/data/data_crop/train/jILBnY3lB2Q_0-d2a549989d_0_flip_lr_crop.mp4,0
4442,/content/drive/MyDrive/ucf_experiments/ciclo_experimental_1/data/data_blur/train/jILBnY3lB2Q_1-602ff850e6_0_flip_lr_blur.mp4,/content/drive/MyDrive/ucf_experiments/ciclo_experimental_1/data/data_crop/train/jILBnY3lB2Q_1-602ff850e6_0_flip_lr_crop.mp4,0
4443,/content/drive/MyDrive/ucf_experiments/ciclo_experimental_1/data/data_blur/train/jILBnY3lB2Q_2-246fe3d307_0_flip_lr_blur.mp4,/content/drive/MyDrive/ucf_experiments/ciclo_experimental_1/data/data_crop/train/jILBnY3lB2Q_2-246fe3d307_0_flip_lr_crop.mp4,0
4444,/content/drive/MyDrive/ucf_experiments/ciclo_experimental_1/data/data_blur/train/jILBnY3lB2Q_3-f00e7e1837_0_flip_lr_blur.mp4,/content/drive/MyDrive/ucf_experiments/ciclo_experimental_1/data/data_crop/train/jILBnY3lB2Q_3-f00e7e1837_0_flip_lr_crop.mp4,0
4445,/content/drive/MyDrive/ucf_experiments/ciclo_experimental_1/data/data_blur/train/jj9SJGft_0-3293daec99_0_flip_lr_blur.mp4,/content/drive/MyDrive/ucf_experiments/ciclo_experimental_1/data/data_crop/train/jj9SJGft_0-3293daec99_0_flip_lr_crop.mp4,0
4446,/content/drive/MyDrive/ucf_experiments/ciclo_experimental_1/data/data_blur/train/jOZLjdSi_0-3fd45ecbfd_0_flip_lr_blur.mp4,/content/drive/MyDrive/ucf_experiments/ciclo_experimental_1/data/data_crop/train/jOZLjdSi_0-3fd45ecbfd_0_flip_lr_crop.mp4,0
4447,/content/drive/MyDrive/ucf_experiments/ciclo_experimental_1/data/data_blur/train/JPIeYvRgo6I_0-6f756da5c1_0_flip_lr_blur.mp4,/content/drive/MyDrive/ucf_experiments/ciclo_experimental_1/data/data_crop/train/JPIeYvRgo6I_0-6f756da5c1_0_flip_lr_crop.mp4,0
4448,/content/drive/MyDrive/ucf_experiments/ciclo_experimental_1/data/data_blur/train/JPIeYvRgo6I_1-dd85e7191f_0_flip_lr_blur.mp4,/content/drive/MyDrive/ucf_experiments/ciclo_experimental_1/data/data_crop/train/JPIeYvRgo6I_1-dd85e7191f_0_flip_lr_crop.mp4,0
4449,/content/drive/MyDrive/ucf_experiments/ciclo_experimental_1/data/data_blur/train/JPIeYvRgo6I_2-b1e34c969d_0_flip_lr_blur.mp4,/content/drive/MyDrive/ucf_experiments/ciclo_experimental_1/data/data_crop/train/JPIeYvRgo6I_2-b1e34c969d_0_flip_lr_crop.mp4,0
4450,/content/drive/MyDrive/ucf_experiments/ciclo_experimental_1/data/data_blur/train/JPMLt2ZH_0-bbbb777c6c_0_flip_lr_blur.mp4,/content/drive/MyDrive/ucf_experiments/ciclo_experimental_1/data/data_crop/train/JPMLt2ZH_0-bbbb777c6c_0_flip_lr_crop.mp4,0
4451,/content/drive/MyDrive/ucf_experiments/ciclo_experimental_1/data/data_blur/train/jR91oXYV_0-f02dd7f71e_0_flip_lr_blur.mp4,/content/drive/MyDrive/ucf_experiments/ciclo_experimental_1/data/data_crop/train/jR91oXYV_0-f02dd7f71e_0_flip_lr_crop.mp4,0
4452,/content/drive/MyDrive/ucf_experiments/ciclo_experimental_1/data/data_blur/train/JsjF2OSJ_0-bb0e0fc7b6_0_flip_lr_blur.mp4,/content/drive/MyDrive/ucf_experiments/ciclo_experimental_1/data/data_crop/train/JsjF2OSJ_0-bb0e0fc7b6_0_flip_lr_crop.mp4,0
4453,/content/drive/MyDrive/ucf_experiments/ciclo_experimental_1/data/data_blur/train/jTbvVbkUaPM_0-78b1e350b5_0_flip_lr_blur.mp4,/content/drive/MyDrive/ucf_experiments/ciclo_experimental_1/data/data_crop/train/jTbvVbkUaPM_0-78b1e350b5_0_flip_lr_crop.mp4,0
4454,/content/drive/MyDrive/ucf_experiments/ciclo_experimental_1/data/data_blur/train/jTbvVbkUaPM_1-286881c4c7_0_flip_lr_blur.mp4,/content/drive/MyDrive/ucf_experiments/ciclo_experimental_1/data/data_crop/train/jTbvVbkUaPM_1-286881c4c7_0_flip_lr_crop.mp4,0
4455,/content/drive/MyDrive/ucf_experiments/ciclo_experimental_1/data/data_blur/train/jTbvVbkUaPM_2-d8c6f9c81e_0_flip_lr_blur.mp4,/content/drive/MyDrive/ucf_experiments/ciclo_experimental_1/data/data_crop/train/jTbvVbkUaPM_2-d8c6f9c81e_0_flip_lr_crop.mp4,0
4456,/content/drive/MyDrive/ucf_experiments/ciclo_experimental_1/data/data_blur/train/JwfajujK_0-657872b955_0_flip_lr_blur.mp4,/content/drive/MyDrive/ucf_experiments/ciclo_experimental_1/data/data_crop/train/JwfajujK_0-657872b955_0_flip_lr_crop.mp4,0
4457,/content/drive/MyDrive/ucf_experiments/ciclo_experimental_1/data/data_blur/train/JWFfsHEG_0-80c7737d44_0_flip_lr_blur.mp4,/content/drive/MyDrive/ucf_experiments/ciclo_experimental_1/data/data_crop/train/JWFfsHEG_0-80c7737d44_0_flip_lr_crop.mp4,0
4458,/content/drive/MyDrive/ucf_experiments/ciclo_experimental_1/data/data_blur/train/JwTPruSFTjk_0-560c516121_0_flip_lr_blur.mp4,/content/drive/MyDrive/ucf_experiments/ciclo_experimental_1/data/data_crop/train/JwTPruSFTjk_0-560c516121_0_flip_lr_crop.mp4,0
4459,/content/drive/MyDrive/ucf_experiments/ciclo_experimental_1/data/data_blur/train/JwTPruSFTjk_1-c5fb65aa50_0_flip_lr_blur.mp4,/content/drive/MyDrive/ucf_experiments/ciclo_experimental_1/data/data_crop/train/JwTPruSFTjk_1-c5fb65aa50_0_flip_lr_crop.mp4,0
4460,/content/drive/MyDrive/ucf_experiments/ciclo_experimental_1/data/data_blur/train/JxpNuQop_0-cdec304175_0_flip_lr_blur.mp4,/content/drive/MyDrive/ucf_experiments/ciclo_experimental_1/data/data_crop/train/JxpNuQop_0-cdec304175_0_flip_lr_crop.mp4,0
4461,/content/drive/MyDrive/ucf_experiments/ciclo_experimental_1/data/data_blur/train/jXrwQsZJ_0-ee93960280_0_flip_lr_blur.mp4,/content/drive/MyDrive/ucf_experiments/ciclo_experimental_1/data/data_crop/train/jXrwQsZJ_0-ee93960280_0_flip_lr_crop.mp4,0
4462,/content/drive/MyDrive/ucf_experiments/ciclo_experimental_1/data/data_blur/train/K4700BuM_0-a60d6c020e_0_flip_lr_blur.mp4,/content/drive/MyDrive/ucf_experiments/ciclo_experimental_1/data/data_crop/train/K4700BuM_0-a60d6c020e_0_flip_lr_crop.mp4,0
4463,/content/drive/MyDrive/ucf_experiments/ciclo_experimental_1/data/data_blur/train/kB9NYpu1_0-3aee4d5f8d_0_flip_lr_blur.mp4,/content/drive/MyDrive/ucf_experiments/ciclo_experimental_1/data/data_crop/train/kB9NYpu1_0-3aee4d5f8d_0_flip_lr_crop.mp4,0
4464,/content/drive/MyDrive/ucf_experiments/ciclo_experimental_1/data/data_blur/train/kBSHDWaGFyc_0-2edf799428_0_flip_lr_blur.mp4,/content/drive/MyDrive/ucf_experiments/ciclo_experimental_1/data/data_crop/train/kBSHDWaGFyc_0-2edf799428_0_flip_lr_crop.mp4,0
4465,/content/drive/MyDrive/ucf_experiments/ciclo_experimental_1/data/data_blur/train/KDOVTf7T_0-095e2197d9_0_flip_lr_blur.mp4,/content/drive/MyDrive/ucf_experiments/ciclo_experimental_1/data/data_crop/train/KDOVTf7T_0-095e2197d9_0_flip_lr_crop.mp4,0
4466,/content/drive/MyDrive/ucf_experiments/ciclo_experimental_1/data/data_blur/train/kExp3yhspR0_0-fb1bd2b43f_0_flip_lr_blur.mp4,/content/drive/MyDrive/ucf_experiments/ciclo_experimental_1/data/data_crop/train/kExp3yhspR0_0-fb1bd2b43f_0_flip_lr_crop.mp4,0
4467,/content/drive/MyDrive/ucf_experiments/ciclo_experimental_1/data/data_blur/train/kExp3yhspR0_1-933fec6cd0_0_flip_lr_blur.mp4,/content/drive/MyDrive/ucf_experiments/ciclo_experimental_1/data/data_crop/train/kExp3yhspR0_1-933fec6cd0_0_flip_lr_crop.mp4,0
4468,/content/drive/MyDrive/ucf_experiments/ciclo_experimental_1/data/data_blur/train/kExp3yhspR0_2-203f7f8179_0_flip_lr_blur.mp4,/content/drive/MyDrive/ucf_experiments/ciclo_experimental_1/data/data_crop/train/kExp3yhspR0_2-203f7f8179_0_flip_lr_crop.mp4,0
4469,/content/drive/MyDrive/ucf_experiments/ciclo_experimental_1/data/data_blur/train/kFbpQrq2_0-217a947f6f_0_flip_lr_blur.mp4,/content/drive/MyDrive/ucf_experiments/ciclo_experimental_1/data/data_crop/train/kFbpQrq2_0-217a947f6f_0_flip_lr_crop.mp4,0
4470,/content/drive/MyDrive/ucf_experiments/ciclo_experimental_1/data/data_blur/train/KklEipxk_0-b596c29050_0_flip_lr_blur.mp4,/content/drive/MyDrive/ucf_experiments/ciclo_experimental_1/data/data_crop/train/KklEipxk_0-b596c29050_0_flip_lr_crop.mp4,0
4471,/content/drive/MyDrive/ucf_experiments/ciclo_experimental_1/data/data_blur/train/KLEwMKTN_0-25a7b95da4_0_flip_lr_blur.mp4,/content/drive/MyDrive/ucf_experiments/ciclo_experimental_1/data/data_crop/train/KLEwMKTN_0-25a7b95da4_0_flip_lr_crop.mp4,0
4472,/content/drive/MyDrive/ucf_experiments/ciclo_experimental_1/data/data_blur/train/kLHNW0uRutY_0-3d630d33d7_0_flip_lr_blur.mp4,/content/drive/MyDrive/ucf_experiments/ciclo_experimental_1/data/data_crop/train/kLHNW0uRutY_0-3d630d33d7_0_flip_lr_crop.mp4,0
4473,/content/drive/MyDrive/ucf_experiments/ciclo_experimental_1/data/data_blur/train/Km94kW0O_0-60e344aba3_0_flip_lr_blur.mp4,/content/drive/MyDrive/ucf_experiments/ciclo_experimental_1/data/data_crop/train/Km94kW0O_0-60e344aba3_0_flip_lr_crop.mp4,0
4474,/content/drive/MyDrive/ucf_experiments/ciclo_experimental_1/data/data_blur/train/kMI2JME3Aag_0-44ec9216cf_0_flip_lr_blur.mp4,/content/drive/MyDrive/ucf_experiments/ciclo_experimental_1/data/data_crop/train/kMI2JME3Aag_0-44ec9216cf_0_flip_lr_crop.mp4,0
4475,/content/drive/MyDrive/ucf_experiments/ciclo_experimental_1/data/data_blur/train/kMI2JME3Aag_1-3c2f18cbf9_0_flip_lr_blur.mp4,/content/drive/MyDrive/ucf_experiments/ciclo_experimental_1/data/data_crop/train/kMI2JME3Aag_1-3c2f18cbf9_0_flip_lr_crop.mp4,0
4476,/content/drive/MyDrive/ucf_experiments/ciclo_experimental_1/data/data_blur/train/kMI2JME3Aag_2-9fa63bffa5_0_flip_lr_blur.mp4,/content/drive/MyDrive/ucf_experiments/ciclo_experimental_1/data/data_crop/train/kMI2JME3Aag_2-9fa63bffa5_0_flip_lr_crop.mp4,0
4477,/content/drive/MyDrive/ucf_experiments/ciclo_experimental_1/data/data_blur/train/kMI2JME3Aag_3-a4dbf752bd_0_flip_lr_blur.mp4,/content/drive/MyDrive/ucf_experiments/ciclo_experimental_1/data/data_crop/train/kMI2JME3Aag_3-a4dbf752bd_0_flip_lr_crop.mp4,0
4478,/content/drive/MyDrive/ucf_experiments/ciclo_experimental_1/data/data_blur/train/kMI2JME3Aag_4-b3c6ac8a4f_0_flip_lr_blur.mp4,/content/drive/MyDrive/ucf_experiments/ciclo_experimental_1/data/data_crop/train/kMI2JME3Aag_4-b3c6ac8a4f_0_flip_lr_crop.mp4,0
4479,/content/drive/MyDrive/ucf_experiments/ciclo_experimental_1/data/data_blur/train/KOaUqaC8_0-25f2d524d4_0_flip_lr_blur.mp4,/content/drive/MyDrive/ucf_experiments/ciclo_experimental_1/data/data_crop/train/KOaUqaC8_0-25f2d524d4_0_flip_lr_crop.mp4,0
4480,/content/drive/MyDrive/ucf_experiments/ciclo_experimental_1/data/data_blur/train/kOp57sQKMPY_0-f975410220_0_flip_lr_blur.mp4,/content/drive/MyDrive/ucf_experiments/ciclo_experimental_1/data/data_crop/train/kOp57sQKMPY_0-f975410220_0_flip_lr_crop.mp4,0
4481,/content/drive/MyDrive/ucf_experiments/ciclo_experimental_1/data/data_blur/train/kOp57sQKMPY_1-30244055fe_0_flip_lr_blur.mp4,/content/drive/MyDrive/ucf_experiments/ciclo_experimental_1/data/data_crop/train/kOp57sQKMPY_1-30244055fe_0_flip_lr_crop.mp4,0
4482,/content/drive/MyDrive/ucf_experiments/ciclo_experimental_1/data/data_blur/train/kOp57sQKMPY_2-ec7ff42c5b_0_flip_lr_blur.mp4,/content/drive/MyDrive/ucf_experiments/ciclo_experimental_1/data/data_crop/train/kOp57sQKMPY_2-ec7ff42c5b_0_flip_lr_crop.mp4,0
4483,/content/drive/MyDrive/ucf_experiments/ciclo_experimental_1/data/data_blur/train/KQTiHlA11fM_0-7287e9de23_0_flip_lr_blur.mp4,/content/drive/MyDrive/ucf_experiments/ciclo_experimental_1/data/data_crop/train/KQTiHlA11fM_0-7287e9de23_0_flip_lr_crop.mp4,0
4484,/content/drive/MyDrive/ucf_experiments/ciclo_experimental_1/data/data_blur/train/KQTiHlA11fM_1-9903d79bf6_0_flip_lr_blur.mp4,/content/drive/MyDrive/ucf_experiments/ciclo_experimental_1/data/data_crop/train/KQTiHlA11fM_1-9903d79bf6_0_flip_lr_crop.mp4,0
4485,/content/drive/MyDrive/ucf_experiments/ciclo_experimental_1/data/data_blur/train/KQTiHlA11fM_2-8bb3d42d2a_0_flip_lr_blur.mp4,/content/drive/MyDrive/ucf_experiments/ciclo_experimental_1/data/data_crop/train/KQTiHlA11fM_2-8bb3d42d2a_0_flip_lr_crop.mp4,0
4486,/content/drive/MyDrive/ucf_experiments/ciclo_experimental_1/data/data_blur/train/KQTiHlA11fM_3-c4f67fc9fb_0_flip_lr_blur.mp4,/content/drive/MyDrive/ucf_experiments/ciclo_experimental_1/data/data_crop/train/KQTiHlA11fM_3-c4f67fc9fb_0_flip_lr_crop.mp4,0
4487,/content/drive/MyDrive/ucf_experiments/ciclo_experimental_1/data/data_blur/train/KxOHVkVQ_0-59a7e23fee_0_flip_lr_blur.mp4,/content/drive/MyDrive/ucf_experiments/ciclo_experimental_1/data/data_crop/train/KxOHVkVQ_0-59a7e23fee_0_flip_lr_crop.mp4,0
4488,/content/drive/MyDrive/ucf_experiments/ciclo_experimental_1/data/data_blur/train/K_7hT4N2QCE_0-3a93aadf0b_0_flip_lr_blur.mp4,/content/drive/MyDrive/ucf_experiments/ciclo_experimental_1/data/data_crop/train/K_7hT4N2QCE_0-3a93aadf0b_0_flip_lr_crop.mp4,0
4489,/content/drive/MyDrive/ucf_experiments/ciclo_experimental_1/data/data_blur/train/l4gqDHx9_dI_0-b735f11bec_0_flip_lr_blur.mp4,/content/drive/MyDrive/ucf_experiments/ciclo_experimental_1/data/data_crop/train/l4gqDHx9_dI_0-b735f11bec_0_flip_lr_crop.mp4,0
4490,/content/drive/MyDrive/ucf_experiments/ciclo_experimental_1/data/data_blur/train/l4gqDHx9_dI_1-1b26b4c3c1_0_flip_lr_blur.mp4,/content/drive/MyDrive/ucf_experiments/ciclo_experimental_1/data/data_crop/train/l4gqDHx9_dI_1-1b26b4c3c1_0_flip_lr_crop.mp4,0
4491,/content/drive/MyDrive/ucf_experiments/ciclo_experimental_1/data/data_blur/train/L9tYVvJY_0-9ed76f7e64_0_flip_lr_blur.mp4,/content/drive/MyDrive/ucf_experiments/ciclo_experimental_1/data/data_crop/train/L9tYVvJY_0-9ed76f7e64_0_flip_lr_crop.mp4,0
4492,/content/drive/MyDrive/ucf_experiments/ciclo_experimental_1/data/data_blur/train/La60qonu_0-0bd2518508_0_flip_lr_blur.mp4,/content/drive/MyDrive/ucf_experiments/ciclo_experimental_1/data/data_crop/train/La60qonu_0-0bd2518508_0_flip_lr_crop.mp4,0
4493,/content/drive/MyDrive/ucf_experiments/ciclo_experimental_1/data/data_blur/train/La9lzohO_0-585376641c_0_flip_lr_blur.mp4,/content/drive/MyDrive/ucf_experiments/ciclo_experimental_1/data/data_crop/train/La9lzohO_0-585376641c_0_flip_lr_crop.mp4,0
4494,/content/drive/MyDrive/ucf_experiments/ciclo_experimental_1/data/data_blur/train/LbYQs9oA_0-75a1712a2c_0_flip_lr_blur.mp4,/content/drive/MyDrive/ucf_experiments/ciclo_experimental_1/data/data_crop/train/LbYQs9oA_0-75a1712a2c_0_flip_lr_crop.mp4,0
4495,/content/drive/MyDrive/ucf_experiments/ciclo_experimental_1/data/data_blur/train/lhxMVtH7_0-4354d982a5_0_flip_lr_blur.mp4,/content/drive/MyDrive/ucf_experiments/ciclo_experimental_1/data/data_crop/train/lhxMVtH7_0-4354d982a5_0_flip_lr_crop.mp4,0
4496,/content/drive/MyDrive/ucf_experiments/ciclo_experimental_1/data/data_blur/train/LiCakkNH_0-6be37770a1_0_flip_lr_blur.mp4,/content/drive/MyDrive/ucf_experiments/ciclo_experimental_1/data/data_crop/train/LiCakkNH_0-6be37770a1_0_flip_lr_crop.mp4,0
4497,/content/drive/MyDrive/ucf_experiments/ciclo_experimental_1/data/data_blur/train/ljLg4lFbS0Y_0-f951fafff4_0_flip_lr_blur.mp4,/content/drive/MyDrive/ucf_experiments/ciclo_experimental_1/data/data_crop/train/ljLg4lFbS0Y_0-f951fafff4_0_flip_lr_crop.mp4,0
4498,/content/drive/MyDrive/ucf_experiments/ciclo_experimental_1/data/data_blur/train/ljLg4lFbS0Y_1-fb6283b8b4_0_flip_lr_blur.mp4,/content/drive/MyDrive/ucf_experiments/ciclo_experimental_1/data/data_crop/train/ljLg4lFbS0Y_1-fb6283b8b4_0_flip_lr_crop.mp4,0
4499,/content/drive/MyDrive/ucf_experiments/ciclo_experimental_1/data/data_blur/train/LLo_TXIz5-g_0-11b9dd39f1_0_flip_lr_blur.mp4,/content/drive/MyDrive/ucf_experiments/ciclo_experimental_1/data/data_crop/train/LLo_TXIz5-g_0-11b9dd39f1_0_flip_lr_crop.mp4,0
4500,/content/drive/MyDrive/ucf_experiments/ciclo_experimental_1/data/data_blur/train/LLo_TXIz5-g_1-668f0f1b77_0_flip_lr_blur.mp4,/content/drive/MyDrive/ucf_experiments/ciclo_experimental_1/data/data_crop/train/LLo_TXIz5-g_1-668f0f1b77_0_flip_lr_crop.mp4,0
4501,/content/drive/MyDrive/ucf_experiments/ciclo_experimental_1/data/data_blur/train/lmfaDmCCRoY_0-d69e1f876c_0_flip_lr_blur.mp4,/content/drive/MyDrive/ucf_experiments/ciclo_experimental_1/data/data_crop/train/lmfaDmCCRoY_0-d69e1f876c_0_flip_lr_crop.mp4,0
4502,/content/drive/MyDrive/ucf_experiments/ciclo_experimental_1/data/data_blur/train/LMNJJere_0-ea439a6159_0_flip_lr_blur.mp4,/content/drive/MyDrive/ucf_experiments/ciclo_experimental_1/data/data_crop/train/LMNJJere_0-ea439a6159_0_flip_lr_crop.mp4,0
4503,/content/drive/MyDrive/ucf_experiments/ciclo_experimental_1/data/data_blur/train/lNAzMZFI_0-5ddfce4535_0_flip_lr_blur.mp4,/content/drive/MyDrive/ucf_experiments/ciclo_experimental_1/data/data_crop/train/lNAzMZFI_0-5ddfce4535_0_flip_lr_crop.mp4,0
4504,/content/drive/MyDrive/ucf_experiments/ciclo_experimental_1/data/data_blur/train/lQ39ffan_0-ad4605a219_0_flip_lr_blur.mp4,/content/drive/MyDrive/ucf_experiments/ciclo_experimental_1/data/data_crop/train/lQ39ffan_0-ad4605a219_0_flip_lr_crop.mp4,0
4505,/content/drive/MyDrive/ucf_experiments/ciclo_experimental_1/data/data_blur/train/LqW9A21g_0-afe0044853_0_flip_lr_blur.mp4,/content/drive/MyDrive/ucf_experiments/ciclo_experimental_1/data/data_crop/train/LqW9A21g_0-afe0044853_0_flip_lr_crop.mp4,0
4506,/content/drive/MyDrive/ucf_experiments/ciclo_experimental_1/data/data_blur/train/lS7tAuv0_0-0cb60d3c60_0_flip_lr_blur.mp4,/content/drive/MyDrive/ucf_experiments/ciclo_experimental_1/data/data_crop/train/lS7tAuv0_0-0cb60d3c60_0_flip_lr_crop.mp4,0
4507,/content/drive/MyDrive/ucf_experiments/ciclo_experimental_1/data/data_blur/train/LSJPhJTB_0-8568f390d6_0_flip_lr_blur.mp4,/content/drive/MyDrive/ucf_experiments/ciclo_experimental_1/data/data_crop/train/LSJPhJTB_0-8568f390d6_0_flip_lr_crop.mp4,0
4508,/content/drive/MyDrive/ucf_experiments/ciclo_experimental_1/data/data_blur/train/Lui5zaon_0-d6fb90f3e6_0_flip_lr_blur.mp4,/content/drive/MyDrive/ucf_experiments/ciclo_experimental_1/data/data_crop/train/Lui5zaon_0-d6fb90f3e6_0_flip_lr_crop.mp4,0
4509,/content/drive/MyDrive/ucf_experiments/ciclo_experimental_1/data/data_blur/train/lx4TN9dS_0-544627bbf6_0_flip_lr_blur.mp4,/content/drive/MyDrive/ucf_experiments/ciclo_experimental_1/data/data_crop/train/lx4TN9dS_0-544627bbf6_0_flip_lr_crop.mp4,0
4510,/content/drive/MyDrive/ucf_experiments/ciclo_experimental_1/data/data_blur/train/m3PZvVSL_0-598cbbe727_0_flip_lr_blur.mp4,/content/drive/MyDrive/ucf_experiments/ciclo_experimental_1/data/data_crop/train/m3PZvVSL_0-598cbbe727_0_flip_lr_crop.mp4,0
4511,/content/drive/MyDrive/ucf_experiments/ciclo_experimental_1/data/data_blur/train/M4syignQ_0-a02bc34668_0_flip_lr_blur.mp4,/content/drive/MyDrive/ucf_experiments/ciclo_experimental_1/data/data_crop/train/M4syignQ_0-a02bc34668_0_flip_lr_crop.mp4,0
4512,/content/drive/MyDrive/ucf_experiments/ciclo_experimental_1/data/data_blur/train/Ma1iva6R_0-f125b966c6_0_flip_lr_blur.mp4,/content/drive/MyDrive/ucf_experiments/ciclo_experimental_1/data/data_crop/train/Ma1iva6R_0-f125b966c6_0_flip_lr_crop.mp4,0
4513,/content/drive/MyDrive/ucf_experiments/ciclo_experimental_1/data/data_blur/train/MBxCX6pw_0-78d2a6f847_0_flip_lr_blur.mp4,/content/drive/MyDrive/ucf_experiments/ciclo_experimental_1/data/data_crop/train/MBxCX6pw_0-78d2a6f847_0_flip_lr_crop.mp4,0
4514,/content/drive/MyDrive/ucf_experiments/ciclo_experimental_1/data/data_blur/train/McDxnU7x_0-bdb3afe971_0_flip_lr_blur.mp4,/content/drive/MyDrive/ucf_experiments/ciclo_experimental_1/data/data_crop/train/McDxnU7x_0-bdb3afe971_0_flip_lr_crop.mp4,0
4515,/content/drive/MyDrive/ucf_experiments/ciclo_experimental_1/data/data_blur/train/mE9Cp4na_0-5fc90f4ba0_0_flip_lr_blur.mp4,/content/drive/MyDrive/ucf_experiments/ciclo_experimental_1/data/data_crop/train/mE9Cp4na_0-5fc90f4ba0_0_flip_lr_crop.mp4,0
4516,/content/drive/MyDrive/ucf_experiments/ciclo_experimental_1/data/data_blur/train/MhiGg6f7_0-b825635856_0_flip_lr_blur.mp4,/content/drive/MyDrive/ucf_experiments/ciclo_experimental_1/data/data_crop/train/MhiGg6f7_0-b825635856_0_flip_lr_crop.mp4,0
4517,/content/drive/MyDrive/ucf_experiments/ciclo_experimental_1/data/data_blur/train/MhVfgPWz_0-d6cd8df091_0_flip_lr_blur.mp4,/content/drive/MyDrive/ucf_experiments/ciclo_experimental_1/data/data_crop/train/MhVfgPWz_0-d6cd8df091_0_flip_lr_crop.mp4,0
4518,/content/drive/MyDrive/ucf_experiments/ciclo_experimental_1/data/data_blur/train/mHY487R6_0-08b58296ee_0_flip_lr_blur.mp4,/content/drive/MyDrive/ucf_experiments/ciclo_experimental_1/data/data_crop/train/mHY487R6_0-08b58296ee_0_flip_lr_crop.mp4,0
4519,/content/drive/MyDrive/ucf_experiments/ciclo_experimental_1/data/data_blur/train/MmUtpm6Z_0-4393d816c9_0_flip_lr_blur.mp4,/content/drive/MyDrive/ucf_experiments/ciclo_experimental_1/data/data_crop/train/MmUtpm6Z_0-4393d816c9_0_flip_lr_crop.mp4,0
4520,/content/drive/MyDrive/ucf_experiments/ciclo_experimental_1/data/data_blur/train/MOST Shocking CCTV footage (_TwPzPRK7dc)_0-182b17d0cc_0_flip_lr_blur.mp4,/content/drive/MyDrive/ucf_experiments/ciclo_experimental_1/data/data_crop/train/MOST Shocking CCTV footage (_TwPzPRK7dc)_0-182b17d0cc_0_flip_lr_crop.mp4,0
4521,/content/drive/MyDrive/ucf_experiments/ciclo_experimental_1/data/data_blur/train/MOST Shocking CCTV footage (_TwPzPRK7dc)_1-2e47e09c21_0_flip_lr_blur.mp4,/content/drive/MyDrive/ucf_experiments/ciclo_experimental_1/data/data_crop/train/MOST Shocking CCTV footage (_TwPzPRK7dc)_1-2e47e09c21_0_flip_lr_crop.mp4,0
4522,/content/drive/MyDrive/ucf_experiments/ciclo_experimental_1/data/data_blur/train/mRqg-WXiR7Q_0-39dc15a7d4_0_flip_lr_blur.mp4,/content/drive/MyDrive/ucf_experiments/ciclo_experimental_1/data/data_crop/train/mRqg-WXiR7Q_0-39dc15a7d4_0_flip_lr_crop.mp4,0
4523,/content/drive/MyDrive/ucf_experiments/ciclo_experimental_1/data/data_blur/train/muJDFQqbbmA_0-597fc030d8_0_flip_lr_blur.mp4,/content/drive/MyDrive/ucf_experiments/ciclo_experimental_1/data/data_crop/train/muJDFQqbbmA_0-597fc030d8_0_flip_lr_crop.mp4,0
4524,/content/drive/MyDrive/ucf_experiments/ciclo_experimental_1/data/data_blur/train/muJDFQqbbmA_1-28f2787a53_0_flip_lr_blur.mp4,/content/drive/MyDrive/ucf_experiments/ciclo_experimental_1/data/data_crop/train/muJDFQqbbmA_1-28f2787a53_0_flip_lr_crop.mp4,0
4525,/content/drive/MyDrive/ucf_experiments/ciclo_experimental_1/data/data_blur/train/Mv3d3zJy_0-d6b258e0c0_0_flip_lr_blur.mp4,/content/drive/MyDrive/ucf_experiments/ciclo_experimental_1/data/data_crop/train/Mv3d3zJy_0-d6b258e0c0_0_flip_lr_crop.mp4,0
4526,/content/drive/MyDrive/ucf_experiments/ciclo_experimental_1/data/data_blur/train/mVAv7aB5_0-18d4228e21_0_flip_lr_blur.mp4,/content/drive/MyDrive/ucf_experiments/ciclo_experimental_1/data/data_crop/train/mVAv7aB5_0-18d4228e21_0_flip_lr_crop.mp4,0
4527,/content/drive/MyDrive/ucf_experiments/ciclo_experimental_1/data/data_blur/train/MvYkXHIi_0-df6e54a154_0_flip_lr_blur.mp4,/content/drive/MyDrive/ucf_experiments/ciclo_experimental_1/data/data_crop/train/MvYkXHIi_0-df6e54a154_0_flip_lr_crop.mp4,0
4528,/content/drive/MyDrive/ucf_experiments/ciclo_experimental_1/data/data_blur/train/MwZvUQRO_0-3938a7394a_0_flip_lr_blur.mp4,/content/drive/MyDrive/ucf_experiments/ciclo_experimental_1/data/data_crop/train/MwZvUQRO_0-3938a7394a_0_flip_lr_crop.mp4,0
4529,/content/drive/MyDrive/ucf_experiments/ciclo_experimental_1/data/data_blur/train/mx0UXBFc_0-4893f6d6dd_0_flip_lr_blur.mp4,/content/drive/MyDrive/ucf_experiments/ciclo_experimental_1/data/data_crop/train/mx0UXBFc_0-4893f6d6dd_0_flip_lr_crop.mp4,0
4530,/content/drive/MyDrive/ucf_experiments/ciclo_experimental_1/data/data_blur/train/mX4cQM1xMFc_0-4597815856_0_flip_lr_blur.mp4,/content/drive/MyDrive/ucf_experiments/ciclo_experimental_1/data/data_crop/train/mX4cQM1xMFc_0-4597815856_0_flip_lr_crop.mp4,0
4531,/content/drive/MyDrive/ucf_experiments/ciclo_experimental_1/data/data_blur/train/MX77f2TD_0-eb8acdbbaa_0_flip_lr_blur.mp4,/content/drive/MyDrive/ucf_experiments/ciclo_experimental_1/data/data_crop/train/MX77f2TD_0-eb8acdbbaa_0_flip_lr_crop.mp4,0
4532,/content/drive/MyDrive/ucf_experiments/ciclo_experimental_1/data/data_blur/train/N1Q9v-saJ_g_0-f69c7430f9_0_flip_lr_blur.mp4,/content/drive/MyDrive/ucf_experiments/ciclo_experimental_1/data/data_crop/train/N1Q9v-saJ_g_0-f69c7430f9_0_flip_lr_crop.mp4,0
4533,/content/drive/MyDrive/ucf_experiments/ciclo_experimental_1/data/data_blur/train/ndNHBJbS_0-f76af6c46b_0_flip_lr_blur.mp4,/content/drive/MyDrive/ucf_experiments/ciclo_experimental_1/data/data_crop/train/ndNHBJbS_0-f76af6c46b_0_flip_lr_crop.mp4,0
4534,/content/drive/MyDrive/ucf_experiments/ciclo_experimental_1/data/data_blur/train/NEUya2Rr_0-ebcacb9ef7_0_flip_lr_blur.mp4,/content/drive/MyDrive/ucf_experiments/ciclo_experimental_1/data/data_crop/train/NEUya2Rr_0-ebcacb9ef7_0_flip_lr_crop.mp4,0
4535,/content/drive/MyDrive/ucf_experiments/ciclo_experimental_1/data/data_blur/train/niXRLeON_0-2737e379b4_0_flip_lr_blur.mp4,/content/drive/MyDrive/ucf_experiments/ciclo_experimental_1/data/data_crop/train/niXRLeON_0-2737e379b4_0_flip_lr_crop.mp4,0
4536,/content/drive/MyDrive/ucf_experiments/ciclo_experimental_1/data/data_blur/train/nj9Rc3lY_0-1c5d7a6f82_0_flip_lr_blur.mp4,/content/drive/MyDrive/ucf_experiments/ciclo_experimental_1/data/data_crop/train/nj9Rc3lY_0-1c5d7a6f82_0_flip_lr_crop.mp4,0
4537,/content/drive/MyDrive/ucf_experiments/ciclo_experimental_1/data/data_blur/train/NmNKzttk_0-24bf8af7e4_0_flip_lr_blur.mp4,/content/drive/MyDrive/ucf_experiments/ciclo_experimental_1/data/data_crop/train/NmNKzttk_0-24bf8af7e4_0_flip_lr_crop.mp4,0
4538,/content/drive/MyDrive/ucf_experiments/ciclo_experimental_1/data/data_blur/train/NPeKBgURcxI_0-1b4933179d_0_flip_lr_blur.mp4,/content/drive/MyDrive/ucf_experiments/ciclo_experimental_1/data/data_crop/train/NPeKBgURcxI_0-1b4933179d_0_flip_lr_crop.mp4,0
4539,/content/drive/MyDrive/ucf_experiments/ciclo_experimental_1/data/data_blur/train/NPeKBgURcxI_1-0cdc9fc0bc_0_flip_lr_blur.mp4,/content/drive/MyDrive/ucf_experiments/ciclo_experimental_1/data/data_crop/train/NPeKBgURcxI_1-0cdc9fc0bc_0_flip_lr_crop.mp4,0
4540,/content/drive/MyDrive/ucf_experiments/ciclo_experimental_1/data/data_blur/train/NPeKBgURcxI_2-79dae3dd32_0_flip_lr_blur.mp4,/content/drive/MyDrive/ucf_experiments/ciclo_experimental_1/data/data_crop/train/NPeKBgURcxI_2-79dae3dd32_0_flip_lr_crop.mp4,0
4541,/content/drive/MyDrive/ucf_experiments/ciclo_experimental_1/data/data_blur/train/NSdXEN1l_0-70bad827e9_0_flip_lr_blur.mp4,/content/drive/MyDrive/ucf_experiments/ciclo_experimental_1/data/data_crop/train/NSdXEN1l_0-70bad827e9_0_flip_lr_crop.mp4,0
4542,/content/drive/MyDrive/ucf_experiments/ciclo_experimental_1/data/data_blur/train/NvYo6CS_i_A_0-57c86a5730_0_flip_lr_blur.mp4,/content/drive/MyDrive/ucf_experiments/ciclo_experimental_1/data/data_crop/train/NvYo6CS_i_A_0-57c86a5730_0_flip_lr_crop.mp4,0
4543,/content/drive/MyDrive/ucf_experiments/ciclo_experimental_1/data/data_blur/train/NvYo6CS_i_A_1-c1a9da027a_0_flip_lr_blur.mp4,/content/drive/MyDrive/ucf_experiments/ciclo_experimental_1/data/data_crop/train/NvYo6CS_i_A_1-c1a9da027a_0_flip_lr_crop.mp4,0
4544,/content/drive/MyDrive/ucf_experiments/ciclo_experimental_1/data/data_blur/train/NxtwlqSnLbY_0-373c9deecc_0_flip_lr_blur.mp4,/content/drive/MyDrive/ucf_experiments/ciclo_experimental_1/data/data_crop/train/NxtwlqSnLbY_0-373c9deecc_0_flip_lr_crop.mp4,0
4545,/content/drive/MyDrive/ucf_experiments/ciclo_experimental_1/data/data_blur/train/NxtwlqSnLbY_1-2ff4fae8e0_0_flip_lr_blur.mp4,/content/drive/MyDrive/ucf_experiments/ciclo_experimental_1/data/data_crop/train/NxtwlqSnLbY_1-2ff4fae8e0_0_flip_lr_crop.mp4,0
4546,/content/drive/MyDrive/ucf_experiments/ciclo_experimental_1/data/data_blur/train/o8sEvktx_0-bf477b4bad_0_flip_lr_blur.mp4,/content/drive/MyDrive/ucf_experiments/ciclo_experimental_1/data/data_crop/train/o8sEvktx_0-bf477b4bad_0_flip_lr_crop.mp4,0
4547,/content/drive/MyDrive/ucf_experiments/ciclo_experimental_1/data/data_blur/train/oAeudqZD_0-d4d0fd0a42_0_flip_lr_blur.mp4,/content/drive/MyDrive/ucf_experiments/ciclo_experimental_1/data/data_crop/train/oAeudqZD_0-d4d0fd0a42_0_flip_lr_crop.mp4,0
4548,/content/drive/MyDrive/ucf_experiments/ciclo_experimental_1/data/data_blur/train/OAFsSiyX_0-63d39ff4ff_0_flip_lr_blur.mp4,/content/drive/MyDrive/ucf_experiments/ciclo_experimental_1/data/data_crop/train/OAFsSiyX_0-63d39ff4ff_0_flip_lr_crop.mp4,0
4549,/content/drive/MyDrive/ucf_experiments/ciclo_experimental_1/data/data_blur/train/OAfV0xPIhZw_0-732699803d_0_flip_lr_blur.mp4,/content/drive/MyDrive/ucf_experiments/ciclo_experimental_1/data/data_crop/train/OAfV0xPIhZw_0-732699803d_0_flip_lr_crop.mp4,0
4550,/content/drive/MyDrive/ucf_experiments/ciclo_experimental_1/data/data_blur/train/OAfV0xPIhZw_1-0d7652f0d2_0_flip_lr_blur.mp4,/content/drive/MyDrive/ucf_experiments/ciclo_experimental_1/data/data_crop/train/OAfV0xPIhZw_1-0d7652f0d2_0_flip_lr_crop.mp4,0
4551,/content/drive/MyDrive/ucf_experiments/ciclo_experimental_1/data/data_blur/train/OakN3f1N_0-d5f45f5cbe_0_flip_lr_blur.mp4,/content/drive/MyDrive/ucf_experiments/ciclo_experimental_1/data/data_crop/train/OakN3f1N_0-d5f45f5cbe_0_flip_lr_crop.mp4,0
4552,/content/drive/MyDrive/ucf_experiments/ciclo_experimental_1/data/data_blur/train/oByKgGBL_0-f5f6e822c7_0_flip_lr_blur.mp4,/content/drive/MyDrive/ucf_experiments/ciclo_experimental_1/data/data_crop/train/oByKgGBL_0-f5f6e822c7_0_flip_lr_crop.mp4,0
4553,/content/drive/MyDrive/ucf_experiments/ciclo_experimental_1/data/data_blur/train/OCseFRss_0-cf9cfa6785_0_flip_lr_blur.mp4,/content/drive/MyDrive/ucf_experiments/ciclo_experimental_1/data/data_crop/train/OCseFRss_0-cf9cfa6785_0_flip_lr_crop.mp4,0
4554,/content/drive/MyDrive/ucf_experiments/ciclo_experimental_1/data/data_blur/train/oDGm-DOOyI4_0-bed7ffab6b_0_flip_lr_blur.mp4,/content/drive/MyDrive/ucf_experiments/ciclo_experimental_1/data/data_crop/train/oDGm-DOOyI4_0-bed7ffab6b_0_flip_lr_crop.mp4,0
4555,/content/drive/MyDrive/ucf_experiments/ciclo_experimental_1/data/data_blur/train/oDGm-DOOyI4_1-5416f8b023_0_flip_lr_blur.mp4,/content/drive/MyDrive/ucf_experiments/ciclo_experimental_1/data/data_crop/train/oDGm-DOOyI4_1-5416f8b023_0_flip_lr_crop.mp4,0
4556,/content/drive/MyDrive/ucf_experiments/ciclo_experimental_1/data/data_blur/train/oDGm-DOOyI4_2-58a012139d_0_flip_lr_blur.mp4,/content/drive/MyDrive/ucf_experiments/ciclo_experimental_1/data/data_crop/train/oDGm-DOOyI4_2-58a012139d_0_flip_lr_crop.mp4,0
4557,/content/drive/MyDrive/ucf_experiments/ciclo_experimental_1/data/data_blur/train/oDWNiATJ_0-62babed611_0_flip_lr_blur.mp4,/content/drive/MyDrive/ucf_experiments/ciclo_experimental_1/data/data_crop/train/oDWNiATJ_0-62babed611_0_flip_lr_crop.mp4,0
4558,/content/drive/MyDrive/ucf_experiments/ciclo_experimental_1/data/data_blur/train/OdxnpEnn_0-d12b138987_0_flip_lr_blur.mp4,/content/drive/MyDrive/ucf_experiments/ciclo_experimental_1/data/data_crop/train/OdxnpEnn_0-d12b138987_0_flip_lr_crop.mp4,0
4559,/content/drive/MyDrive/ucf_experiments/ciclo_experimental_1/data/data_blur/train/OFwYyouR_0-1a9dadbcf7_0_flip_lr_blur.mp4,/content/drive/MyDrive/ucf_experiments/ciclo_experimental_1/data/data_crop/train/OFwYyouR_0-1a9dadbcf7_0_flip_lr_crop.mp4,0
4560,/content/drive/MyDrive/ucf_experiments/ciclo_experimental_1/data/data_blur/train/oG3Qxvq0_0-2cee6fe4f6_0_flip_lr_blur.mp4,/content/drive/MyDrive/ucf_experiments/ciclo_experimental_1/data/data_crop/train/oG3Qxvq0_0-2cee6fe4f6_0_flip_lr_crop.mp4,0
4561,/content/drive/MyDrive/ucf_experiments/ciclo_experimental_1/data/data_blur/train/oIEZ45OCmAw_0-f7bb2b5a15_0_flip_lr_blur.mp4,/content/drive/MyDrive/ucf_experiments/ciclo_experimental_1/data/data_crop/train/oIEZ45OCmAw_0-f7bb2b5a15_0_flip_lr_crop.mp4,0
4562,/content/drive/MyDrive/ucf_experiments/ciclo_experimental_1/data/data_blur/train/okA8k7rF_0-fad52f4201_0_flip_lr_blur.mp4,/content/drive/MyDrive/ucf_experiments/ciclo_experimental_1/data/data_crop/train/okA8k7rF_0-fad52f4201_0_flip_lr_crop.mp4,0
4563,/content/drive/MyDrive/ucf_experiments/ciclo_experimental_1/data/data_blur/train/oLs9ckoV_0-09b45a4c09_0_flip_lr_blur.mp4,/content/drive/MyDrive/ucf_experiments/ciclo_experimental_1/data/data_crop/train/oLs9ckoV_0-09b45a4c09_0_flip_lr_crop.mp4,0
4564,/content/drive/MyDrive/ucf_experiments/ciclo_experimental_1/data/data_blur/train/oMZpqizQ_0-92c5bd15c3_0_flip_lr_blur.mp4,/content/drive/MyDrive/ucf_experiments/ciclo_experimental_1/data/data_crop/train/oMZpqizQ_0-92c5bd15c3_0_flip_lr_crop.mp4,0
4565,/content/drive/MyDrive/ucf_experiments/ciclo_experimental_1/data/data_blur/train/on2HIPgB_0-b0cfcb18f5_0_flip_lr_blur.mp4,/content/drive/MyDrive/ucf_experiments/ciclo_experimental_1/data/data_crop/train/on2HIPgB_0-b0cfcb18f5_0_flip_lr_crop.mp4,0
4566,/content/drive/MyDrive/ucf_experiments/ciclo_experimental_1/data/data_blur/train/OTVE3eLAuUM_0-b7fc3e1a05_0_flip_lr_blur.mp4,/content/drive/MyDrive/ucf_experiments/ciclo_experimental_1/data/data_crop/train/OTVE3eLAuUM_0-b7fc3e1a05_0_flip_lr_crop.mp4,0
4567,/content/drive/MyDrive/ucf_experiments/ciclo_experimental_1/data/data_blur/train/OTVE3eLAuUM_1-3f4ce1a12a_0_flip_lr_blur.mp4,/content/drive/MyDrive/ucf_experiments/ciclo_experimental_1/data/data_crop/train/OTVE3eLAuUM_1-3f4ce1a12a_0_flip_lr_crop.mp4,0
4568,/content/drive/MyDrive/ucf_experiments/ciclo_experimental_1/data/data_blur/train/OTVE3eLAuUM_2-d602a91a4a_0_flip_lr_blur.mp4,/content/drive/MyDrive/ucf_experiments/ciclo_experimental_1/data/data_crop/train/OTVE3eLAuUM_2-d602a91a4a_0_flip_lr_crop.mp4,0
4569,/content/drive/MyDrive/ucf_experiments/ciclo_experimental_1/data/data_blur/train/OU7AM5fv_0-764dd1e801_0_flip_lr_blur.mp4,/content/drive/MyDrive/ucf_experiments/ciclo_experimental_1/data/data_crop/train/OU7AM5fv_0-764dd1e801_0_flip_lr_crop.mp4,0
4570,/content/drive/MyDrive/ucf_experiments/ciclo_experimental_1/data/data_blur/train/oUqxGhTe_0-ad4b3424b3_0_flip_lr_blur.mp4,/content/drive/MyDrive/ucf_experiments/ciclo_experimental_1/data/data_crop/train/oUqxGhTe_0-ad4b3424b3_0_flip_lr_crop.mp4,0
4571,/content/drive/MyDrive/ucf_experiments/ciclo_experimental_1/data/data_blur/train/oVMhWJIpHnc_0-0ed65b697d_0_flip_lr_blur.mp4,/content/drive/MyDrive/ucf_experiments/ciclo_experimental_1/data/data_crop/train/oVMhWJIpHnc_0-0ed65b697d_0_flip_lr_crop.mp4,0
4572,/content/drive/MyDrive/ucf_experiments/ciclo_experimental_1/data/data_blur/train/oVMhWJIpHnc_1-11eca97e4b_0_flip_lr_blur.mp4,/content/drive/MyDrive/ucf_experiments/ciclo_experimental_1/data/data_crop/train/oVMhWJIpHnc_1-11eca97e4b_0_flip_lr_crop.mp4,0
4573,/content/drive/MyDrive/ucf_experiments/ciclo_experimental_1/data/data_blur/train/oVMhWJIpHnc_2-156ea82d3e_0_flip_lr_blur.mp4,/content/drive/MyDrive/ucf_experiments/ciclo_experimental_1/data/data_crop/train/oVMhWJIpHnc_2-156ea82d3e_0_flip_lr_crop.mp4,0
4574,/content/drive/MyDrive/ucf_experiments/ciclo_experimental_1/data/data_blur/train/oW8ySS0rN4Y_0-5dc1b9bee1_0_flip_lr_blur.mp4,/content/drive/MyDrive/ucf_experiments/ciclo_experimental_1/data/data_crop/train/oW8ySS0rN4Y_0-5dc1b9bee1_0_flip_lr_crop.mp4,0
4575,/content/drive/MyDrive/ucf_experiments/ciclo_experimental_1/data/data_blur/train/oYFVr2kK_0-4e255c8915_0_flip_lr_blur.mp4,/content/drive/MyDrive/ucf_experiments/ciclo_experimental_1/data/data_crop/train/oYFVr2kK_0-4e255c8915_0_flip_lr_crop.mp4,0
4576,/content/drive/MyDrive/ucf_experiments/ciclo_experimental_1/data/data_blur/train/OznqyUJq_0-c400133708_0_flip_lr_blur.mp4,/content/drive/MyDrive/ucf_experiments/ciclo_experimental_1/data/data_crop/train/OznqyUJq_0-c400133708_0_flip_lr_crop.mp4,0
4577,/content/drive/MyDrive/ucf_experiments/ciclo_experimental_1/data/data_blur/train/p19HiyCX7EQ_0-cea34697c7_0_flip_lr_blur.mp4,/content/drive/MyDrive/ucf_experiments/ciclo_experimental_1/data/data_crop/train/p19HiyCX7EQ_0-cea34697c7_0_flip_lr_crop.mp4,0
4578,/content/drive/MyDrive/ucf_experiments/ciclo_experimental_1/data/data_blur/train/P8jyDT3M_0-27e62d3028_0_flip_lr_blur.mp4,/content/drive/MyDrive/ucf_experiments/ciclo_experimental_1/data/data_crop/train/P8jyDT3M_0-27e62d3028_0_flip_lr_crop.mp4,0
4579,/content/drive/MyDrive/ucf_experiments/ciclo_experimental_1/data/data_blur/train/p9d6QmKh_0-d46d6e25eb_0_flip_lr_blur.mp4,/content/drive/MyDrive/ucf_experiments/ciclo_experimental_1/data/data_crop/train/p9d6QmKh_0-d46d6e25eb_0_flip_lr_crop.mp4,0
4580,/content/drive/MyDrive/ucf_experiments/ciclo_experimental_1/data/data_blur/train/Pe1uIhp4dAQ_0-1cbfd11998_0_flip_lr_blur.mp4,/content/drive/MyDrive/ucf_experiments/ciclo_experimental_1/data/data_crop/train/Pe1uIhp4dAQ_0-1cbfd11998_0_flip_lr_crop.mp4,0
4581,/content/drive/MyDrive/ucf_experiments/ciclo_experimental_1/data/data_blur/train/Pe1uIhp4dAQ_1-0f5b5fb19e_0_flip_lr_blur.mp4,/content/drive/MyDrive/ucf_experiments/ciclo_experimental_1/data/data_crop/train/Pe1uIhp4dAQ_1-0f5b5fb19e_0_flip_lr_crop.mp4,0
4582,/content/drive/MyDrive/ucf_experiments/ciclo_experimental_1/data/data_blur/train/PFw7SeFOD04_0-f2be82766d_0_flip_lr_blur.mp4,/content/drive/MyDrive/ucf_experiments/ciclo_experimental_1/data/data_crop/train/PFw7SeFOD04_0-f2be82766d_0_flip_lr_crop.mp4,0
4583,/content/drive/MyDrive/ucf_experiments/ciclo_experimental_1/data/data_blur/train/PFw7SeFOD04_1-ec0e9ad3ee_0_flip_lr_blur.mp4,/content/drive/MyDrive/ucf_experiments/ciclo_experimental_1/data/data_crop/train/PFw7SeFOD04_1-ec0e9ad3ee_0_flip_lr_crop.mp4,0
4584,/content/drive/MyDrive/ucf_experiments/ciclo_experimental_1/data/data_blur/train/pHiqIppg_0-8a6c99b0e3_0_flip_lr_blur.mp4,/content/drive/MyDrive/ucf_experiments/ciclo_experimental_1/data/data_crop/train/pHiqIppg_0-8a6c99b0e3_0_flip_lr_crop.mp4,0
4585,/content/drive/MyDrive/ucf_experiments/ciclo_experimental_1/data/data_blur/train/pinuwjwm_0-6221c330bf_0_flip_lr_blur.mp4,/content/drive/MyDrive/ucf_experiments/ciclo_experimental_1/data/data_crop/train/pinuwjwm_0-6221c330bf_0_flip_lr_crop.mp4,0
4586,/content/drive/MyDrive/ucf_experiments/ciclo_experimental_1/data/data_blur/train/PJDdPv2b9-s_0-a7c818aed6_0_flip_lr_blur.mp4,/content/drive/MyDrive/ucf_experiments/ciclo_experimental_1/data/data_crop/train/PJDdPv2b9-s_0-a7c818aed6_0_flip_lr_crop.mp4,0
4587,/content/drive/MyDrive/ucf_experiments/ciclo_experimental_1/data/data_blur/train/PJDdPv2b9-s_1-e509a7f7e2_0_flip_lr_blur.mp4,/content/drive/MyDrive/ucf_experiments/ciclo_experimental_1/data/data_crop/train/PJDdPv2b9-s_1-e509a7f7e2_0_flip_lr_crop.mp4,0
4588,/content/drive/MyDrive/ucf_experiments/ciclo_experimental_1/data/data_blur/train/pKOUG5AqLpY_0-6499338c2f_0_flip_lr_blur.mp4,/content/drive/MyDrive/ucf_experiments/ciclo_experimental_1/data/data_crop/train/pKOUG5AqLpY_0-6499338c2f_0_flip_lr_crop.mp4,0
4589,/content/drive/MyDrive/ucf_experiments/ciclo_experimental_1/data/data_blur/train/pKOUG5AqLpY_1-7220678281_0_flip_lr_blur.mp4,/content/drive/MyDrive/ucf_experiments/ciclo_experimental_1/data/data_crop/train/pKOUG5AqLpY_1-7220678281_0_flip_lr_crop.mp4,0
4590,/content/drive/MyDrive/ucf_experiments/ciclo_experimental_1/data/data_blur/train/pLb6Zimq_0-666fe76152_0_flip_lr_blur.mp4,/content/drive/MyDrive/ucf_experiments/ciclo_experimental_1/data/data_crop/train/pLb6Zimq_0-666fe76152_0_flip_lr_crop.mp4,0
4591,/content/drive/MyDrive/ucf_experiments/ciclo_experimental_1/data/data_blur/train/PNoO9WGJ_0-b664ba914c_0_flip_lr_blur.mp4,/content/drive/MyDrive/ucf_experiments/ciclo_experimental_1/data/data_crop/train/PNoO9WGJ_0-b664ba914c_0_flip_lr_crop.mp4,0
4592,/content/drive/MyDrive/ucf_experiments/ciclo_experimental_1/data/data_blur/train/PqB7UvdW_0-fb4c264208_0_flip_lr_blur.mp4,/content/drive/MyDrive/ucf_experiments/ciclo_experimental_1/data/data_crop/train/PqB7UvdW_0-fb4c264208_0_flip_lr_crop.mp4,0
4593,/content/drive/MyDrive/ucf_experiments/ciclo_experimental_1/data/data_blur/train/pqvGKGz7_0-a8c6acac73_0_flip_lr_blur.mp4,/content/drive/MyDrive/ucf_experiments/ciclo_experimental_1/data/data_crop/train/pqvGKGz7_0-a8c6acac73_0_flip_lr_crop.mp4,0
4594,/content/drive/MyDrive/ucf_experiments/ciclo_experimental_1/data/data_blur/train/pr8yRPMO_0-4f8faa556f_0_flip_lr_blur.mp4,/content/drive/MyDrive/ucf_experiments/ciclo_experimental_1/data/data_crop/train/pr8yRPMO_0-4f8faa556f_0_flip_lr_crop.mp4,0
4595,/content/drive/MyDrive/ucf_experiments/ciclo_experimental_1/data/data_blur/train/PTy2vx8Ejas_0-f97f0a204c_0_flip_lr_blur.mp4,/content/drive/MyDrive/ucf_experiments/ciclo_experimental_1/data/data_crop/train/PTy2vx8Ejas_0-f97f0a204c_0_flip_lr_crop.mp4,0
4596,/content/drive/MyDrive/ucf_experiments/ciclo_experimental_1/data/data_blur/train/pU9BTy7h_0-4e74fa0dd1_0_flip_lr_blur.mp4,/content/drive/MyDrive/ucf_experiments/ciclo_experimental_1/data/data_crop/train/pU9BTy7h_0-4e74fa0dd1_0_flip_lr_crop.mp4,0
4597,/content/drive/MyDrive/ucf_experiments/ciclo_experimental_1/data/data_blur/train/PxhG17WC_0-2dc8f2c916_0_flip_lr_blur.mp4,/content/drive/MyDrive/ucf_experiments/ciclo_experimental_1/data/data_crop/train/PxhG17WC_0-2dc8f2c916_0_flip_lr_crop.mp4,0
4598,/content/drive/MyDrive/ucf_experiments/ciclo_experimental_1/data/data_blur/train/q2yEYFD5_0-901865f91d_0_flip_lr_blur.mp4,/content/drive/MyDrive/ucf_experiments/ciclo_experimental_1/data/data_crop/train/q2yEYFD5_0-901865f91d_0_flip_lr_crop.mp4,0
4599,/content/drive/MyDrive/ucf_experiments/ciclo_experimental_1/data/data_blur/train/q78eIX56_0-be3b2ac2ca_0_flip_lr_blur.mp4,/content/drive/MyDrive/ucf_experiments/ciclo_experimental_1/data/data_crop/train/q78eIX56_0-be3b2ac2ca_0_flip_lr_crop.mp4,0
4600,/content/drive/MyDrive/ucf_experiments/ciclo_experimental_1/data/data_blur/train/Q876qiBJYfA_0-18f9111670_0_flip_lr_blur.mp4,/content/drive/MyDrive/ucf_experiments/ciclo_experimental_1/data/data_crop/train/Q876qiBJYfA_0-18f9111670_0_flip_lr_crop.mp4,0
4601,/content/drive/MyDrive/ucf_experiments/ciclo_experimental_1/data/data_blur/train/Q876qiBJYfA_1-882e95f31a_0_flip_lr_blur.mp4,/content/drive/MyDrive/ucf_experiments/ciclo_experimental_1/data/data_crop/train/Q876qiBJYfA_1-882e95f31a_0_flip_lr_crop.mp4,0
4602,/content/drive/MyDrive/ucf_experiments/ciclo_experimental_1/data/data_blur/train/Q876qiBJYfA_2-0bc6a9d9f9_0_flip_lr_blur.mp4,/content/drive/MyDrive/ucf_experiments/ciclo_experimental_1/data/data_crop/train/Q876qiBJYfA_2-0bc6a9d9f9_0_flip_lr_crop.mp4,0
4603,/content/drive/MyDrive/ucf_experiments/ciclo_experimental_1/data/data_blur/train/QCgEbCBH_0-c7ad5d2d52_0_flip_lr_blur.mp4,/content/drive/MyDrive/ucf_experiments/ciclo_experimental_1/data/data_crop/train/QCgEbCBH_0-c7ad5d2d52_0_flip_lr_crop.mp4,0
4604,/content/drive/MyDrive/ucf_experiments/ciclo_experimental_1/data/data_blur/train/qEeRHumV_0-9d066dbd0b_0_flip_lr_blur.mp4,/content/drive/MyDrive/ucf_experiments/ciclo_experimental_1/data/data_crop/train/qEeRHumV_0-9d066dbd0b_0_flip_lr_crop.mp4,0
4605,/content/drive/MyDrive/ucf_experiments/ciclo_experimental_1/data/data_blur/train/qIRZ4SMf_0-b613262f0e_0_flip_lr_blur.mp4,/content/drive/MyDrive/ucf_experiments/ciclo_experimental_1/data/data_crop/train/qIRZ4SMf_0-b613262f0e_0_flip_lr_crop.mp4,0
4606,/content/drive/MyDrive/ucf_experiments/ciclo_experimental_1/data/data_blur/train/qmvilMkD57M_0-86cbf15444_0_flip_lr_blur.mp4,/content/drive/MyDrive/ucf_experiments/ciclo_experimental_1/data/data_crop/train/qmvilMkD57M_0-86cbf15444_0_flip_lr_crop.mp4,0
4607,/content/drive/MyDrive/ucf_experiments/ciclo_experimental_1/data/data_blur/train/qmvilMkD57M_1-5b5c7bba7a_0_flip_lr_blur.mp4,/content/drive/MyDrive/ucf_experiments/ciclo_experimental_1/data/data_crop/train/qmvilMkD57M_1-5b5c7bba7a_0_flip_lr_crop.mp4,0
4608,/content/drive/MyDrive/ucf_experiments/ciclo_experimental_1/data/data_blur/train/qnpure5G_0-bd4a753a08_0_flip_lr_blur.mp4,/content/drive/MyDrive/ucf_experiments/ciclo_experimental_1/data/data_crop/train/qnpure5G_0-bd4a753a08_0_flip_lr_crop.mp4,0
4609,/content/drive/MyDrive/ucf_experiments/ciclo_experimental_1/data/data_blur/train/Qqfn1urQ_0-d7a5f9c6ea_0_flip_lr_blur.mp4,/content/drive/MyDrive/ucf_experiments/ciclo_experimental_1/data/data_crop/train/Qqfn1urQ_0-d7a5f9c6ea_0_flip_lr_crop.mp4,0
4610,/content/drive/MyDrive/ucf_experiments/ciclo_experimental_1/data/data_blur/train/qrBAhb8K_0-585c30f44f_0_flip_lr_blur.mp4,/content/drive/MyDrive/ucf_experiments/ciclo_experimental_1/data/data_crop/train/qrBAhb8K_0-585c30f44f_0_flip_lr_crop.mp4,0
4611,/content/drive/MyDrive/ucf_experiments/ciclo_experimental_1/data/data_blur/train/qrWTk-2a13o_0-63dbd18775_0_flip_lr_blur.mp4,/content/drive/MyDrive/ucf_experiments/ciclo_experimental_1/data/data_crop/train/qrWTk-2a13o_0-63dbd18775_0_flip_lr_crop.mp4,0
4612,/content/drive/MyDrive/ucf_experiments/ciclo_experimental_1/data/data_blur/train/qrWTk-2a13o_1-d3a8801f34_0_flip_lr_blur.mp4,/content/drive/MyDrive/ucf_experiments/ciclo_experimental_1/data/data_crop/train/qrWTk-2a13o_1-d3a8801f34_0_flip_lr_crop.mp4,0
4613,/content/drive/MyDrive/ucf_experiments/ciclo_experimental_1/data/data_blur/train/qrWTk-2a13o_2-165612c1d4_0_flip_lr_blur.mp4,/content/drive/MyDrive/ucf_experiments/ciclo_experimental_1/data/data_crop/train/qrWTk-2a13o_2-165612c1d4_0_flip_lr_crop.mp4,0
4614,/content/drive/MyDrive/ucf_experiments/ciclo_experimental_1/data/data_blur/train/QUGT4a6qcJs_0-c021c06892_0_flip_lr_blur.mp4,/content/drive/MyDrive/ucf_experiments/ciclo_experimental_1/data/data_crop/train/QUGT4a6qcJs_0-c021c06892_0_flip_lr_crop.mp4,0
4615,/content/drive/MyDrive/ucf_experiments/ciclo_experimental_1/data/data_blur/train/QzNWGaQi_0-cfca34489f_0_flip_lr_blur.mp4,/content/drive/MyDrive/ucf_experiments/ciclo_experimental_1/data/data_crop/train/QzNWGaQi_0-cfca34489f_0_flip_lr_crop.mp4,0
4616,/content/drive/MyDrive/ucf_experiments/ciclo_experimental_1/data/data_blur/train/R1A_AxUKosk_0-80fc0c9c52_0_flip_lr_blur.mp4,/content/drive/MyDrive/ucf_experiments/ciclo_experimental_1/data/data_crop/train/R1A_AxUKosk_0-80fc0c9c52_0_flip_lr_crop.mp4,0
4617,/content/drive/MyDrive/ucf_experiments/ciclo_experimental_1/data/data_blur/train/R1A_AxUKosk_1-594143ab1a_0_flip_lr_blur.mp4,/content/drive/MyDrive/ucf_experiments/ciclo_experimental_1/data/data_crop/train/R1A_AxUKosk_1-594143ab1a_0_flip_lr_crop.mp4,0
4618,/content/drive/MyDrive/ucf_experiments/ciclo_experimental_1/data/data_blur/train/R2x2rOWh_0-5ebc2d1763_0_flip_lr_blur.mp4,/content/drive/MyDrive/ucf_experiments/ciclo_experimental_1/data/data_crop/train/R2x2rOWh_0-5ebc2d1763_0_flip_lr_crop.mp4,0
4619,/content/drive/MyDrive/ucf_experiments/ciclo_experimental_1/data/data_blur/train/r8PX3ZJ1_II_0-e1ca548273_0_flip_lr_blur.mp4,/content/drive/MyDrive/ucf_experiments/ciclo_experimental_1/data/data_crop/train/r8PX3ZJ1_II_0-e1ca548273_0_flip_lr_crop.mp4,0
4620,/content/drive/MyDrive/ucf_experiments/ciclo_experimental_1/data/data_blur/train/rbByyS4o_0-88ea758a77_0_flip_lr_blur.mp4,/content/drive/MyDrive/ucf_experiments/ciclo_experimental_1/data/data_crop/train/rbByyS4o_0-88ea758a77_0_flip_lr_crop.mp4,0
4621,/content/drive/MyDrive/ucf_experiments/ciclo_experimental_1/data/data_blur/train/RbpXgk5M1S0_0-f0665993d8_0_flip_lr_blur.mp4,/content/drive/MyDrive/ucf_experiments/ciclo_experimental_1/data/data_crop/train/RbpXgk5M1S0_0-f0665993d8_0_flip_lr_crop.mp4,0
4622,/content/drive/MyDrive/ucf_experiments/ciclo_experimental_1/data/data_blur/train/RbpXgk5M1S0_1-2a9312afae_0_flip_lr_blur.mp4,/content/drive/MyDrive/ucf_experiments/ciclo_experimental_1/data/data_crop/train/RbpXgk5M1S0_1-2a9312afae_0_flip_lr_crop.mp4,0
4623,/content/drive/MyDrive/ucf_experiments/ciclo_experimental_1/data/data_blur/train/RbpXgk5M1S0_2-e239b87eca_0_flip_lr_blur.mp4,/content/drive/MyDrive/ucf_experiments/ciclo_experimental_1/data/data_crop/train/RbpXgk5M1S0_2-e239b87eca_0_flip_lr_crop.mp4,0
4624,/content/drive/MyDrive/ucf_experiments/ciclo_experimental_1/data/data_blur/train/RFAA8QO7_0-8ff7818fe8_0_flip_lr_blur.mp4,/content/drive/MyDrive/ucf_experiments/ciclo_experimental_1/data/data_crop/train/RFAA8QO7_0-8ff7818fe8_0_flip_lr_crop.mp4,0
4625,/content/drive/MyDrive/ucf_experiments/ciclo_experimental_1/data/data_blur/train/RfFGwwhG_0-56b330d7b1_0_flip_lr_blur.mp4,/content/drive/MyDrive/ucf_experiments/ciclo_experimental_1/data/data_crop/train/RfFGwwhG_0-56b330d7b1_0_flip_lr_crop.mp4,0
4626,/content/drive/MyDrive/ucf_experiments/ciclo_experimental_1/data/data_blur/train/RfqBhe5z_0-7dff0a1eb3_0_flip_lr_blur.mp4,/content/drive/MyDrive/ucf_experiments/ciclo_experimental_1/data/data_crop/train/RfqBhe5z_0-7dff0a1eb3_0_flip_lr_crop.mp4,0
4627,/content/drive/MyDrive/ucf_experiments/ciclo_experimental_1/data/data_blur/train/RFUr2krY_0-4492251577_0_flip_lr_blur.mp4,/content/drive/MyDrive/ucf_experiments/ciclo_experimental_1/data/data_crop/train/RFUr2krY_0-4492251577_0_flip_lr_crop.mp4,0
4628,/content/drive/MyDrive/ucf_experiments/ciclo_experimental_1/data/data_blur/train/RGIpCpdlzI8_0-bfd4ec51f9_0_flip_lr_blur.mp4,/content/drive/MyDrive/ucf_experiments/ciclo_experimental_1/data/data_crop/train/RGIpCpdlzI8_0-bfd4ec51f9_0_flip_lr_crop.mp4,0
4629,/content/drive/MyDrive/ucf_experiments/ciclo_experimental_1/data/data_blur/train/RGIpCpdlzI8_1-8bb0bcf407_0_flip_lr_blur.mp4,/content/drive/MyDrive/ucf_experiments/ciclo_experimental_1/data/data_crop/train/RGIpCpdlzI8_1-8bb0bcf407_0_flip_lr_crop.mp4,0
4630,/content/drive/MyDrive/ucf_experiments/ciclo_experimental_1/data/data_blur/train/Ri_poPbOu-k_0-838a6069a7_0_flip_lr_blur.mp4,/content/drive/MyDrive/ucf_experiments/ciclo_experimental_1/data/data_crop/train/Ri_poPbOu-k_0-838a6069a7_0_flip_lr_crop.mp4,0
4631,/content/drive/MyDrive/ucf_experiments/ciclo_experimental_1/data/data_blur/train/Ri_poPbOu-k_1-a3ff069e3c_0_flip_lr_blur.mp4,/content/drive/MyDrive/ucf_experiments/ciclo_experimental_1/data/data_crop/train/Ri_poPbOu-k_1-a3ff069e3c_0_flip_lr_crop.mp4,0
4632,/content/drive/MyDrive/ucf_experiments/ciclo_experimental_1/data/data_blur/train/Ri_poPbOu-k_2-cb8a7a0817_0_flip_lr_blur.mp4,/content/drive/MyDrive/ucf_experiments/ciclo_experimental_1/data/data_crop/train/Ri_poPbOu-k_2-cb8a7a0817_0_flip_lr_crop.mp4,0
4633,/content/drive/MyDrive/ucf_experiments/ciclo_experimental_1/data/data_blur/train/rjHXmq47_0-9f70d1782c_0_flip_lr_blur.mp4,/content/drive/MyDrive/ucf_experiments/ciclo_experimental_1/data/data_crop/train/rjHXmq47_0-9f70d1782c_0_flip_lr_crop.mp4,0
4634,/content/drive/MyDrive/ucf_experiments/ciclo_experimental_1/data/data_blur/train/RNOSWjgC_0-cad166db21_0_flip_lr_blur.mp4,/content/drive/MyDrive/ucf_experiments/ciclo_experimental_1/data/data_crop/train/RNOSWjgC_0-cad166db21_0_flip_lr_crop.mp4,0
4635,/content/drive/MyDrive/ucf_experiments/ciclo_experimental_1/data/data_blur/train/rp9hJAQE_0-ba53abf000_0_flip_lr_blur.mp4,/content/drive/MyDrive/ucf_experiments/ciclo_experimental_1/data/data_crop/train/rp9hJAQE_0-ba53abf000_0_flip_lr_crop.mp4,0
4636,/content/drive/MyDrive/ucf_experiments/ciclo_experimental_1/data/data_blur/train/RPESrVE2_0-58a80119f0_0_flip_lr_blur.mp4,/content/drive/MyDrive/ucf_experiments/ciclo_experimental_1/data/data_crop/train/RPESrVE2_0-58a80119f0_0_flip_lr_crop.mp4,0
4637,/content/drive/MyDrive/ucf_experiments/ciclo_experimental_1/data/data_blur/train/RQbYptdw_0-52f13c7303_0_flip_lr_blur.mp4,/content/drive/MyDrive/ucf_experiments/ciclo_experimental_1/data/data_crop/train/RQbYptdw_0-52f13c7303_0_flip_lr_crop.mp4,0
4638,/content/drive/MyDrive/ucf_experiments/ciclo_experimental_1/data/data_blur/train/RR23nrP0_0-ec64efaa64_0_flip_lr_blur.mp4,/content/drive/MyDrive/ucf_experiments/ciclo_experimental_1/data/data_crop/train/RR23nrP0_0-ec64efaa64_0_flip_lr_crop.mp4,0
4639,/content/drive/MyDrive/ucf_experiments/ciclo_experimental_1/data/data_blur/train/rRbZUKgk_0-e6859fa65d_0_flip_lr_blur.mp4,/content/drive/MyDrive/ucf_experiments/ciclo_experimental_1/data/data_crop/train/rRbZUKgk_0-e6859fa65d_0_flip_lr_crop.mp4,0
4640,/content/drive/MyDrive/ucf_experiments/ciclo_experimental_1/data/data_blur/train/rSGIFH7n_0-5508556609_0_flip_lr_blur.mp4,/content/drive/MyDrive/ucf_experiments/ciclo_experimental_1/data/data_crop/train/rSGIFH7n_0-5508556609_0_flip_lr_crop.mp4,0
4641,/content/drive/MyDrive/ucf_experiments/ciclo_experimental_1/data/data_blur/train/rSumd9HEmrA_0-bf5d3c1282_0_flip_lr_blur.mp4,/content/drive/MyDrive/ucf_experiments/ciclo_experimental_1/data/data_crop/train/rSumd9HEmrA_0-bf5d3c1282_0_flip_lr_crop.mp4,0
4642,/content/drive/MyDrive/ucf_experiments/ciclo_experimental_1/data/data_blur/train/RUwo8c4s_0-11bfc567e6_0_flip_lr_blur.mp4,/content/drive/MyDrive/ucf_experiments/ciclo_experimental_1/data/data_crop/train/RUwo8c4s_0-11bfc567e6_0_flip_lr_crop.mp4,0
4643,/content/drive/MyDrive/ucf_experiments/ciclo_experimental_1/data/data_blur/train/RVV3lolZ_0-134950683d_0_flip_lr_blur.mp4,/content/drive/MyDrive/ucf_experiments/ciclo_experimental_1/data/data_crop/train/RVV3lolZ_0-134950683d_0_flip_lr_crop.mp4,0
4644,/content/drive/MyDrive/ucf_experiments/ciclo_experimental_1/data/data_blur/train/rYE6iUUF_0-3162aad286_0_flip_lr_blur.mp4,/content/drive/MyDrive/ucf_experiments/ciclo_experimental_1/data/data_crop/train/rYE6iUUF_0-3162aad286_0_flip_lr_crop.mp4,0
4645,/content/drive/MyDrive/ucf_experiments/ciclo_experimental_1/data/data_blur/train/s-jW4cyavW0_0-e0fc7cd4a0_0_flip_lr_blur.mp4,/content/drive/MyDrive/ucf_experiments/ciclo_experimental_1/data/data_crop/train/s-jW4cyavW0_0-e0fc7cd4a0_0_flip_lr_crop.mp4,0
4646,/content/drive/MyDrive/ucf_experiments/ciclo_experimental_1/data/data_blur/train/s-jW4cyavW0_1-a4392b2a33_0_flip_lr_blur.mp4,/content/drive/MyDrive/ucf_experiments/ciclo_experimental_1/data/data_crop/train/s-jW4cyavW0_1-a4392b2a33_0_flip_lr_crop.mp4,0
4647,/content/drive/MyDrive/ucf_experiments/ciclo_experimental_1/data/data_blur/train/s2S2nIWk_0-9159f553fd_0_flip_lr_blur.mp4,/content/drive/MyDrive/ucf_experiments/ciclo_experimental_1/data/data_crop/train/s2S2nIWk_0-9159f553fd_0_flip_lr_crop.mp4,0
4648,/content/drive/MyDrive/ucf_experiments/ciclo_experimental_1/data/data_blur/train/S5dmvVF4_0-f5a892462b_0_flip_lr_blur.mp4,/content/drive/MyDrive/ucf_experiments/ciclo_experimental_1/data/data_crop/train/S5dmvVF4_0-f5a892462b_0_flip_lr_crop.mp4,0
4649,/content/drive/MyDrive/ucf_experiments/ciclo_experimental_1/data/data_blur/train/s83GiLts_0-a9ad71b61b_0_flip_lr_blur.mp4,/content/drive/MyDrive/ucf_experiments/ciclo_experimental_1/data/data_crop/train/s83GiLts_0-a9ad71b61b_0_flip_lr_crop.mp4,0
4650,/content/drive/MyDrive/ucf_experiments/ciclo_experimental_1/data/data_blur/train/SaIUKN4N_0-74d6af68e9_0_flip_lr_blur.mp4,/content/drive/MyDrive/ucf_experiments/ciclo_experimental_1/data/data_crop/train/SaIUKN4N_0-74d6af68e9_0_flip_lr_crop.mp4,0
4651,/content/drive/MyDrive/ucf_experiments/ciclo_experimental_1/data/data_blur/train/SCnBiAteLVI_0-44601a7c8d_0_flip_lr_blur.mp4,/content/drive/MyDrive/ucf_experiments/ciclo_experimental_1/data/data_crop/train/SCnBiAteLVI_0-44601a7c8d_0_flip_lr_crop.mp4,0
4652,/content/drive/MyDrive/ucf_experiments/ciclo_experimental_1/data/data_blur/train/SCnBiAteLVI_1-6662a5468f_0_flip_lr_blur.mp4,/content/drive/MyDrive/ucf_experiments/ciclo_experimental_1/data/data_crop/train/SCnBiAteLVI_1-6662a5468f_0_flip_lr_crop.mp4,0
4653,/content/drive/MyDrive/ucf_experiments/ciclo_experimental_1/data/data_blur/train/SCnBiAteLVI_2-20d6130388_0_flip_lr_blur.mp4,/content/drive/MyDrive/ucf_experiments/ciclo_experimental_1/data/data_crop/train/SCnBiAteLVI_2-20d6130388_0_flip_lr_crop.mp4,0
4654,/content/drive/MyDrive/ucf_experiments/ciclo_experimental_1/data/data_blur/train/sHa6YZW9_0-439bf2403a_0_flip_lr_blur.mp4,/content/drive/MyDrive/ucf_experiments/ciclo_experimental_1/data/data_crop/train/sHa6YZW9_0-439bf2403a_0_flip_lr_crop.mp4,0
4655,/content/drive/MyDrive/ucf_experiments/ciclo_experimental_1/data/data_blur/train/sIbVwIO0_0-52d2e9a3ca_0_flip_lr_blur.mp4,/content/drive/MyDrive/ucf_experiments/ciclo_experimental_1/data/data_crop/train/sIbVwIO0_0-52d2e9a3ca_0_flip_lr_crop.mp4,0
4656,/content/drive/MyDrive/ucf_experiments/ciclo_experimental_1/data/data_blur/train/SJ9WphBI_0-1daaee337d_0_flip_lr_blur.mp4,/content/drive/MyDrive/ucf_experiments/ciclo_experimental_1/data/data_crop/train/SJ9WphBI_0-1daaee337d_0_flip_lr_crop.mp4,0
4657,/content/drive/MyDrive/ucf_experiments/ciclo_experimental_1/data/data_blur/train/skycjZcE_0-407c657420_0_flip_lr_blur.mp4,/content/drive/MyDrive/ucf_experiments/ciclo_experimental_1/data/data_crop/train/skycjZcE_0-407c657420_0_flip_lr_crop.mp4,0
4658,/content/drive/MyDrive/ucf_experiments/ciclo_experimental_1/data/data_blur/train/sLOqgf6N_0-16d8cec7d7_0_flip_lr_blur.mp4,/content/drive/MyDrive/ucf_experiments/ciclo_experimental_1/data/data_crop/train/sLOqgf6N_0-16d8cec7d7_0_flip_lr_crop.mp4,0
4659,/content/drive/MyDrive/ucf_experiments/ciclo_experimental_1/data/data_blur/train/snhUvpXC_0-8a79d2e1eb_0_flip_lr_blur.mp4,/content/drive/MyDrive/ucf_experiments/ciclo_experimental_1/data/data_crop/train/snhUvpXC_0-8a79d2e1eb_0_flip_lr_crop.mp4,0
4660,/content/drive/MyDrive/ucf_experiments/ciclo_experimental_1/data/data_blur/train/sPd5Wmkc_0-df3ad94947_0_flip_lr_blur.mp4,/content/drive/MyDrive/ucf_experiments/ciclo_experimental_1/data/data_crop/train/sPd5Wmkc_0-df3ad94947_0_flip_lr_crop.mp4,0
4661,/content/drive/MyDrive/ucf_experiments/ciclo_experimental_1/data/data_blur/train/sq03O3JL_0-cdc38b7f9c_0_flip_lr_blur.mp4,/content/drive/MyDrive/ucf_experiments/ciclo_experimental_1/data/data_crop/train/sq03O3JL_0-cdc38b7f9c_0_flip_lr_crop.mp4,0
4662,/content/drive/MyDrive/ucf_experiments/ciclo_experimental_1/data/data_blur/train/Suv_mMs8J9g_0-0c7a335fad_0_flip_lr_blur.mp4,/content/drive/MyDrive/ucf_experiments/ciclo_experimental_1/data/data_crop/train/Suv_mMs8J9g_0-0c7a335fad_0_flip_lr_crop.mp4,0
4663,/content/drive/MyDrive/ucf_experiments/ciclo_experimental_1/data/data_blur/train/SVdz24hD_0-12ffc7935e_0_flip_lr_blur.mp4,/content/drive/MyDrive/ucf_experiments/ciclo_experimental_1/data/data_crop/train/SVdz24hD_0-12ffc7935e_0_flip_lr_crop.mp4,0
4664,/content/drive/MyDrive/ucf_experiments/ciclo_experimental_1/data/data_blur/train/Swr7caI0_0-b010097a69_0_flip_lr_blur.mp4,/content/drive/MyDrive/ucf_experiments/ciclo_experimental_1/data/data_crop/train/Swr7caI0_0-b010097a69_0_flip_lr_crop.mp4,0
4665,/content/drive/MyDrive/ucf_experiments/ciclo_experimental_1/data/data_blur/train/sy7BoRGE_0-fffed3d7d3_0_flip_lr_blur.mp4,/content/drive/MyDrive/ucf_experiments/ciclo_experimental_1/data/data_crop/train/sy7BoRGE_0-fffed3d7d3_0_flip_lr_crop.mp4,0
4666,/content/drive/MyDrive/ucf_experiments/ciclo_experimental_1/data/data_blur/train/sYGIUeBX_0-1308a0303c_0_flip_lr_blur.mp4,/content/drive/MyDrive/ucf_experiments/ciclo_experimental_1/data/data_crop/train/sYGIUeBX_0-1308a0303c_0_flip_lr_crop.mp4,0
4667,/content/drive/MyDrive/ucf_experiments/ciclo_experimental_1/data/data_blur/train/TfDHgxDm_0-c1ede0d683_0_flip_lr_blur.mp4,/content/drive/MyDrive/ucf_experiments/ciclo_experimental_1/data/data_crop/train/TfDHgxDm_0-c1ede0d683_0_flip_lr_crop.mp4,0
4668,/content/drive/MyDrive/ucf_experiments/ciclo_experimental_1/data/data_blur/train/tgkbh2d9_0-729eb49330_0_flip_lr_blur.mp4,/content/drive/MyDrive/ucf_experiments/ciclo_experimental_1/data/data_crop/train/tgkbh2d9_0-729eb49330_0_flip_lr_crop.mp4,0
4669,/content/drive/MyDrive/ucf_experiments/ciclo_experimental_1/data/data_blur/train/THqDidIr4Xs_0-fa46ff1759_0_flip_lr_blur.mp4,/content/drive/MyDrive/ucf_experiments/ciclo_experimental_1/data/data_crop/train/THqDidIr4Xs_0-fa46ff1759_0_flip_lr_crop.mp4,0
4670,/content/drive/MyDrive/ucf_experiments/ciclo_experimental_1/data/data_blur/train/THqDidIr4Xs_1-5f4e9f29c5_0_flip_lr_blur.mp4,/content/drive/MyDrive/ucf_experiments/ciclo_experimental_1/data/data_crop/train/THqDidIr4Xs_1-5f4e9f29c5_0_flip_lr_crop.mp4,0
4671,/content/drive/MyDrive/ucf_experiments/ciclo_experimental_1/data/data_blur/train/tIHY2ZFQ_0-5668c466f3_0_flip_lr_blur.mp4,/content/drive/MyDrive/ucf_experiments/ciclo_experimental_1/data/data_crop/train/tIHY2ZFQ_0-5668c466f3_0_flip_lr_crop.mp4,0
4672,/content/drive/MyDrive/ucf_experiments/ciclo_experimental_1/data/data_blur/train/tILABXoHE7s_0-5c176e61d9_0_flip_lr_blur.mp4,/content/drive/MyDrive/ucf_experiments/ciclo_experimental_1/data/data_crop/train/tILABXoHE7s_0-5c176e61d9_0_flip_lr_crop.mp4,0
4673,/content/drive/MyDrive/ucf_experiments/ciclo_experimental_1/data/data_blur/train/tILABXoHE7s_1-f380203c1f_0_flip_lr_blur.mp4,/content/drive/MyDrive/ucf_experiments/ciclo_experimental_1/data/data_crop/train/tILABXoHE7s_1-f380203c1f_0_flip_lr_crop.mp4,0
4674,/content/drive/MyDrive/ucf_experiments/ciclo_experimental_1/data/data_blur/train/tILABXoHE7s_2-0624a88051_0_flip_lr_blur.mp4,/content/drive/MyDrive/ucf_experiments/ciclo_experimental_1/data/data_crop/train/tILABXoHE7s_2-0624a88051_0_flip_lr_crop.mp4,0
4675,/content/drive/MyDrive/ucf_experiments/ciclo_experimental_1/data/data_blur/train/tIvvuvuJFYc_0-5cf4d4c575_0_flip_lr_blur.mp4,/content/drive/MyDrive/ucf_experiments/ciclo_experimental_1/data/data_crop/train/tIvvuvuJFYc_0-5cf4d4c575_0_flip_lr_crop.mp4,0
4676,/content/drive/MyDrive/ucf_experiments/ciclo_experimental_1/data/data_blur/train/TJfoIe801t8_0-c2939b55c4_0_flip_lr_blur.mp4,/content/drive/MyDrive/ucf_experiments/ciclo_experimental_1/data/data_crop/train/TJfoIe801t8_0-c2939b55c4_0_flip_lr_crop.mp4,0
4677,/content/drive/MyDrive/ucf_experiments/ciclo_experimental_1/data/data_blur/train/tmm7AxKl_0-132147e2a3_0_flip_lr_blur.mp4,/content/drive/MyDrive/ucf_experiments/ciclo_experimental_1/data/data_crop/train/tmm7AxKl_0-132147e2a3_0_flip_lr_crop.mp4,0
4678,/content/drive/MyDrive/ucf_experiments/ciclo_experimental_1/data/data_blur/train/tPpXT9VI_0-1d588fa752_0_flip_lr_blur.mp4,/content/drive/MyDrive/ucf_experiments/ciclo_experimental_1/data/data_crop/train/tPpXT9VI_0-1d588fa752_0_flip_lr_crop.mp4,0
4679,/content/drive/MyDrive/ucf_experiments/ciclo_experimental_1/data/data_blur/train/TSHiCcMS_0-d2671fc890_0_flip_lr_blur.mp4,/content/drive/MyDrive/ucf_experiments/ciclo_experimental_1/data/data_crop/train/TSHiCcMS_0-d2671fc890_0_flip_lr_crop.mp4,0
4680,/content/drive/MyDrive/ucf_experiments/ciclo_experimental_1/data/data_blur/train/TuWan04E3gQ_0-4114241f2f_0_flip_lr_blur.mp4,/content/drive/MyDrive/ucf_experiments/ciclo_experimental_1/data/data_crop/train/TuWan04E3gQ_0-4114241f2f_0_flip_lr_crop.mp4,0
4681,/content/drive/MyDrive/ucf_experiments/ciclo_experimental_1/data/data_blur/train/TuWan04E3gQ_1-f98c2ffd0a_0_flip_lr_blur.mp4,/content/drive/MyDrive/ucf_experiments/ciclo_experimental_1/data/data_crop/train/TuWan04E3gQ_1-f98c2ffd0a_0_flip_lr_crop.mp4,0
4682,/content/drive/MyDrive/ucf_experiments/ciclo_experimental_1/data/data_blur/train/TX2ePcRo_0-930cf39e11_0_flip_lr_blur.mp4,/content/drive/MyDrive/ucf_experiments/ciclo_experimental_1/data/data_crop/train/TX2ePcRo_0-930cf39e11_0_flip_lr_crop.mp4,0
4683,/content/drive/MyDrive/ucf_experiments/ciclo_experimental_1/data/data_blur/train/tXk2yvmq_0-74fe4d7416_0_flip_lr_blur.mp4,/content/drive/MyDrive/ucf_experiments/ciclo_experimental_1/data/data_crop/train/tXk2yvmq_0-74fe4d7416_0_flip_lr_crop.mp4,0
4684,/content/drive/MyDrive/ucf_experiments/ciclo_experimental_1/data/data_blur/train/TYsebroPeGY_0-7ba7dd8ae1_0_flip_lr_blur.mp4,/content/drive/MyDrive/ucf_experiments/ciclo_experimental_1/data/data_crop/train/TYsebroPeGY_0-7ba7dd8ae1_0_flip_lr_crop.mp4,0
4685,/content/drive/MyDrive/ucf_experiments/ciclo_experimental_1/data/data_blur/train/TYsebroPeGY_1-59794009a6_0_flip_lr_blur.mp4,/content/drive/MyDrive/ucf_experiments/ciclo_experimental_1/data/data_crop/train/TYsebroPeGY_1-59794009a6_0_flip_lr_crop.mp4,0
4686,/content/drive/MyDrive/ucf_experiments/ciclo_experimental_1/data/data_blur/train/TYX5vuHO_0-937efa427d_0_flip_lr_blur.mp4,/content/drive/MyDrive/ucf_experiments/ciclo_experimental_1/data/data_crop/train/TYX5vuHO_0-937efa427d_0_flip_lr_crop.mp4,0
4687,/content/drive/MyDrive/ucf_experiments/ciclo_experimental_1/data/data_blur/train/tzdvtHL7Akk_0-09ec0be0b3_0_flip_lr_blur.mp4,/content/drive/MyDrive/ucf_experiments/ciclo_experimental_1/data/data_crop/train/tzdvtHL7Akk_0-09ec0be0b3_0_flip_lr_crop.mp4,0
4688,/content/drive/MyDrive/ucf_experiments/ciclo_experimental_1/data/data_blur/train/tzdvtHL7Akk_1-9d945ea510_0_flip_lr_blur.mp4,/content/drive/MyDrive/ucf_experiments/ciclo_experimental_1/data/data_crop/train/tzdvtHL7Akk_1-9d945ea510_0_flip_lr_crop.mp4,0
4689,/content/drive/MyDrive/ucf_experiments/ciclo_experimental_1/data/data_blur/train/Tzn3HwZD_0-38c05a4101_0_flip_lr_blur.mp4,/content/drive/MyDrive/ucf_experiments/ciclo_experimental_1/data/data_crop/train/Tzn3HwZD_0-38c05a4101_0_flip_lr_crop.mp4,0
4690,/content/drive/MyDrive/ucf_experiments/ciclo_experimental_1/data/data_blur/train/U1Z1bVRt_0-70d7d1baba_0_flip_lr_blur.mp4,/content/drive/MyDrive/ucf_experiments/ciclo_experimental_1/data/data_crop/train/U1Z1bVRt_0-70d7d1baba_0_flip_lr_crop.mp4,0
4691,/content/drive/MyDrive/ucf_experiments/ciclo_experimental_1/data/data_blur/train/uAKRFGFR_0-91d2922cd9_0_flip_lr_blur.mp4,/content/drive/MyDrive/ucf_experiments/ciclo_experimental_1/data/data_crop/train/uAKRFGFR_0-91d2922cd9_0_flip_lr_crop.mp4,0
4692,/content/drive/MyDrive/ucf_experiments/ciclo_experimental_1/data/data_blur/train/UArjSm2Y_0-bed7562337_0_flip_lr_blur.mp4,/content/drive/MyDrive/ucf_experiments/ciclo_experimental_1/data/data_crop/train/UArjSm2Y_0-bed7562337_0_flip_lr_crop.mp4,0
4693,/content/drive/MyDrive/ucf_experiments/ciclo_experimental_1/data/data_blur/train/uEzFjs3X_0-8bd61431cd_0_flip_lr_blur.mp4,/content/drive/MyDrive/ucf_experiments/ciclo_experimental_1/data/data_crop/train/uEzFjs3X_0-8bd61431cd_0_flip_lr_crop.mp4,0
4694,/content/drive/MyDrive/ucf_experiments/ciclo_experimental_1/data/data_blur/train/UFA7LVk0_0-44d4898377_0_flip_lr_blur.mp4,/content/drive/MyDrive/ucf_experiments/ciclo_experimental_1/data/data_crop/train/UFA7LVk0_0-44d4898377_0_flip_lr_crop.mp4,0
4695,/content/drive/MyDrive/ucf_experiments/ciclo_experimental_1/data/data_blur/train/ug2tQMG8DC0_0-74ec61996e_0_flip_lr_blur.mp4,/content/drive/MyDrive/ucf_experiments/ciclo_experimental_1/data/data_crop/train/ug2tQMG8DC0_0-74ec61996e_0_flip_lr_crop.mp4,0
4696,/content/drive/MyDrive/ucf_experiments/ciclo_experimental_1/data/data_blur/train/uhTalZ00_0-ebe27363a2_0_flip_lr_blur.mp4,/content/drive/MyDrive/ucf_experiments/ciclo_experimental_1/data/data_crop/train/uhTalZ00_0-ebe27363a2_0_flip_lr_crop.mp4,0
4697,/content/drive/MyDrive/ucf_experiments/ciclo_experimental_1/data/data_blur/train/UIAGmwT1_0-35d933aeae_0_flip_lr_blur.mp4,/content/drive/MyDrive/ucf_experiments/ciclo_experimental_1/data/data_crop/train/UIAGmwT1_0-35d933aeae_0_flip_lr_crop.mp4,0
4698,/content/drive/MyDrive/ucf_experiments/ciclo_experimental_1/data/data_blur/train/UIsigi4O-sI_0-5ae4bdf656_0_flip_lr_blur.mp4,/content/drive/MyDrive/ucf_experiments/ciclo_experimental_1/data/data_crop/train/UIsigi4O-sI_0-5ae4bdf656_0_flip_lr_crop.mp4,0
4699,/content/drive/MyDrive/ucf_experiments/ciclo_experimental_1/data/data_blur/train/UIsigi4O-sI_1-0a7734331f_0_flip_lr_blur.mp4,/content/drive/MyDrive/ucf_experiments/ciclo_experimental_1/data/data_crop/train/UIsigi4O-sI_1-0a7734331f_0_flip_lr_crop.mp4,0
4700,/content/drive/MyDrive/ucf_experiments/ciclo_experimental_1/data/data_blur/train/uLGOlxvv_0-b66caaee85_0_flip_lr_blur.mp4,/content/drive/MyDrive/ucf_experiments/ciclo_experimental_1/data/data_crop/train/uLGOlxvv_0-b66caaee85_0_flip_lr_crop.mp4,0
4701,/content/drive/MyDrive/ucf_experiments/ciclo_experimental_1/data/data_blur/train/ULiIpQ6s_0-f0ef5fe3aa_0_flip_lr_blur.mp4,/content/drive/MyDrive/ucf_experiments/ciclo_experimental_1/data/data_crop/train/ULiIpQ6s_0-f0ef5fe3aa_0_flip_lr_crop.mp4,0
4702,/content/drive/MyDrive/ucf_experiments/ciclo_experimental_1/data/data_blur/train/umOs1WLBkuo_0-437d817f26_0_flip_lr_blur.mp4,/content/drive/MyDrive/ucf_experiments/ciclo_experimental_1/data/data_crop/train/umOs1WLBkuo_0-437d817f26_0_flip_lr_crop.mp4,0
4703,/content/drive/MyDrive/ucf_experiments/ciclo_experimental_1/data/data_blur/train/umOs1WLBkuo_1-6cda14ebb6_0_flip_lr_blur.mp4,/content/drive/MyDrive/ucf_experiments/ciclo_experimental_1/data/data_crop/train/umOs1WLBkuo_1-6cda14ebb6_0_flip_lr_crop.mp4,0
4704,/content/drive/MyDrive/ucf_experiments/ciclo_experimental_1/data/data_blur/train/umOs1WLBkuo_2-dbb7189fc2_0_flip_lr_blur.mp4,/content/drive/MyDrive/ucf_experiments/ciclo_experimental_1/data/data_crop/train/umOs1WLBkuo_2-dbb7189fc2_0_flip_lr_crop.mp4,0
4705,/content/drive/MyDrive/ucf_experiments/ciclo_experimental_1/data/data_blur/train/uNtsEcFR_0-2e929fbf46_0_flip_lr_blur.mp4,/content/drive/MyDrive/ucf_experiments/ciclo_experimental_1/data/data_crop/train/uNtsEcFR_0-2e929fbf46_0_flip_lr_crop.mp4,0
4706,/content/drive/MyDrive/ucf_experiments/ciclo_experimental_1/data/data_blur/train/UQ42UqFJ_0-139f157dce_0_flip_lr_blur.mp4,/content/drive/MyDrive/ucf_experiments/ciclo_experimental_1/data/data_crop/train/UQ42UqFJ_0-139f157dce_0_flip_lr_crop.mp4,0
4707,/content/drive/MyDrive/ucf_experiments/ciclo_experimental_1/data/data_blur/train/uu3SB2L1_0-5b72731317_0_flip_lr_blur.mp4,/content/drive/MyDrive/ucf_experiments/ciclo_experimental_1/data/data_crop/train/uu3SB2L1_0-5b72731317_0_flip_lr_crop.mp4,0
4708,/content/drive/MyDrive/ucf_experiments/ciclo_experimental_1/data/data_blur/train/UuMYxOYm_0-af0e357004_0_flip_lr_blur.mp4,/content/drive/MyDrive/ucf_experiments/ciclo_experimental_1/data/data_crop/train/UuMYxOYm_0-af0e357004_0_flip_lr_crop.mp4,0
4709,/content/drive/MyDrive/ucf_experiments/ciclo_experimental_1/data/data_blur/train/UvLAudRA91Y_0-06045336e2_0_flip_lr_blur.mp4,/content/drive/MyDrive/ucf_experiments/ciclo_experimental_1/data/data_crop/train/UvLAudRA91Y_0-06045336e2_0_flip_lr_crop.mp4,0
4710,/content/drive/MyDrive/ucf_experiments/ciclo_experimental_1/data/data_blur/train/UvLAudRA91Y_1-ca64bb4e49_0_flip_lr_blur.mp4,/content/drive/MyDrive/ucf_experiments/ciclo_experimental_1/data/data_crop/train/UvLAudRA91Y_1-ca64bb4e49_0_flip_lr_crop.mp4,0
4711,/content/drive/MyDrive/ucf_experiments/ciclo_experimental_1/data/data_blur/train/UvLAudRA91Y_2-b5084343df_0_flip_lr_blur.mp4,/content/drive/MyDrive/ucf_experiments/ciclo_experimental_1/data/data_crop/train/UvLAudRA91Y_2-b5084343df_0_flip_lr_crop.mp4,0
4712,/content/drive/MyDrive/ucf_experiments/ciclo_experimental_1/data/data_blur/train/uWH7kvNG_0-6a722f3b28_0_flip_lr_blur.mp4,/content/drive/MyDrive/ucf_experiments/ciclo_experimental_1/data/data_crop/train/uWH7kvNG_0-6a722f3b28_0_flip_lr_crop.mp4,0
4713,/content/drive/MyDrive/ucf_experiments/ciclo_experimental_1/data/data_blur/train/UWmcbEyn_0-f9fe2ce217_0_flip_lr_blur.mp4,/content/drive/MyDrive/ucf_experiments/ciclo_experimental_1/data/data_crop/train/UWmcbEyn_0-f9fe2ce217_0_flip_lr_crop.mp4,0
4714,/content/drive/MyDrive/ucf_experiments/ciclo_experimental_1/data/data_blur/train/uWQG2hQT_0-5618ffa258_0_flip_lr_blur.mp4,/content/drive/MyDrive/ucf_experiments/ciclo_experimental_1/data/data_crop/train/uWQG2hQT_0-5618ffa258_0_flip_lr_crop.mp4,0
4715,/content/drive/MyDrive/ucf_experiments/ciclo_experimental_1/data/data_blur/train/uXf4C-YwbtM_0-b8e065899f_0_flip_lr_blur.mp4,/content/drive/MyDrive/ucf_experiments/ciclo_experimental_1/data/data_crop/train/uXf4C-YwbtM_0-b8e065899f_0_flip_lr_crop.mp4,0
4716,/content/drive/MyDrive/ucf_experiments/ciclo_experimental_1/data/data_blur/train/uXf4C-YwbtM_1-12bc33aa80_0_flip_lr_blur.mp4,/content/drive/MyDrive/ucf_experiments/ciclo_experimental_1/data/data_crop/train/uXf4C-YwbtM_1-12bc33aa80_0_flip_lr_crop.mp4,0
4717,/content/drive/MyDrive/ucf_experiments/ciclo_experimental_1/data/data_blur/train/uyeWsodv_0-ebe7d3b2d6_0_flip_lr_blur.mp4,/content/drive/MyDrive/ucf_experiments/ciclo_experimental_1/data/data_crop/train/uyeWsodv_0-ebe7d3b2d6_0_flip_lr_crop.mp4,0
4718,/content/drive/MyDrive/ucf_experiments/ciclo_experimental_1/data/data_blur/train/uz4dXoN5_0-2ad765bab2_0_flip_lr_blur.mp4,/content/drive/MyDrive/ucf_experiments/ciclo_experimental_1/data/data_crop/train/uz4dXoN5_0-2ad765bab2_0_flip_lr_crop.mp4,0
4719,/content/drive/MyDrive/ucf_experiments/ciclo_experimental_1/data/data_blur/train/v0wUQPs4_0-2946f36991_0_flip_lr_blur.mp4,/content/drive/MyDrive/ucf_experiments/ciclo_experimental_1/data/data_crop/train/v0wUQPs4_0-2946f36991_0_flip_lr_crop.mp4,0
4720,/content/drive/MyDrive/ucf_experiments/ciclo_experimental_1/data/data_blur/train/V3EI1n_7JwU_0-4ab61ce4ba_0_flip_lr_blur.mp4,/content/drive/MyDrive/ucf_experiments/ciclo_experimental_1/data/data_crop/train/V3EI1n_7JwU_0-4ab61ce4ba_0_flip_lr_crop.mp4,0
4721,/content/drive/MyDrive/ucf_experiments/ciclo_experimental_1/data/data_blur/train/V726w0IKCp4_0-6d518de86a_0_flip_lr_blur.mp4,/content/drive/MyDrive/ucf_experiments/ciclo_experimental_1/data/data_crop/train/V726w0IKCp4_0-6d518de86a_0_flip_lr_crop.mp4,0
4722,/content/drive/MyDrive/ucf_experiments/ciclo_experimental_1/data/data_blur/train/V89iCOJ1_0-d23e46cd03_0_flip_lr_blur.mp4,/content/drive/MyDrive/ucf_experiments/ciclo_experimental_1/data/data_crop/train/V89iCOJ1_0-d23e46cd03_0_flip_lr_crop.mp4,0
4723,/content/drive/MyDrive/ucf_experiments/ciclo_experimental_1/data/data_blur/train/v8cACThQ_0-ab1f37676d_0_flip_lr_blur.mp4,/content/drive/MyDrive/ucf_experiments/ciclo_experimental_1/data/data_crop/train/v8cACThQ_0-ab1f37676d_0_flip_lr_crop.mp4,0
4724,/content/drive/MyDrive/ucf_experiments/ciclo_experimental_1/data/data_blur/train/vBwKQfJYG1Q_0-9daf26227e_0_flip_lr_blur.mp4,/content/drive/MyDrive/ucf_experiments/ciclo_experimental_1/data/data_crop/train/vBwKQfJYG1Q_0-9daf26227e_0_flip_lr_crop.mp4,0
4725,/content/drive/MyDrive/ucf_experiments/ciclo_experimental_1/data/data_blur/train/vBwKQfJYG1Q_1-6ebdb6abbe_0_flip_lr_blur.mp4,/content/drive/MyDrive/ucf_experiments/ciclo_experimental_1/data/data_crop/train/vBwKQfJYG1Q_1-6ebdb6abbe_0_flip_lr_crop.mp4,0
4726,/content/drive/MyDrive/ucf_experiments/ciclo_experimental_1/data/data_blur/train/VbwTMJroTbI_0-4a805729b1_0_flip_lr_blur.mp4,/content/drive/MyDrive/ucf_experiments/ciclo_experimental_1/data/data_crop/train/VbwTMJroTbI_0-4a805729b1_0_flip_lr_crop.mp4,0
4727,/content/drive/MyDrive/ucf_experiments/ciclo_experimental_1/data/data_blur/train/VbwTMJroTbI_1-b430abc387_0_flip_lr_blur.mp4,/content/drive/MyDrive/ucf_experiments/ciclo_experimental_1/data/data_crop/train/VbwTMJroTbI_1-b430abc387_0_flip_lr_crop.mp4,0
4728,/content/drive/MyDrive/ucf_experiments/ciclo_experimental_1/data/data_blur/train/vCO6CZNt_0-647c262735_0_flip_lr_blur.mp4,/content/drive/MyDrive/ucf_experiments/ciclo_experimental_1/data/data_crop/train/vCO6CZNt_0-647c262735_0_flip_lr_crop.mp4,0
4729,/content/drive/MyDrive/ucf_experiments/ciclo_experimental_1/data/data_blur/train/Vd27cYFthms_0-f83fbf2711_0_flip_lr_blur.mp4,/content/drive/MyDrive/ucf_experiments/ciclo_experimental_1/data/data_crop/train/Vd27cYFthms_0-f83fbf2711_0_flip_lr_crop.mp4,0
4730,/content/drive/MyDrive/ucf_experiments/ciclo_experimental_1/data/data_blur/train/vGCZpdPR_0-b4ff59b30e_0_flip_lr_blur.mp4,/content/drive/MyDrive/ucf_experiments/ciclo_experimental_1/data/data_crop/train/vGCZpdPR_0-b4ff59b30e_0_flip_lr_crop.mp4,0
4731,/content/drive/MyDrive/ucf_experiments/ciclo_experimental_1/data/data_blur/train/vJDAaUzYOi8_0-f82cb4ae2a_0_flip_lr_blur.mp4,/content/drive/MyDrive/ucf_experiments/ciclo_experimental_1/data/data_crop/train/vJDAaUzYOi8_0-f82cb4ae2a_0_flip_lr_crop.mp4,0
4732,/content/drive/MyDrive/ucf_experiments/ciclo_experimental_1/data/data_blur/train/vJDAaUzYOi8_1-b2676fddab_0_flip_lr_blur.mp4,/content/drive/MyDrive/ucf_experiments/ciclo_experimental_1/data/data_crop/train/vJDAaUzYOi8_1-b2676fddab_0_flip_lr_crop.mp4,0
4733,/content/drive/MyDrive/ucf_experiments/ciclo_experimental_1/data/data_blur/train/VjDGXzWt_0-516162245d_0_flip_lr_blur.mp4,/content/drive/MyDrive/ucf_experiments/ciclo_experimental_1/data/data_crop/train/VjDGXzWt_0-516162245d_0_flip_lr_crop.mp4,0
4734,/content/drive/MyDrive/ucf_experiments/ciclo_experimental_1/data/data_blur/train/VnDOPZls_0-328e38ef1d_0_flip_lr_blur.mp4,/content/drive/MyDrive/ucf_experiments/ciclo_experimental_1/data/data_crop/train/VnDOPZls_0-328e38ef1d_0_flip_lr_crop.mp4,0
4735,/content/drive/MyDrive/ucf_experiments/ciclo_experimental_1/data/data_blur/train/vnUS5WN7_0-0cc551e8fa_0_flip_lr_blur.mp4,/content/drive/MyDrive/ucf_experiments/ciclo_experimental_1/data/data_crop/train/vnUS5WN7_0-0cc551e8fa_0_flip_lr_crop.mp4,0
4736,/content/drive/MyDrive/ucf_experiments/ciclo_experimental_1/data/data_blur/train/VpnCjE1l_0-982dca94ba_0_flip_lr_blur.mp4,/content/drive/MyDrive/ucf_experiments/ciclo_experimental_1/data/data_crop/train/VpnCjE1l_0-982dca94ba_0_flip_lr_crop.mp4,0
4737,/content/drive/MyDrive/ucf_experiments/ciclo_experimental_1/data/data_blur/train/vQKHxtrdEHM_0-1465ab0ec4_0_flip_lr_blur.mp4,/content/drive/MyDrive/ucf_experiments/ciclo_experimental_1/data/data_crop/train/vQKHxtrdEHM_0-1465ab0ec4_0_flip_lr_crop.mp4,0
4738,/content/drive/MyDrive/ucf_experiments/ciclo_experimental_1/data/data_blur/train/vQKHxtrdEHM_1-956406e11b_0_flip_lr_blur.mp4,/content/drive/MyDrive/ucf_experiments/ciclo_experimental_1/data/data_crop/train/vQKHxtrdEHM_1-956406e11b_0_flip_lr_crop.mp4,0
4739,/content/drive/MyDrive/ucf_experiments/ciclo_experimental_1/data/data_blur/train/vu6lIsQm_0-0baa997453_0_flip_lr_blur.mp4,/content/drive/MyDrive/ucf_experiments/ciclo_experimental_1/data/data_crop/train/vu6lIsQm_0-0baa997453_0_flip_lr_crop.mp4,0
4740,/content/drive/MyDrive/ucf_experiments/ciclo_experimental_1/data/data_blur/train/vwQvNOlX_0-d5f90d8e65_0_flip_lr_blur.mp4,/content/drive/MyDrive/ucf_experiments/ciclo_experimental_1/data/data_crop/train/vwQvNOlX_0-d5f90d8e65_0_flip_lr_crop.mp4,0
4741,/content/drive/MyDrive/ucf_experiments/ciclo_experimental_1/data/data_blur/train/VXLdrn0b_0-089339362a_0_flip_lr_blur.mp4,/content/drive/MyDrive/ucf_experiments/ciclo_experimental_1/data/data_crop/train/VXLdrn0b_0-089339362a_0_flip_lr_crop.mp4,0
4742,/content/drive/MyDrive/ucf_experiments/ciclo_experimental_1/data/data_blur/train/vXvv1gqd_0-4b63180df0_0_flip_lr_blur.mp4,/content/drive/MyDrive/ucf_experiments/ciclo_experimental_1/data/data_crop/train/vXvv1gqd_0-4b63180df0_0_flip_lr_crop.mp4,0
4743,/content/drive/MyDrive/ucf_experiments/ciclo_experimental_1/data/data_blur/train/VYWWsld6ibI_0-8d28bf4fc7_0_flip_lr_blur.mp4,/content/drive/MyDrive/ucf_experiments/ciclo_experimental_1/data/data_crop/train/VYWWsld6ibI_0-8d28bf4fc7_0_flip_lr_crop.mp4,0
4744,/content/drive/MyDrive/ucf_experiments/ciclo_experimental_1/data/data_blur/train/Wby1vUy8aYI_0-560e4b9e71_0_flip_lr_blur.mp4,/content/drive/MyDrive/ucf_experiments/ciclo_experimental_1/data/data_crop/train/Wby1vUy8aYI_0-560e4b9e71_0_flip_lr_crop.mp4,0
4745,/content/drive/MyDrive/ucf_experiments/ciclo_experimental_1/data/data_blur/train/WCbsjDUV_0-472479956b_0_flip_lr_blur.mp4,/content/drive/MyDrive/ucf_experiments/ciclo_experimental_1/data/data_crop/train/WCbsjDUV_0-472479956b_0_flip_lr_crop.mp4,0
4746,/content/drive/MyDrive/ucf_experiments/ciclo_experimental_1/data/data_blur/train/WCHYnPMG_0-e2d1599369_0_flip_lr_blur.mp4,/content/drive/MyDrive/ucf_experiments/ciclo_experimental_1/data/data_crop/train/WCHYnPMG_0-e2d1599369_0_flip_lr_crop.mp4,0
4747,/content/drive/MyDrive/ucf_experiments/ciclo_experimental_1/data/data_blur/train/WfjOB1Vq_0-cb965960eb_0_flip_lr_blur.mp4,/content/drive/MyDrive/ucf_experiments/ciclo_experimental_1/data/data_crop/train/WfjOB1Vq_0-cb965960eb_0_flip_lr_crop.mp4,0
4748,/content/drive/MyDrive/ucf_experiments/ciclo_experimental_1/data/data_blur/train/wgdTpJTo_0-b0a5d9645c_0_flip_lr_blur.mp4,/content/drive/MyDrive/ucf_experiments/ciclo_experimental_1/data/data_crop/train/wgdTpJTo_0-b0a5d9645c_0_flip_lr_crop.mp4,0
4749,/content/drive/MyDrive/ucf_experiments/ciclo_experimental_1/data/data_blur/train/WHNtrI7MEUg_0-b6bbdc2ab6_0_flip_lr_blur.mp4,/content/drive/MyDrive/ucf_experiments/ciclo_experimental_1/data/data_crop/train/WHNtrI7MEUg_0-b6bbdc2ab6_0_flip_lr_crop.mp4,0
4750,/content/drive/MyDrive/ucf_experiments/ciclo_experimental_1/data/data_blur/train/WHNtrI7MEUg_1-52064509a1_0_flip_lr_blur.mp4,/content/drive/MyDrive/ucf_experiments/ciclo_experimental_1/data/data_crop/train/WHNtrI7MEUg_1-52064509a1_0_flip_lr_crop.mp4,0
4751,/content/drive/MyDrive/ucf_experiments/ciclo_experimental_1/data/data_blur/train/wk5WCCti_0-abba523b8f_0_flip_lr_blur.mp4,/content/drive/MyDrive/ucf_experiments/ciclo_experimental_1/data/data_crop/train/wk5WCCti_0-abba523b8f_0_flip_lr_crop.mp4,0
4752,/content/drive/MyDrive/ucf_experiments/ciclo_experimental_1/data/data_blur/train/wKMXI2vp_0-f3df734a97_0_flip_lr_blur.mp4,/content/drive/MyDrive/ucf_experiments/ciclo_experimental_1/data/data_crop/train/wKMXI2vp_0-f3df734a97_0_flip_lr_crop.mp4,0
4753,/content/drive/MyDrive/ucf_experiments/ciclo_experimental_1/data/data_blur/train/wMgaVgMG_0-9df96382a1_0_flip_lr_blur.mp4,/content/drive/MyDrive/ucf_experiments/ciclo_experimental_1/data/data_crop/train/wMgaVgMG_0-9df96382a1_0_flip_lr_crop.mp4,0
4754,/content/drive/MyDrive/ucf_experiments/ciclo_experimental_1/data/data_blur/train/wNTaSOXj_0-88418ccb7b_0_flip_lr_blur.mp4,/content/drive/MyDrive/ucf_experiments/ciclo_experimental_1/data/data_crop/train/wNTaSOXj_0-88418ccb7b_0_flip_lr_crop.mp4,0
4755,/content/drive/MyDrive/ucf_experiments/ciclo_experimental_1/data/data_blur/train/WPK4WLlc_0-141da7cc3b_0_flip_lr_blur.mp4,/content/drive/MyDrive/ucf_experiments/ciclo_experimental_1/data/data_crop/train/WPK4WLlc_0-141da7cc3b_0_flip_lr_crop.mp4,0
4756,/content/drive/MyDrive/ucf_experiments/ciclo_experimental_1/data/data_blur/train/WW8zIoiZ_0-11eb58a146_0_flip_lr_blur.mp4,/content/drive/MyDrive/ucf_experiments/ciclo_experimental_1/data/data_crop/train/WW8zIoiZ_0-11eb58a146_0_flip_lr_crop.mp4,0
4757,/content/drive/MyDrive/ucf_experiments/ciclo_experimental_1/data/data_blur/train/ww9L6ULb_0-3630db9d65_0_flip_lr_blur.mp4,/content/drive/MyDrive/ucf_experiments/ciclo_experimental_1/data/data_crop/train/ww9L6ULb_0-3630db9d65_0_flip_lr_crop.mp4,0
4758,/content/drive/MyDrive/ucf_experiments/ciclo_experimental_1/data/data_blur/train/wXHEbfck_0-c1cbaae785_0_flip_lr_blur.mp4,/content/drive/MyDrive/ucf_experiments/ciclo_experimental_1/data/data_crop/train/wXHEbfck_0-c1cbaae785_0_flip_lr_crop.mp4,0
4759,/content/drive/MyDrive/ucf_experiments/ciclo_experimental_1/data/data_blur/train/WXwfibYX_0-6ccf864fa8_0_flip_lr_blur.mp4,/content/drive/MyDrive/ucf_experiments/ciclo_experimental_1/data/data_crop/train/WXwfibYX_0-6ccf864fa8_0_flip_lr_crop.mp4,0
4760,/content/drive/MyDrive/ucf_experiments/ciclo_experimental_1/data/data_blur/train/wY7Om5cW_0-f45695dedb_0_flip_lr_blur.mp4,/content/drive/MyDrive/ucf_experiments/ciclo_experimental_1/data/data_crop/train/wY7Om5cW_0-f45695dedb_0_flip_lr_crop.mp4,0
4761,/content/drive/MyDrive/ucf_experiments/ciclo_experimental_1/data/data_blur/train/X0fP5VQMrbg_0-9b7ec09440_0_flip_lr_blur.mp4,/content/drive/MyDrive/ucf_experiments/ciclo_experimental_1/data/data_crop/train/X0fP5VQMrbg_0-9b7ec09440_0_flip_lr_crop.mp4,0
4762,/content/drive/MyDrive/ucf_experiments/ciclo_experimental_1/data/data_blur/train/X0fP5VQMrbg_1-73bf1fe90a_0_flip_lr_blur.mp4,/content/drive/MyDrive/ucf_experiments/ciclo_experimental_1/data/data_crop/train/X0fP5VQMrbg_1-73bf1fe90a_0_flip_lr_crop.mp4,0
4763,/content/drive/MyDrive/ucf_experiments/ciclo_experimental_1/data/data_blur/train/X14e9Fwxa8w_0-4047064663_0_flip_lr_blur.mp4,/content/drive/MyDrive/ucf_experiments/ciclo_experimental_1/data/data_crop/train/X14e9Fwxa8w_0-4047064663_0_flip_lr_crop.mp4,0
4764,/content/drive/MyDrive/ucf_experiments/ciclo_experimental_1/data/data_blur/train/X3mPJLe9_0-8d48d5ba90_0_flip_lr_blur.mp4,/content/drive/MyDrive/ucf_experiments/ciclo_experimental_1/data/data_crop/train/X3mPJLe9_0-8d48d5ba90_0_flip_lr_crop.mp4,0
4765,/content/drive/MyDrive/ucf_experiments/ciclo_experimental_1/data/data_blur/train/x7iljhbM_0-28d8afd4c5_0_flip_lr_blur.mp4,/content/drive/MyDrive/ucf_experiments/ciclo_experimental_1/data/data_crop/train/x7iljhbM_0-28d8afd4c5_0_flip_lr_crop.mp4,0
4766,/content/drive/MyDrive/ucf_experiments/ciclo_experimental_1/data/data_blur/train/Xhh2ONc7_0-8926bbd22d_0_flip_lr_blur.mp4,/content/drive/MyDrive/ucf_experiments/ciclo_experimental_1/data/data_crop/train/Xhh2ONc7_0-8926bbd22d_0_flip_lr_crop.mp4,0
4767,/content/drive/MyDrive/ucf_experiments/ciclo_experimental_1/data/data_blur/train/XJfaYlr0_0-03b32faa5c_0_flip_lr_blur.mp4,/content/drive/MyDrive/ucf_experiments/ciclo_experimental_1/data/data_crop/train/XJfaYlr0_0-03b32faa5c_0_flip_lr_crop.mp4,0
4768,/content/drive/MyDrive/ucf_experiments/ciclo_experimental_1/data/data_blur/train/xKq3hlefCUI_0-0eb37ea1c7_0_flip_lr_blur.mp4,/content/drive/MyDrive/ucf_experiments/ciclo_experimental_1/data/data_crop/train/xKq3hlefCUI_0-0eb37ea1c7_0_flip_lr_crop.mp4,0
4769,/content/drive/MyDrive/ucf_experiments/ciclo_experimental_1/data/data_blur/train/Xmmy8LvV_0-ae64e4ff8e_0_flip_lr_blur.mp4,/content/drive/MyDrive/ucf_experiments/ciclo_experimental_1/data/data_crop/train/Xmmy8LvV_0-ae64e4ff8e_0_flip_lr_crop.mp4,0
4770,/content/drive/MyDrive/ucf_experiments/ciclo_experimental_1/data/data_blur/train/XPG8GqrH_0-6287d018d9_0_flip_lr_blur.mp4,/content/drive/MyDrive/ucf_experiments/ciclo_experimental_1/data/data_crop/train/XPG8GqrH_0-6287d018d9_0_flip_lr_crop.mp4,0
4771,/content/drive/MyDrive/ucf_experiments/ciclo_experimental_1/data/data_blur/train/XpQkd2Ug_0-82bee7e8fe_0_flip_lr_blur.mp4,/content/drive/MyDrive/ucf_experiments/ciclo_experimental_1/data/data_crop/train/XpQkd2Ug_0-82bee7e8fe_0_flip_lr_crop.mp4,0
4772,/content/drive/MyDrive/ucf_experiments/ciclo_experimental_1/data/data_blur/train/XQR0CvyY_0-7728cc384e_0_flip_lr_blur.mp4,/content/drive/MyDrive/ucf_experiments/ciclo_experimental_1/data/data_crop/train/XQR0CvyY_0-7728cc384e_0_flip_lr_crop.mp4,0
4773,/content/drive/MyDrive/ucf_experiments/ciclo_experimental_1/data/data_blur/train/XQR0CvyY_1-948d4f622f_0_flip_lr_blur.mp4,/content/drive/MyDrive/ucf_experiments/ciclo_experimental_1/data/data_crop/train/XQR0CvyY_1-948d4f622f_0_flip_lr_crop.mp4,0
4774,/content/drive/MyDrive/ucf_experiments/ciclo_experimental_1/data/data_blur/train/xQSbcaZp_0-d9d82883f6_0_flip_lr_blur.mp4,/content/drive/MyDrive/ucf_experiments/ciclo_experimental_1/data/data_crop/train/xQSbcaZp_0-d9d82883f6_0_flip_lr_crop.mp4,0
4775,/content/drive/MyDrive/ucf_experiments/ciclo_experimental_1/data/data_blur/train/Xr0T6ylW_0-b75e2ed842_0_flip_lr_blur.mp4,/content/drive/MyDrive/ucf_experiments/ciclo_experimental_1/data/data_crop/train/Xr0T6ylW_0-b75e2ed842_0_flip_lr_crop.mp4,0
4776,/content/drive/MyDrive/ucf_experiments/ciclo_experimental_1/data/data_blur/train/xR1o8M5o_0-c8fc6fdc32_0_flip_lr_blur.mp4,/content/drive/MyDrive/ucf_experiments/ciclo_experimental_1/data/data_crop/train/xR1o8M5o_0-c8fc6fdc32_0_flip_lr_crop.mp4,0
4777,/content/drive/MyDrive/ucf_experiments/ciclo_experimental_1/data/data_blur/train/xtA4owfr_0-77399e076c_0_flip_lr_blur.mp4,/content/drive/MyDrive/ucf_experiments/ciclo_experimental_1/data/data_crop/train/xtA4owfr_0-77399e076c_0_flip_lr_crop.mp4,0
4778,/content/drive/MyDrive/ucf_experiments/ciclo_experimental_1/data/data_blur/train/xTCvMktQ_0-3cb28480d5_0_flip_lr_blur.mp4,/content/drive/MyDrive/ucf_experiments/ciclo_experimental_1/data/data_crop/train/xTCvMktQ_0-3cb28480d5_0_flip_lr_crop.mp4,0
4779,/content/drive/MyDrive/ucf_experiments/ciclo_experimental_1/data/data_blur/train/XVfkS6rM_0-8de4f28191_0_flip_lr_blur.mp4,/content/drive/MyDrive/ucf_experiments/ciclo_experimental_1/data/data_crop/train/XVfkS6rM_0-8de4f28191_0_flip_lr_crop.mp4,0
4780,/content/drive/MyDrive/ucf_experiments/ciclo_experimental_1/data/data_blur/train/xW8Esfp9_0-46e8ba4512_0_flip_lr_blur.mp4,/content/drive/MyDrive/ucf_experiments/ciclo_experimental_1/data/data_crop/train/xW8Esfp9_0-46e8ba4512_0_flip_lr_crop.mp4,0
4781,/content/drive/MyDrive/ucf_experiments/ciclo_experimental_1/data/data_blur/train/xWBtjX00_0-ec34faa4c5_0_flip_lr_blur.mp4,/content/drive/MyDrive/ucf_experiments/ciclo_experimental_1/data/data_crop/train/xWBtjX00_0-ec34faa4c5_0_flip_lr_crop.mp4,0
4782,/content/drive/MyDrive/ucf_experiments/ciclo_experimental_1/data/data_blur/train/XwiwESMn_0-1909fd5474_0_flip_lr_blur.mp4,/content/drive/MyDrive/ucf_experiments/ciclo_experimental_1/data/data_crop/train/XwiwESMn_0-1909fd5474_0_flip_lr_crop.mp4,0
4783,/content/drive/MyDrive/ucf_experiments/ciclo_experimental_1/data/data_blur/train/xxIkl4Ue_0-fe02aaa46f_0_flip_lr_blur.mp4,/content/drive/MyDrive/ucf_experiments/ciclo_experimental_1/data/data_crop/train/xxIkl4Ue_0-fe02aaa46f_0_flip_lr_crop.mp4,0
4784,/content/drive/MyDrive/ucf_experiments/ciclo_experimental_1/data/data_blur/train/xYWhwcqL_0-8869ddbbd0_0_flip_lr_blur.mp4,/content/drive/MyDrive/ucf_experiments/ciclo_experimental_1/data/data_crop/train/xYWhwcqL_0-8869ddbbd0_0_flip_lr_crop.mp4,0
4785,/content/drive/MyDrive/ucf_experiments/ciclo_experimental_1/data/data_blur/train/Y-TiUAODEYw_0-3f92b963f1_0_flip_lr_blur.mp4,/content/drive/MyDrive/ucf_experiments/ciclo_experimental_1/data/data_crop/train/Y-TiUAODEYw_0-3f92b963f1_0_flip_lr_crop.mp4,0
4786,/content/drive/MyDrive/ucf_experiments/ciclo_experimental_1/data/data_blur/train/Y-TiUAODEYw_1-0526b732c8_0_flip_lr_blur.mp4,/content/drive/MyDrive/ucf_experiments/ciclo_experimental_1/data/data_crop/train/Y-TiUAODEYw_1-0526b732c8_0_flip_lr_crop.mp4,0
4787,/content/drive/MyDrive/ucf_experiments/ciclo_experimental_1/data/data_blur/train/Y-TiUAODEYw_2-c212dcfe3f_0_flip_lr_blur.mp4,/content/drive/MyDrive/ucf_experiments/ciclo_experimental_1/data/data_crop/train/Y-TiUAODEYw_2-c212dcfe3f_0_flip_lr_crop.mp4,0
4788,/content/drive/MyDrive/ucf_experiments/ciclo_experimental_1/data/data_blur/train/Y1y9Gxs6_0-9c53cedf75_0_flip_lr_blur.mp4,/content/drive/MyDrive/ucf_experiments/ciclo_experimental_1/data/data_crop/train/Y1y9Gxs6_0-9c53cedf75_0_flip_lr_crop.mp4,0
4789,/content/drive/MyDrive/ucf_experiments/ciclo_experimental_1/data/data_blur/train/Y4KiQpCP_0-a53fbd381e_0_flip_lr_blur.mp4,/content/drive/MyDrive/ucf_experiments/ciclo_experimental_1/data/data_crop/train/Y4KiQpCP_0-a53fbd381e_0_flip_lr_crop.mp4,0
4790,/content/drive/MyDrive/ucf_experiments/ciclo_experimental_1/data/data_blur/train/y4njAG00_0-cfb9ca4d64_0_flip_lr_blur.mp4,/content/drive/MyDrive/ucf_experiments/ciclo_experimental_1/data/data_crop/train/y4njAG00_0-cfb9ca4d64_0_flip_lr_crop.mp4,0
4791,/content/drive/MyDrive/ucf_experiments/ciclo_experimental_1/data/data_blur/train/YC51sSdT_0-0d3c283d36_0_flip_lr_blur.mp4,/content/drive/MyDrive/ucf_experiments/ciclo_experimental_1/data/data_crop/train/YC51sSdT_0-0d3c283d36_0_flip_lr_crop.mp4,0
4792,/content/drive/MyDrive/ucf_experiments/ciclo_experimental_1/data/data_blur/train/ycOdxOJt_0-c89610391c_0_flip_lr_blur.mp4,/content/drive/MyDrive/ucf_experiments/ciclo_experimental_1/data/data_crop/train/ycOdxOJt_0-c89610391c_0_flip_lr_crop.mp4,0
4793,/content/drive/MyDrive/ucf_experiments/ciclo_experimental_1/data/data_blur/train/yDKfgkb2_0-6dbcb28463_0_flip_lr_blur.mp4,/content/drive/MyDrive/ucf_experiments/ciclo_experimental_1/data/data_crop/train/yDKfgkb2_0-6dbcb28463_0_flip_lr_crop.mp4,0
4794,/content/drive/MyDrive/ucf_experiments/ciclo_experimental_1/data/data_blur/train/YJvuxdWs_0-30e6b77165_0_flip_lr_blur.mp4,/content/drive/MyDrive/ucf_experiments/ciclo_experimental_1/data/data_crop/train/YJvuxdWs_0-30e6b77165_0_flip_lr_crop.mp4,0
4795,/content/drive/MyDrive/ucf_experiments/ciclo_experimental_1/data/data_blur/train/ykI6keNQ_0-1945799e38_0_flip_lr_blur.mp4,/content/drive/MyDrive/ucf_experiments/ciclo_experimental_1/data/data_crop/train/ykI6keNQ_0-1945799e38_0_flip_lr_crop.mp4,0
4796,/content/drive/MyDrive/ucf_experiments/ciclo_experimental_1/data/data_blur/train/yKxTC4lT_0-627bd26dc3_0_flip_lr_blur.mp4,/content/drive/MyDrive/ucf_experiments/ciclo_experimental_1/data/data_crop/train/yKxTC4lT_0-627bd26dc3_0_flip_lr_crop.mp4,0
4797,/content/drive/MyDrive/ucf_experiments/ciclo_experimental_1/data/data_blur/train/yldWawWf_0-9ad0d212e0_0_flip_lr_blur.mp4,/content/drive/MyDrive/ucf_experiments/ciclo_experimental_1/data/data_crop/train/yldWawWf_0-9ad0d212e0_0_flip_lr_crop.mp4,0
4798,/content/drive/MyDrive/ucf_experiments/ciclo_experimental_1/data/data_blur/train/ypdSZICv_0-58e81036a6_0_flip_lr_blur.mp4,/content/drive/MyDrive/ucf_experiments/ciclo_experimental_1/data/data_crop/train/ypdSZICv_0-58e81036a6_0_flip_lr_crop.mp4,0
4799,/content/drive/MyDrive/ucf_experiments/ciclo_experimental_1/data/data_blur/train/YQkE7oOf_0-d26a30118c_0_flip_lr_blur.mp4,/content/drive/MyDrive/ucf_experiments/ciclo_experimental_1/data/data_crop/train/YQkE7oOf_0-d26a30118c_0_flip_lr_crop.mp4,0
4800,/content/drive/MyDrive/ucf_experiments/ciclo_experimental_1/data/data_blur/train/yQWmI4e8_0-33ddeb7535_0_flip_lr_blur.mp4,/content/drive/MyDrive/ucf_experiments/ciclo_experimental_1/data/data_crop/train/yQWmI4e8_0-33ddeb7535_0_flip_lr_crop.mp4,0
4801,/content/drive/MyDrive/ucf_experiments/ciclo_experimental_1/data/data_blur/train/ytjGIK9m_0-adc3fabbbc_0_flip_lr_blur.mp4,/content/drive/MyDrive/ucf_experiments/ciclo_experimental_1/data/data_crop/train/ytjGIK9m_0-adc3fabbbc_0_flip_lr_crop.mp4,0
4802,/content/drive/MyDrive/ucf_experiments/ciclo_experimental_1/data/data_blur/train/yvNawsRf_0-79fd30198a_0_flip_lr_blur.mp4,/content/drive/MyDrive/ucf_experiments/ciclo_experimental_1/data/data_crop/train/yvNawsRf_0-79fd30198a_0_flip_lr_crop.mp4,0
4803,/content/drive/MyDrive/ucf_experiments/ciclo_experimental_1/data/data_blur/train/Yw7Ip3VS_0-df206a88f5_0_flip_lr_blur.mp4,/content/drive/MyDrive/ucf_experiments/ciclo_experimental_1/data/data_crop/train/Yw7Ip3VS_0-df206a88f5_0_flip_lr_crop.mp4,0
4804,/content/drive/MyDrive/ucf_experiments/ciclo_experimental_1/data/data_blur/train/yWnLtCrM_0-789d5798ed_0_flip_lr_blur.mp4,/content/drive/MyDrive/ucf_experiments/ciclo_experimental_1/data/data_crop/train/yWnLtCrM_0-789d5798ed_0_flip_lr_crop.mp4,0
4805,/content/drive/MyDrive/ucf_experiments/ciclo_experimental_1/data/data_blur/train/Yxz9WncB_0-6ce6b8ccc6_0_flip_lr_blur.mp4,/content/drive/MyDrive/ucf_experiments/ciclo_experimental_1/data/data_crop/train/Yxz9WncB_0-6ce6b8ccc6_0_flip_lr_crop.mp4,0
4806,/content/drive/MyDrive/ucf_experiments/ciclo_experimental_1/data/data_blur/train/zbg2jsE4_0-69a31b2291_0_flip_lr_blur.mp4,/content/drive/MyDrive/ucf_experiments/ciclo_experimental_1/data/data_crop/train/zbg2jsE4_0-69a31b2291_0_flip_lr_crop.mp4,0
4807,/content/drive/MyDrive/ucf_experiments/ciclo_experimental_1/data/data_blur/train/zHRkgmIT_0-f6fef6b34b_0_flip_lr_blur.mp4,/content/drive/MyDrive/ucf_experiments/ciclo_experimental_1/data/data_crop/train/zHRkgmIT_0-f6fef6b34b_0_flip_lr_crop.mp4,0
4808,/content/drive/MyDrive/ucf_experiments/ciclo_experimental_1/data/data_blur/train/ZIj9BzT4_0-960203f9a6_0_flip_lr_blur.mp4,/content/drive/MyDrive/ucf_experiments/ciclo_experimental_1/data/data_crop/train/ZIj9BzT4_0-960203f9a6_0_flip_lr_crop.mp4,0
4809,/content/drive/MyDrive/ucf_experiments/ciclo_experimental_1/data/data_blur/train/ZPhVyVZt_0-83dc313c12_0_flip_lr_blur.mp4,/content/drive/MyDrive/ucf_experiments/ciclo_experimental_1/data/data_crop/train/ZPhVyVZt_0-83dc313c12_0_flip_lr_crop.mp4,0
4810,/content/drive/MyDrive/ucf_experiments/ciclo_experimental_1/data/data_blur/train/zWrAqXFn_0-c41e61c466_0_flip_lr_blur.mp4,/content/drive/MyDrive/ucf_experiments/ciclo_experimental_1/data/data_crop/train/zWrAqXFn_0-c41e61c466_0_flip_lr_crop.mp4,0
4811,/content/drive/MyDrive/ucf_experiments/ciclo_experimental_1/data/data_blur/train/Zy04T0RF_0-2e6f2b88f3_0_flip_lr_blur.mp4,/content/drive/MyDrive/ucf_experiments/ciclo_experimental_1/data/data_crop/train/Zy04T0RF_0-2e6f2b88f3_0_flip_lr_crop.mp4,0
4812,/content/drive/MyDrive/ucf_experiments/ciclo_experimental_1/data/data_blur/train/zZHTBiER_0-98a347298e_0_flip_lr_blur.mp4,/content/drive/MyDrive/ucf_experiments/ciclo_experimental_1/data/data_crop/train/zZHTBiER_0-98a347298e_0_flip_lr_crop.mp4,0
4813,/content/drive/MyDrive/ucf_experiments/ciclo_experimental_1/data/data_blur/train/_fPfNbHM16M_0-ed5f736c90_0_flip_lr_blur.mp4,/content/drive/MyDrive/ucf_experiments/ciclo_experimental_1/data/data_crop/train/_fPfNbHM16M_0-ed5f736c90_0_flip_lr_crop.mp4,0
4814,/content/drive/MyDrive/ucf_experiments/ciclo_experimental_1/data/data_blur/train/_fPfNbHM16M_1-efa70be3a8_0_flip_lr_blur.mp4,/content/drive/MyDrive/ucf_experiments/ciclo_experimental_1/data/data_crop/train/_fPfNbHM16M_1-efa70be3a8_0_flip_lr_crop.mp4,0
4815,/content/drive/MyDrive/ucf_experiments/ciclo_experimental_1/data/data_blur/train/_q5Nwh4Z6ao_0-b41cc5f4a5_0_flip_lr_blur.mp4,/content/drive/MyDrive/ucf_experiments/ciclo_experimental_1/data/data_crop/train/_q5Nwh4Z6ao_0-b41cc5f4a5_0_flip_lr_crop.mp4,0
4816,/content/drive/MyDrive/ucf_experiments/ciclo_experimental_1/data/data_blur/train/_q5Nwh4Z6ao_1-9f9d4bbb20_0_flip_lr_blur.mp4,/content/drive/MyDrive/ucf_experiments/ciclo_experimental_1/data/data_crop/train/_q5Nwh4Z6ao_1-9f9d4bbb20_0_flip_lr_crop.mp4,0
4817,/content/drive/MyDrive/ucf_experiments/ciclo_experimental_1/data/data_blur/train/_q5Nwh4Z6ao_2-8a030084d1_0_flip_lr_blur.mp4,/content/drive/MyDrive/ucf_experiments/ciclo_experimental_1/data/data_crop/train/_q5Nwh4Z6ao_2-8a030084d1_0_flip_lr_crop.mp4,0
4818,/content/drive/MyDrive/ucf_experiments/ciclo_experimental_1/data/data_blur/train/_q5Nwh4Z6ao_3-639cef6135_0_flip_lr_blur.mp4,/content/drive/MyDrive/ucf_experiments/ciclo_experimental_1/data/data_crop/train/_q5Nwh4Z6ao_3-639cef6135_0_flip_lr_crop.mp4,0
4819,/content/drive/MyDrive/ucf_experiments/ciclo_experimental_1/data/data_blur/train/_q5Nwh4Z6ao_4-4fff86eed7_0_flip_lr_blur.mp4,/content/drive/MyDrive/ucf_experiments/ciclo_experimental_1/data/data_crop/train/_q5Nwh4Z6ao_4-4fff86eed7_0_flip_lr_crop.mp4,0
4820,/content/drive/MyDrive/ucf_experiments/ciclo_experimental_1/data/data_blur/train/_q5Nwh4Z6ao_5-339ab9e755_0_flip_lr_blur.mp4,/content/drive/MyDrive/ucf_experiments/ciclo_experimental_1/data/data_crop/train/_q5Nwh4Z6ao_5-339ab9e755_0_flip_lr_crop.mp4,0
4821,/content/drive/MyDrive/ucf_experiments/ciclo_experimental_1/data/data_blur/train/_q5Nwh4Z6ao_6-ea62dde98c_0_flip_lr_blur.mp4,/content/drive/MyDrive/ucf_experiments/ciclo_experimental_1/data/data_crop/train/_q5Nwh4Z6ao_6-ea62dde98c_0_flip_lr_crop.mp4,0
4822,/content/drive/MyDrive/ucf_experiments/ciclo_experimental_1/data/data_blur/train/_q5Nwh4Z6ao_7-c1e4b97e14_0_flip_lr_blur.mp4,/content/drive/MyDrive/ucf_experiments/ciclo_experimental_1/data/data_crop/train/_q5Nwh4Z6ao_7-c1e4b97e14_0_flip_lr_crop.mp4,0
4823,/content/drive/MyDrive/ucf_experiments/ciclo_experimental_1/data/data_blur/train/_wVuRdfDHbE_0-4742ec2eeb_0_flip_lr_blur.mp4,/content/drive/MyDrive/ucf_experiments/ciclo_experimental_1/data/data_crop/train/_wVuRdfDHbE_0-4742ec2eeb_0_flip_lr_crop.mp4,0
4824,/content/drive/MyDrive/ucf_experiments/ciclo_experimental_1/data/data_blur/train/Robbery097_x264-c083f63c77_0_hue_adjust_blur.mp4,/content/drive/MyDrive/ucf_experiments/ciclo_experimental_1/data/data_crop/train/Robbery097_x264-c083f63c77_0_hue_adjust_crop.mp4,0
4825,/content/drive/MyDrive/ucf_experiments/ciclo_experimental_1/data/data_blur/train/Robbery035_x264-a4f337e6cb_1_hue_adjust_blur.mp4,/content/drive/MyDrive/ucf_experiments/ciclo_experimental_1/data/data_crop/train/Robbery035_x264-a4f337e6cb_1_hue_adjust_crop.mp4,1
4826,/content/drive/MyDrive/ucf_experiments/ciclo_experimental_1/data/data_blur/train/Fighting028_x264-6b5602eb75_1_hue_adjust_blur.mp4,/content/drive/MyDrive/ucf_experiments/ciclo_experimental_1/data/data_crop/train/Fighting028_x264-6b5602eb75_1_hue_adjust_crop.mp4,1
4827,/content/drive/MyDrive/ucf_experiments/ciclo_experimental_1/data/data_blur/train/Abuse022_x264-424132258e_0_hue_adjust_blur.mp4,/content/drive/MyDrive/ucf_experiments/ciclo_experimental_1/data/data_crop/train/Abuse022_x264-424132258e_0_hue_adjust_crop.mp4,0
4828,/content/drive/MyDrive/ucf_experiments/ciclo_experimental_1/data/data_blur/train/Arrest044_x264-a974ec5423_1_hue_adjust_blur.mp4,/content/drive/MyDrive/ucf_experiments/ciclo_experimental_1/data/data_crop/train/Arrest044_x264-a974ec5423_1_hue_adjust_crop.mp4,1
4829,/content/drive/MyDrive/ucf_experiments/ciclo_experimental_1/data/data_blur/train/Abuse017_x264-0bc2e00ddb_1_hue_adjust_blur.mp4,/content/drive/MyDrive/ucf_experiments/ciclo_experimental_1/data/data_crop/train/Abuse017_x264-0bc2e00ddb_1_hue_adjust_crop.mp4,1
4830,/content/drive/MyDrive/ucf_experiments/ciclo_experimental_1/data/data_blur/train/Abuse017_x264-8f9aef9791_1_hue_adjust_blur.mp4,/content/drive/MyDrive/ucf_experiments/ciclo_experimental_1/data/data_crop/train/Abuse017_x264-8f9aef9791_1_hue_adjust_crop.mp4,1
4831,/content/drive/MyDrive/ucf_experiments/ciclo_experimental_1/data/data_blur/train/Arrest046_x264-c349cb06be_0_hue_adjust_blur.mp4,/content/drive/MyDrive/ucf_experiments/ciclo_experimental_1/data/data_crop/train/Arrest046_x264-c349cb06be_0_hue_adjust_crop.mp4,0
4832,/content/drive/MyDrive/ucf_experiments/ciclo_experimental_1/data/data_blur/train/Abuse049_x264-480b544596_0_hue_adjust_blur.mp4,/content/drive/MyDrive/ucf_experiments/ciclo_experimental_1/data/data_crop/train/Abuse049_x264-480b544596_0_hue_adjust_crop.mp4,0
4833,/content/drive/MyDrive/ucf_experiments/ciclo_experimental_1/data/data_blur/train/Arrest049_x264-a17d90202f_1_hue_adjust_blur.mp4,/content/drive/MyDrive/ucf_experiments/ciclo_experimental_1/data/data_crop/train/Arrest049_x264-a17d90202f_1_hue_adjust_crop.mp4,1
4834,/content/drive/MyDrive/ucf_experiments/ciclo_experimental_1/data/data_blur/train/Robbery080_x264-bb054fa286_0_hue_adjust_blur.mp4,/content/drive/MyDrive/ucf_experiments/ciclo_experimental_1/data/data_crop/train/Robbery080_x264-bb054fa286_0_hue_adjust_crop.mp4,0
4835,/content/drive/MyDrive/ucf_experiments/ciclo_experimental_1/data/data_blur/train/Arrest026_x264-e88abf2f00_1_hue_adjust_blur.mp4,/content/drive/MyDrive/ucf_experiments/ciclo_experimental_1/data/data_crop/train/Arrest026_x264-e88abf2f00_1_hue_adjust_crop.mp4,1
4836,/content/drive/MyDrive/ucf_experiments/ciclo_experimental_1/data/data_blur/train/Assault029_x264-ed139a795f_1_hue_adjust_blur.mp4,/content/drive/MyDrive/ucf_experiments/ciclo_experimental_1/data/data_crop/train/Assault029_x264-ed139a795f_1_hue_adjust_crop.mp4,1
4837,/content/drive/MyDrive/ucf_experiments/ciclo_experimental_1/data/data_blur/train/Abuse046_x264-994dd18539_0_hue_adjust_blur.mp4,/content/drive/MyDrive/ucf_experiments/ciclo_experimental_1/data/data_crop/train/Abuse046_x264-994dd18539_0_hue_adjust_crop.mp4,0
4838,/content/drive/MyDrive/ucf_experiments/ciclo_experimental_1/data/data_blur/train/Assault033_x264-f217a45d6c_1_hue_adjust_blur.mp4,/content/drive/MyDrive/ucf_experiments/ciclo_experimental_1/data/data_crop/train/Assault033_x264-f217a45d6c_1_hue_adjust_crop.mp4,1
4839,/content/drive/MyDrive/ucf_experiments/ciclo_experimental_1/data/data_blur/train/Robbery076_x264-fb4dc2b088_0_hue_adjust_blur.mp4,/content/drive/MyDrive/ucf_experiments/ciclo_experimental_1/data/data_crop/train/Robbery076_x264-fb4dc2b088_0_hue_adjust_crop.mp4,0
4840,/content/drive/MyDrive/ucf_experiments/ciclo_experimental_1/data/data_blur/train/Assault050_x264-22583c9af9_1_hue_adjust_blur.mp4,/content/drive/MyDrive/ucf_experiments/ciclo_experimental_1/data/data_crop/train/Assault050_x264-22583c9af9_1_hue_adjust_crop.mp4,1
4841,/content/drive/MyDrive/ucf_experiments/ciclo_experimental_1/data/data_blur/train/Robbery020_x264-699582f833_0_hue_adjust_blur.mp4,/content/drive/MyDrive/ucf_experiments/ciclo_experimental_1/data/data_crop/train/Robbery020_x264-699582f833_0_hue_adjust_crop.mp4,0
4842,/content/drive/MyDrive/ucf_experiments/ciclo_experimental_1/data/data_blur/train/Fighting014_x264-a734740b65_0_hue_adjust_blur.mp4,/content/drive/MyDrive/ucf_experiments/ciclo_experimental_1/data/data_crop/train/Fighting014_x264-a734740b65_0_hue_adjust_crop.mp4,0
4843,/content/drive/MyDrive/ucf_experiments/ciclo_experimental_1/data/data_blur/train/Abuse043_x264-3bfef08aa0_1_hue_adjust_blur.mp4,/content/drive/MyDrive/ucf_experiments/ciclo_experimental_1/data/data_crop/train/Abuse043_x264-3bfef08aa0_1_hue_adjust_crop.mp4,1
4844,/content/drive/MyDrive/ucf_experiments/ciclo_experimental_1/data/data_blur/train/Arrest021_x264-7e32dbd702_1_hue_adjust_blur.mp4,/content/drive/MyDrive/ucf_experiments/ciclo_experimental_1/data/data_crop/train/Arrest021_x264-7e32dbd702_1_hue_adjust_crop.mp4,1
4845,/content/drive/MyDrive/ucf_experiments/ciclo_experimental_1/data/data_blur/train/Robbery003_x264-fbf8ee0619_0_hue_adjust_blur.mp4,/content/drive/MyDrive/ucf_experiments/ciclo_experimental_1/data/data_crop/train/Robbery003_x264-fbf8ee0619_0_hue_adjust_crop.mp4,0
4846,/content/drive/MyDrive/ucf_experiments/ciclo_experimental_1/data/data_blur/train/Robbery100_x264-25e78c4c64_0_hue_adjust_blur.mp4,/content/drive/MyDrive/ucf_experiments/ciclo_experimental_1/data/data_crop/train/Robbery100_x264-25e78c4c64_0_hue_adjust_crop.mp4,0
4847,/content/drive/MyDrive/ucf_experiments/ciclo_experimental_1/data/data_blur/train/Robbery062_x264-d242fa3001_1_hue_adjust_blur.mp4,/content/drive/MyDrive/ucf_experiments/ciclo_experimental_1/data/data_crop/train/Robbery062_x264-d242fa3001_1_hue_adjust_crop.mp4,1
4848,/content/drive/MyDrive/ucf_experiments/ciclo_experimental_1/data/data_blur/train/Robbery033_x264-cd62692239_1_hue_adjust_blur.mp4,/content/drive/MyDrive/ucf_experiments/ciclo_experimental_1/data/data_crop/train/Robbery033_x264-cd62692239_1_hue_adjust_crop.mp4,1
4849,/content/drive/MyDrive/ucf_experiments/ciclo_experimental_1/data/data_blur/train/Fighting007_x264-2c6dcbeb57_1_hue_adjust_blur.mp4,/content/drive/MyDrive/ucf_experiments/ciclo_experimental_1/data/data_crop/train/Fighting007_x264-2c6dcbeb57_1_hue_adjust_crop.mp4,1
4850,/content/drive/MyDrive/ucf_experiments/ciclo_experimental_1/data/data_blur/train/Fighting004_x264-1608e4dfec_1_hue_adjust_blur.mp4,/content/drive/MyDrive/ucf_experiments/ciclo_experimental_1/data/data_crop/train/Fighting004_x264-1608e4dfec_1_hue_adjust_crop.mp4,1
4851,/content/drive/MyDrive/ucf_experiments/ciclo_experimental_1/data/data_blur/train/Fighting008_x264-7c73b186d9_0_hue_adjust_blur.mp4,/content/drive/MyDrive/ucf_experiments/ciclo_experimental_1/data/data_crop/train/Fighting008_x264-7c73b186d9_0_hue_adjust_crop.mp4,0
4852,/content/drive/MyDrive/ucf_experiments/ciclo_experimental_1/data/data_blur/train/Robbery006_x264-12fc980887_1_hue_adjust_blur.mp4,/content/drive/MyDrive/ucf_experiments/ciclo_experimental_1/data/data_crop/train/Robbery006_x264-12fc980887_1_hue_adjust_crop.mp4,1
4853,/content/drive/MyDrive/ucf_experiments/ciclo_experimental_1/data/data_blur/train/Arrest049_x264-bc64f1e36f_0_hue_adjust_blur.mp4,/content/drive/MyDrive/ucf_experiments/ciclo_experimental_1/data/data_crop/train/Arrest049_x264-bc64f1e36f_0_hue_adjust_crop.mp4,0
4854,/content/drive/MyDrive/ucf_experiments/ciclo_experimental_1/data/data_blur/train/Assault018_x264-ccf103bcca_1_hue_adjust_blur.mp4,/content/drive/MyDrive/ucf_experiments/ciclo_experimental_1/data/data_crop/train/Assault018_x264-ccf103bcca_1_hue_adjust_crop.mp4,1
4855,/content/drive/MyDrive/ucf_experiments/ciclo_experimental_1/data/data_blur/train/Abuse018_x264-947468ccf3_1_hue_adjust_blur.mp4,/content/drive/MyDrive/ucf_experiments/ciclo_experimental_1/data/data_crop/train/Abuse018_x264-947468ccf3_1_hue_adjust_crop.mp4,1
4856,/content/drive/MyDrive/ucf_experiments/ciclo_experimental_1/data/data_blur/train/Abuse024_x264-4be128b438_0_hue_adjust_blur.mp4,/content/drive/MyDrive/ucf_experiments/ciclo_experimental_1/data/data_crop/train/Abuse024_x264-4be128b438_0_hue_adjust_crop.mp4,0
4857,/content/drive/MyDrive/ucf_experiments/ciclo_experimental_1/data/data_blur/train/Assault024_x264-9ad1ae7cfd_1_hue_adjust_blur.mp4,/content/drive/MyDrive/ucf_experiments/ciclo_experimental_1/data/data_crop/train/Assault024_x264-9ad1ae7cfd_1_hue_adjust_crop.mp4,1
4858,/content/drive/MyDrive/ucf_experiments/ciclo_experimental_1/data/data_blur/train/Robbery055_x264-9590da4734_0_hue_adjust_blur.mp4,/content/drive/MyDrive/ucf_experiments/ciclo_experimental_1/data/data_crop/train/Robbery055_x264-9590da4734_0_hue_adjust_crop.mp4,0
4859,/content/drive/MyDrive/ucf_experiments/ciclo_experimental_1/data/data_blur/train/Robbery051_x264-c88b6b285b_1_hue_adjust_blur.mp4,/content/drive/MyDrive/ucf_experiments/ciclo_experimental_1/data/data_crop/train/Robbery051_x264-c88b6b285b_1_hue_adjust_crop.mp4,1
4860,/content/drive/MyDrive/ucf_experiments/ciclo_experimental_1/data/data_blur/train/Robbery098_x264-425bdd48d4_0_hue_adjust_blur.mp4,/content/drive/MyDrive/ucf_experiments/ciclo_experimental_1/data/data_crop/train/Robbery098_x264-425bdd48d4_0_hue_adjust_crop.mp4,0
4861,/content/drive/MyDrive/ucf_experiments/ciclo_experimental_1/data/data_blur/train/Abuse035_x264-c8fe1e1032_1_hue_adjust_blur.mp4,/content/drive/MyDrive/ucf_experiments/ciclo_experimental_1/data/data_crop/train/Abuse035_x264-c8fe1e1032_1_hue_adjust_crop.mp4,1
4862,/content/drive/MyDrive/ucf_experiments/ciclo_experimental_1/data/data_blur/train/Robbery090_x264-5162100e1d_0_hue_adjust_blur.mp4,/content/drive/MyDrive/ucf_experiments/ciclo_experimental_1/data/data_crop/train/Robbery090_x264-5162100e1d_0_hue_adjust_crop.mp4,0
4863,/content/drive/MyDrive/ucf_experiments/ciclo_experimental_1/data/data_blur/train/Abuse004_x264-dd7cb42d95_0_hue_adjust_blur.mp4,/content/drive/MyDrive/ucf_experiments/ciclo_experimental_1/data/data_crop/train/Abuse004_x264-dd7cb42d95_0_hue_adjust_crop.mp4,0
4864,/content/drive/MyDrive/ucf_experiments/ciclo_experimental_1/data/data_blur/train/Robbery099_x264-a0d0662fcf_1_hue_adjust_blur.mp4,/content/drive/MyDrive/ucf_experiments/ciclo_experimental_1/data/data_crop/train/Robbery099_x264-a0d0662fcf_1_hue_adjust_crop.mp4,1
4865,/content/drive/MyDrive/ucf_experiments/ciclo_experimental_1/data/data_blur/train/Abuse027_x264-aa4b79d469_0_hue_adjust_blur.mp4,/content/drive/MyDrive/ucf_experiments/ciclo_experimental_1/data/data_crop/train/Abuse027_x264-aa4b79d469_0_hue_adjust_crop.mp4,0
4866,/content/drive/MyDrive/ucf_experiments/ciclo_experimental_1/data/data_blur/train/Assault025_x264-77b5f6d7e8_0_hue_adjust_blur.mp4,/content/drive/MyDrive/ucf_experiments/ciclo_experimental_1/data/data_crop/train/Assault025_x264-77b5f6d7e8_0_hue_adjust_crop.mp4,0
4867,/content/drive/MyDrive/ucf_experiments/ciclo_experimental_1/data/data_blur/train/Assault015_x264-ecff48ea05_0_hue_adjust_blur.mp4,/content/drive/MyDrive/ucf_experiments/ciclo_experimental_1/data/data_crop/train/Assault015_x264-ecff48ea05_0_hue_adjust_crop.mp4,0
4868,/content/drive/MyDrive/ucf_experiments/ciclo_experimental_1/data/data_blur/train/Robbery038_x264-72f6ac4fe1_0_hue_adjust_blur.mp4,/content/drive/MyDrive/ucf_experiments/ciclo_experimental_1/data/data_crop/train/Robbery038_x264-72f6ac4fe1_0_hue_adjust_crop.mp4,0
4869,/content/drive/MyDrive/ucf_experiments/ciclo_experimental_1/data/data_blur/train/Arrest035_x264-80be4ad773_0_hue_adjust_blur.mp4,/content/drive/MyDrive/ucf_experiments/ciclo_experimental_1/data/data_crop/train/Arrest035_x264-80be4ad773_0_hue_adjust_crop.mp4,0
4870,/content/drive/MyDrive/ucf_experiments/ciclo_experimental_1/data/data_blur/train/Assault005_x264-3bbc8ace3d_0_hue_adjust_blur.mp4,/content/drive/MyDrive/ucf_experiments/ciclo_experimental_1/data/data_crop/train/Assault005_x264-3bbc8ace3d_0_hue_adjust_crop.mp4,0
4871,/content/drive/MyDrive/ucf_experiments/ciclo_experimental_1/data/data_blur/train/Arrest023_x264-4ba9626a39_0_hue_adjust_blur.mp4,/content/drive/MyDrive/ucf_experiments/ciclo_experimental_1/data/data_crop/train/Arrest023_x264-4ba9626a39_0_hue_adjust_crop.mp4,0
4872,/content/drive/MyDrive/ucf_experiments/ciclo_experimental_1/data/data_blur/train/Abuse027_x264-10af60c0bd_1_hue_adjust_blur.mp4,/content/drive/MyDrive/ucf_experiments/ciclo_experimental_1/data/data_crop/train/Abuse027_x264-10af60c0bd_1_hue_adjust_crop.mp4,1
4873,/content/drive/MyDrive/ucf_experiments/ciclo_experimental_1/data/data_blur/train/Arrest005_x264-1e55617dc5_0_hue_adjust_blur.mp4,/content/drive/MyDrive/ucf_experiments/ciclo_experimental_1/data/data_crop/train/Arrest005_x264-1e55617dc5_0_hue_adjust_crop.mp4,0
4874,/content/drive/MyDrive/ucf_experiments/ciclo_experimental_1/data/data_blur/train/Robbery016_x264-70f5900567_0_hue_adjust_blur.mp4,/content/drive/MyDrive/ucf_experiments/ciclo_experimental_1/data/data_crop/train/Robbery016_x264-70f5900567_0_hue_adjust_crop.mp4,0
4875,/content/drive/MyDrive/ucf_experiments/ciclo_experimental_1/data/data_blur/train/Abuse003_x264-015d53ea81_1_hue_adjust_blur.mp4,/content/drive/MyDrive/ucf_experiments/ciclo_experimental_1/data/data_crop/train/Abuse003_x264-015d53ea81_1_hue_adjust_crop.mp4,1
4876,/content/drive/MyDrive/ucf_experiments/ciclo_experimental_1/data/data_blur/train/Abuse006_x264-b4d83f2842_0_hue_adjust_blur.mp4,/content/drive/MyDrive/ucf_experiments/ciclo_experimental_1/data/data_crop/train/Abuse006_x264-b4d83f2842_0_hue_adjust_crop.mp4,0
4877,/content/drive/MyDrive/ucf_experiments/ciclo_experimental_1/data/data_blur/train/Abuse020_x264-3d6a377538_0_hue_adjust_blur.mp4,/content/drive/MyDrive/ucf_experiments/ciclo_experimental_1/data/data_crop/train/Abuse020_x264-3d6a377538_0_hue_adjust_crop.mp4,0
4878,/content/drive/MyDrive/ucf_experiments/ciclo_experimental_1/data/data_blur/train/Robbery035_x264-75c868ad84_0_hue_adjust_blur.mp4,/content/drive/MyDrive/ucf_experiments/ciclo_experimental_1/data/data_crop/train/Robbery035_x264-75c868ad84_0_hue_adjust_crop.mp4,0
4879,/content/drive/MyDrive/ucf_experiments/ciclo_experimental_1/data/data_blur/train/Robbery105_x264-b38c94ac73_0_hue_adjust_blur.mp4,/content/drive/MyDrive/ucf_experiments/ciclo_experimental_1/data/data_crop/train/Robbery105_x264-b38c94ac73_0_hue_adjust_crop.mp4,0
4880,/content/drive/MyDrive/ucf_experiments/ciclo_experimental_1/data/data_blur/train/Assault044_x264-7d0896d540_1_hue_adjust_blur.mp4,/content/drive/MyDrive/ucf_experiments/ciclo_experimental_1/data/data_crop/train/Assault044_x264-7d0896d540_1_hue_adjust_crop.mp4,1
4881,/content/drive/MyDrive/ucf_experiments/ciclo_experimental_1/data/data_blur/train/Abuse050_x264-a1f538c0bd_1_hue_adjust_blur.mp4,/content/drive/MyDrive/ucf_experiments/ciclo_experimental_1/data/data_crop/train/Abuse050_x264-a1f538c0bd_1_hue_adjust_crop.mp4,1
4882,/content/drive/MyDrive/ucf_experiments/ciclo_experimental_1/data/data_blur/train/Abuse038_x264-4b3c57ef18_0_hue_adjust_blur.mp4,/content/drive/MyDrive/ucf_experiments/ciclo_experimental_1/data/data_crop/train/Abuse038_x264-4b3c57ef18_0_hue_adjust_crop.mp4,0
4883,/content/drive/MyDrive/ucf_experiments/ciclo_experimental_1/data/data_blur/train/Arrest025_x264-f32b9546dd_1_hue_adjust_blur.mp4,/content/drive/MyDrive/ucf_experiments/ciclo_experimental_1/data/data_crop/train/Arrest025_x264-f32b9546dd_1_hue_adjust_crop.mp4,1
4884,/content/drive/MyDrive/ucf_experiments/ciclo_experimental_1/data/data_blur/train/Robbery057_x264-44f12a6e30_0_hue_adjust_blur.mp4,/content/drive/MyDrive/ucf_experiments/ciclo_experimental_1/data/data_crop/train/Robbery057_x264-44f12a6e30_0_hue_adjust_crop.mp4,0
4885,/content/drive/MyDrive/ucf_experiments/ciclo_experimental_1/data/data_blur/train/Robbery041_x264-a4369dc286_1_hue_adjust_blur.mp4,/content/drive/MyDrive/ucf_experiments/ciclo_experimental_1/data/data_crop/train/Robbery041_x264-a4369dc286_1_hue_adjust_crop.mp4,1
4886,/content/drive/MyDrive/ucf_experiments/ciclo_experimental_1/data/data_blur/train/Robbery008_x264-f5186cd461_1_hue_adjust_blur.mp4,/content/drive/MyDrive/ucf_experiments/ciclo_experimental_1/data/data_crop/train/Robbery008_x264-f5186cd461_1_hue_adjust_crop.mp4,1
4887,/content/drive/MyDrive/ucf_experiments/ciclo_experimental_1/data/data_blur/train/Fighting011_x264-30ce5342a7_1_hue_adjust_blur.mp4,/content/drive/MyDrive/ucf_experiments/ciclo_experimental_1/data/data_crop/train/Fighting011_x264-30ce5342a7_1_hue_adjust_crop.mp4,1
4888,/content/drive/MyDrive/ucf_experiments/ciclo_experimental_1/data/data_blur/train/Abuse022_x264-93ec145bf5_1_hue_adjust_blur.mp4,/content/drive/MyDrive/ucf_experiments/ciclo_experimental_1/data/data_crop/train/Abuse022_x264-93ec145bf5_1_hue_adjust_crop.mp4,1
4889,/content/drive/MyDrive/ucf_experiments/ciclo_experimental_1/data/data_blur/train/Assault004_x264-bb2ee6c25b_1_hue_adjust_blur.mp4,/content/drive/MyDrive/ucf_experiments/ciclo_experimental_1/data/data_crop/train/Assault004_x264-bb2ee6c25b_1_hue_adjust_crop.mp4,1
4890,/content/drive/MyDrive/ucf_experiments/ciclo_experimental_1/data/data_blur/train/Robbery107_x264-42d6d8ed67_0_hue_adjust_blur.mp4,/content/drive/MyDrive/ucf_experiments/ciclo_experimental_1/data/data_crop/train/Robbery107_x264-42d6d8ed67_0_hue_adjust_crop.mp4,0
4891,/content/drive/MyDrive/ucf_experiments/ciclo_experimental_1/data/data_blur/train/Assault032_x264-afc92bf2ef_0_hue_adjust_blur.mp4,/content/drive/MyDrive/ucf_experiments/ciclo_experimental_1/data/data_crop/train/Assault032_x264-afc92bf2ef_0_hue_adjust_crop.mp4,0
4892,/content/drive/MyDrive/ucf_experiments/ciclo_experimental_1/data/data_blur/train/Assault019_x264-f1321f2d80_0_hue_adjust_blur.mp4,/content/drive/MyDrive/ucf_experiments/ciclo_experimental_1/data/data_crop/train/Assault019_x264-f1321f2d80_0_hue_adjust_crop.mp4,0
4893,/content/drive/MyDrive/ucf_experiments/ciclo_experimental_1/data/data_blur/train/Robbery086_x264-a56be1d93c_0_hue_adjust_blur.mp4,/content/drive/MyDrive/ucf_experiments/ciclo_experimental_1/data/data_crop/train/Robbery086_x264-a56be1d93c_0_hue_adjust_crop.mp4,0
4894,/content/drive/MyDrive/ucf_experiments/ciclo_experimental_1/data/data_blur/train/Robbery054_x264-b642bcb0b5_0_hue_adjust_blur.mp4,/content/drive/MyDrive/ucf_experiments/ciclo_experimental_1/data/data_crop/train/Robbery054_x264-b642bcb0b5_0_hue_adjust_crop.mp4,0
4895,/content/drive/MyDrive/ucf_experiments/ciclo_experimental_1/data/data_blur/train/Robbery098_x264-663a46799d_0_hue_adjust_blur.mp4,/content/drive/MyDrive/ucf_experiments/ciclo_experimental_1/data/data_crop/train/Robbery098_x264-663a46799d_0_hue_adjust_crop.mp4,0
4896,/content/drive/MyDrive/ucf_experiments/ciclo_experimental_1/data/data_blur/train/Arrest003_x264-7043722f0e_1_hue_adjust_blur.mp4,/content/drive/MyDrive/ucf_experiments/ciclo_experimental_1/data/data_crop/train/Arrest003_x264-7043722f0e_1_hue_adjust_crop.mp4,1
4897,/content/drive/MyDrive/ucf_experiments/ciclo_experimental_1/data/data_blur/train/Robbery060_x264-b6096bd4af_1_hue_adjust_blur.mp4,/content/drive/MyDrive/ucf_experiments/ciclo_experimental_1/data/data_crop/train/Robbery060_x264-b6096bd4af_1_hue_adjust_crop.mp4,1
4898,/content/drive/MyDrive/ucf_experiments/ciclo_experimental_1/data/data_blur/train/Assault036_x264-7747638843_0_hue_adjust_blur.mp4,/content/drive/MyDrive/ucf_experiments/ciclo_experimental_1/data/data_crop/train/Assault036_x264-7747638843_0_hue_adjust_crop.mp4,0
4899,/content/drive/MyDrive/ucf_experiments/ciclo_experimental_1/data/data_blur/train/Assault032_x264-48862fc731_0_hue_adjust_blur.mp4,/content/drive/MyDrive/ucf_experiments/ciclo_experimental_1/data/data_crop/train/Assault032_x264-48862fc731_0_hue_adjust_crop.mp4,0
4900,/content/drive/MyDrive/ucf_experiments/ciclo_experimental_1/data/data_blur/train/Assault033_x264-84c7c5bb69_0_hue_adjust_blur.mp4,/content/drive/MyDrive/ucf_experiments/ciclo_experimental_1/data/data_crop/train/Assault033_x264-84c7c5bb69_0_hue_adjust_crop.mp4,0
4901,/content/drive/MyDrive/ucf_experiments/ciclo_experimental_1/data/data_blur/train/Arrest016_x264-507c2c4e43_0_hue_adjust_blur.mp4,/content/drive/MyDrive/ucf_experiments/ciclo_experimental_1/data/data_crop/train/Arrest016_x264-507c2c4e43_0_hue_adjust_crop.mp4,0
4902,/content/drive/MyDrive/ucf_experiments/ciclo_experimental_1/data/data_blur/train/Arrest026_x264-dee9f8521b_1_hue_adjust_blur.mp4,/content/drive/MyDrive/ucf_experiments/ciclo_experimental_1/data/data_crop/train/Arrest026_x264-dee9f8521b_1_hue_adjust_crop.mp4,1
4903,/content/drive/MyDrive/ucf_experiments/ciclo_experimental_1/data/data_blur/train/Robbery027_x264-c88c16da5e_1_hue_adjust_blur.mp4,/content/drive/MyDrive/ucf_experiments/ciclo_experimental_1/data/data_crop/train/Robbery027_x264-c88c16da5e_1_hue_adjust_crop.mp4,1
4904,/content/drive/MyDrive/ucf_experiments/ciclo_experimental_1/data/data_blur/train/Robbery025_x264-2ac66f59af_1_hue_adjust_blur.mp4,/content/drive/MyDrive/ucf_experiments/ciclo_experimental_1/data/data_crop/train/Robbery025_x264-2ac66f59af_1_hue_adjust_crop.mp4,1
4905,/content/drive/MyDrive/ucf_experiments/ciclo_experimental_1/data/data_blur/train/Assault013_x264-1d46934fd9_1_hue_adjust_blur.mp4,/content/drive/MyDrive/ucf_experiments/ciclo_experimental_1/data/data_crop/train/Assault013_x264-1d46934fd9_1_hue_adjust_crop.mp4,1
4906,/content/drive/MyDrive/ucf_experiments/ciclo_experimental_1/data/data_blur/train/Robbery030_x264-acb21bbe46_0_hue_adjust_blur.mp4,/content/drive/MyDrive/ucf_experiments/ciclo_experimental_1/data/data_crop/train/Robbery030_x264-acb21bbe46_0_hue_adjust_crop.mp4,0
4907,/content/drive/MyDrive/ucf_experiments/ciclo_experimental_1/data/data_blur/train/Robbery015_x264-d20a0ec8d4_0_hue_adjust_blur.mp4,/content/drive/MyDrive/ucf_experiments/ciclo_experimental_1/data/data_crop/train/Robbery015_x264-d20a0ec8d4_0_hue_adjust_crop.mp4,0
4908,/content/drive/MyDrive/ucf_experiments/ciclo_experimental_1/data/data_blur/train/Fighting040_x264-5d4934f283_0_hue_adjust_blur.mp4,/content/drive/MyDrive/ucf_experiments/ciclo_experimental_1/data/data_crop/train/Fighting040_x264-5d4934f283_0_hue_adjust_crop.mp4,0
4909,/content/drive/MyDrive/ucf_experiments/ciclo_experimental_1/data/data_blur/train/Fighting049_x264-82854a5666_0_hue_adjust_blur.mp4,/content/drive/MyDrive/ucf_experiments/ciclo_experimental_1/data/data_crop/train/Fighting049_x264-82854a5666_0_hue_adjust_crop.mp4,0
4910,/content/drive/MyDrive/ucf_experiments/ciclo_experimental_1/data/data_blur/train/Abuse008_x264-b18be0eeba_0_hue_adjust_blur.mp4,/content/drive/MyDrive/ucf_experiments/ciclo_experimental_1/data/data_crop/train/Abuse008_x264-b18be0eeba_0_hue_adjust_crop.mp4,0
4911,/content/drive/MyDrive/ucf_experiments/ciclo_experimental_1/data/data_blur/train/Abuse026_x264-798fb28dbf_1_hue_adjust_blur.mp4,/content/drive/MyDrive/ucf_experiments/ciclo_experimental_1/data/data_crop/train/Abuse026_x264-798fb28dbf_1_hue_adjust_crop.mp4,1
4912,/content/drive/MyDrive/ucf_experiments/ciclo_experimental_1/data/data_blur/train/Assault032_x264-bb68f8be19_1_hue_adjust_blur.mp4,/content/drive/MyDrive/ucf_experiments/ciclo_experimental_1/data/data_crop/train/Assault032_x264-bb68f8be19_1_hue_adjust_crop.mp4,1
4913,/content/drive/MyDrive/ucf_experiments/ciclo_experimental_1/data/data_blur/train/Robbery081_x264-fa3449cd8c_0_hue_adjust_blur.mp4,/content/drive/MyDrive/ucf_experiments/ciclo_experimental_1/data/data_crop/train/Robbery081_x264-fa3449cd8c_0_hue_adjust_crop.mp4,0
4914,/content/drive/MyDrive/ucf_experiments/ciclo_experimental_1/data/data_blur/train/Arrest011_x264-2ed5b0f491_0_hue_adjust_blur.mp4,/content/drive/MyDrive/ucf_experiments/ciclo_experimental_1/data/data_crop/train/Arrest011_x264-2ed5b0f491_0_hue_adjust_crop.mp4,0
4915,/content/drive/MyDrive/ucf_experiments/ciclo_experimental_1/data/data_blur/train/Fighting051_x264-533554ede6_1_hue_adjust_blur.mp4,/content/drive/MyDrive/ucf_experiments/ciclo_experimental_1/data/data_crop/train/Fighting051_x264-533554ede6_1_hue_adjust_crop.mp4,1
4916,/content/drive/MyDrive/ucf_experiments/ciclo_experimental_1/data/data_blur/train/Arrest023_x264-3c1b33f24a_1_hue_adjust_blur.mp4,/content/drive/MyDrive/ucf_experiments/ciclo_experimental_1/data/data_crop/train/Arrest023_x264-3c1b33f24a_1_hue_adjust_crop.mp4,1
4917,/content/drive/MyDrive/ucf_experiments/ciclo_experimental_1/data/data_blur/train/Fighting004_x264-c6509b70cc_1_hue_adjust_blur.mp4,/content/drive/MyDrive/ucf_experiments/ciclo_experimental_1/data/data_crop/train/Fighting004_x264-c6509b70cc_1_hue_adjust_crop.mp4,1
4918,/content/drive/MyDrive/ucf_experiments/ciclo_experimental_1/data/data_blur/train/Assault048_x264-d3ba1e90e0_0_hue_adjust_blur.mp4,/content/drive/MyDrive/ucf_experiments/ciclo_experimental_1/data/data_crop/train/Assault048_x264-d3ba1e90e0_0_hue_adjust_crop.mp4,0
4919,/content/drive/MyDrive/ucf_experiments/ciclo_experimental_1/data/data_blur/train/Robbery019_x264-fc39684de1_1_hue_adjust_blur.mp4,/content/drive/MyDrive/ucf_experiments/ciclo_experimental_1/data/data_crop/train/Robbery019_x264-fc39684de1_1_hue_adjust_crop.mp4,1
4920,/content/drive/MyDrive/ucf_experiments/ciclo_experimental_1/data/data_blur/train/Robbery006_x264-71153f9a0c_1_hue_adjust_blur.mp4,/content/drive/MyDrive/ucf_experiments/ciclo_experimental_1/data/data_crop/train/Robbery006_x264-71153f9a0c_1_hue_adjust_crop.mp4,1
4921,/content/drive/MyDrive/ucf_experiments/ciclo_experimental_1/data/data_blur/train/Robbery047_x264-c849d8ba0a_1_hue_adjust_blur.mp4,/content/drive/MyDrive/ucf_experiments/ciclo_experimental_1/data/data_crop/train/Robbery047_x264-c849d8ba0a_1_hue_adjust_crop.mp4,1
4922,/content/drive/MyDrive/ucf_experiments/ciclo_experimental_1/data/data_blur/train/Fighting006_x264-2d5550445e_0_hue_adjust_blur.mp4,/content/drive/MyDrive/ucf_experiments/ciclo_experimental_1/data/data_crop/train/Fighting006_x264-2d5550445e_0_hue_adjust_crop.mp4,0
4923,/content/drive/MyDrive/ucf_experiments/ciclo_experimental_1/data/data_blur/train/Robbery105_x264-73b9f593e5_0_hue_adjust_blur.mp4,/content/drive/MyDrive/ucf_experiments/ciclo_experimental_1/data/data_crop/train/Robbery105_x264-73b9f593e5_0_hue_adjust_crop.mp4,0
4924,/content/drive/MyDrive/ucf_experiments/ciclo_experimental_1/data/data_blur/train/Robbery059_x264-eaedad7f26_0_hue_adjust_blur.mp4,/content/drive/MyDrive/ucf_experiments/ciclo_experimental_1/data/data_crop/train/Robbery059_x264-eaedad7f26_0_hue_adjust_crop.mp4,0
4925,/content/drive/MyDrive/ucf_experiments/ciclo_experimental_1/data/data_blur/train/Fighting026_x264-4bbcba89c2_1_hue_adjust_blur.mp4,/content/drive/MyDrive/ucf_experiments/ciclo_experimental_1/data/data_crop/train/Fighting026_x264-4bbcba89c2_1_hue_adjust_crop.mp4,1
4926,/content/drive/MyDrive/ucf_experiments/ciclo_experimental_1/data/data_blur/train/Abuse045_x264-724adb413e_0_hue_adjust_blur.mp4,/content/drive/MyDrive/ucf_experiments/ciclo_experimental_1/data/data_crop/train/Abuse045_x264-724adb413e_0_hue_adjust_crop.mp4,0
4927,/content/drive/MyDrive/ucf_experiments/ciclo_experimental_1/data/data_blur/train/Abuse021_x264-40c749b7b8_1_hue_adjust_blur.mp4,/content/drive/MyDrive/ucf_experiments/ciclo_experimental_1/data/data_crop/train/Abuse021_x264-40c749b7b8_1_hue_adjust_crop.mp4,1
4928,/content/drive/MyDrive/ucf_experiments/ciclo_experimental_1/data/data_blur/train/Abuse009_x264-de51d9d10e_1_hue_adjust_blur.mp4,/content/drive/MyDrive/ucf_experiments/ciclo_experimental_1/data/data_crop/train/Abuse009_x264-de51d9d10e_1_hue_adjust_crop.mp4,1
4929,/content/drive/MyDrive/ucf_experiments/ciclo_experimental_1/data/data_blur/train/Fighting027_x264-4880e15918_0_hue_adjust_blur.mp4,/content/drive/MyDrive/ucf_experiments/ciclo_experimental_1/data/data_crop/train/Fighting027_x264-4880e15918_0_hue_adjust_crop.mp4,0
4930,/content/drive/MyDrive/ucf_experiments/ciclo_experimental_1/data/data_blur/train/Arrest022_x264-7ec486a1f6_0_hue_adjust_blur.mp4,/content/drive/MyDrive/ucf_experiments/ciclo_experimental_1/data/data_crop/train/Arrest022_x264-7ec486a1f6_0_hue_adjust_crop.mp4,0
4931,/content/drive/MyDrive/ucf_experiments/ciclo_experimental_1/data/data_blur/train/Robbery104_x264-5d7e6d6554_0_hue_adjust_blur.mp4,/content/drive/MyDrive/ucf_experiments/ciclo_experimental_1/data/data_crop/train/Robbery104_x264-5d7e6d6554_0_hue_adjust_crop.mp4,0
4932,/content/drive/MyDrive/ucf_experiments/ciclo_experimental_1/data/data_blur/train/Abuse005_x264-1e69693d77_1_hue_adjust_blur.mp4,/content/drive/MyDrive/ucf_experiments/ciclo_experimental_1/data/data_crop/train/Abuse005_x264-1e69693d77_1_hue_adjust_crop.mp4,1
4933,/content/drive/MyDrive/ucf_experiments/ciclo_experimental_1/data/data_blur/train/Assault040_x264-07cfe6d496_0_hue_adjust_blur.mp4,/content/drive/MyDrive/ucf_experiments/ciclo_experimental_1/data/data_crop/train/Assault040_x264-07cfe6d496_0_hue_adjust_crop.mp4,0
4934,/content/drive/MyDrive/ucf_experiments/ciclo_experimental_1/data/data_blur/train/Assault016_x264-3400059968_1_hue_adjust_blur.mp4,/content/drive/MyDrive/ucf_experiments/ciclo_experimental_1/data/data_crop/train/Assault016_x264-3400059968_1_hue_adjust_crop.mp4,1
4935,/content/drive/MyDrive/ucf_experiments/ciclo_experimental_1/data/data_blur/train/Robbery090_x264-8f10f06a0f_0_hue_adjust_blur.mp4,/content/drive/MyDrive/ucf_experiments/ciclo_experimental_1/data/data_crop/train/Robbery090_x264-8f10f06a0f_0_hue_adjust_crop.mp4,0
4936,/content/drive/MyDrive/ucf_experiments/ciclo_experimental_1/data/data_blur/train/Robbery097_x264-19a34b60eb_0_hue_adjust_blur.mp4,/content/drive/MyDrive/ucf_experiments/ciclo_experimental_1/data/data_crop/train/Robbery097_x264-19a34b60eb_0_hue_adjust_crop.mp4,0
4937,/content/drive/MyDrive/ucf_experiments/ciclo_experimental_1/data/data_blur/train/Arrest044_x264-63bc094ea1_0_hue_adjust_blur.mp4,/content/drive/MyDrive/ucf_experiments/ciclo_experimental_1/data/data_crop/train/Arrest044_x264-63bc094ea1_0_hue_adjust_crop.mp4,0
4938,/content/drive/MyDrive/ucf_experiments/ciclo_experimental_1/data/data_blur/train/Robbery056_x264-029c78c4e0_1_hue_adjust_blur.mp4,/content/drive/MyDrive/ucf_experiments/ciclo_experimental_1/data/data_crop/train/Robbery056_x264-029c78c4e0_1_hue_adjust_crop.mp4,1
4939,/content/drive/MyDrive/ucf_experiments/ciclo_experimental_1/data/data_blur/train/Assault031_x264-25f34fb235_0_hue_adjust_blur.mp4,/content/drive/MyDrive/ucf_experiments/ciclo_experimental_1/data/data_crop/train/Assault031_x264-25f34fb235_0_hue_adjust_crop.mp4,0
4940,/content/drive/MyDrive/ucf_experiments/ciclo_experimental_1/data/data_blur/train/Robbery091_x264-e01e265e06_1_hue_adjust_blur.mp4,/content/drive/MyDrive/ucf_experiments/ciclo_experimental_1/data/data_crop/train/Robbery091_x264-e01e265e06_1_hue_adjust_crop.mp4,1
4941,/content/drive/MyDrive/ucf_experiments/ciclo_experimental_1/data/data_blur/train/Robbery060_x264-52e53afab2_1_hue_adjust_blur.mp4,/content/drive/MyDrive/ucf_experiments/ciclo_experimental_1/data/data_crop/train/Robbery060_x264-52e53afab2_1_hue_adjust_crop.mp4,1
4942,/content/drive/MyDrive/ucf_experiments/ciclo_experimental_1/data/data_blur/train/Assault035_x264-f63e766d70_0_hue_adjust_blur.mp4,/content/drive/MyDrive/ucf_experiments/ciclo_experimental_1/data/data_crop/train/Assault035_x264-f63e766d70_0_hue_adjust_crop.mp4,0
4943,/content/drive/MyDrive/ucf_experiments/ciclo_experimental_1/data/data_blur/train/Robbery003_x264-77ba7e73ab_0_hue_adjust_blur.mp4,/content/drive/MyDrive/ucf_experiments/ciclo_experimental_1/data/data_crop/train/Robbery003_x264-77ba7e73ab_0_hue_adjust_crop.mp4,0
4944,/content/drive/MyDrive/ucf_experiments/ciclo_experimental_1/data/data_blur/train/Fighting010_x264-36e30aea24_0_hue_adjust_blur.mp4,/content/drive/MyDrive/ucf_experiments/ciclo_experimental_1/data/data_crop/train/Fighting010_x264-36e30aea24_0_hue_adjust_crop.mp4,0
4945,/content/drive/MyDrive/ucf_experiments/ciclo_experimental_1/data/data_blur/train/Assault032_x264-da0dc1e180_1_hue_adjust_blur.mp4,/content/drive/MyDrive/ucf_experiments/ciclo_experimental_1/data/data_crop/train/Assault032_x264-da0dc1e180_1_hue_adjust_crop.mp4,1
4946,/content/drive/MyDrive/ucf_experiments/ciclo_experimental_1/data/data_blur/train/Abuse048_x264-f0d1ca77c7_0_hue_adjust_blur.mp4,/content/drive/MyDrive/ucf_experiments/ciclo_experimental_1/data/data_crop/train/Abuse048_x264-f0d1ca77c7_0_hue_adjust_crop.mp4,0
4947,/content/drive/MyDrive/ucf_experiments/ciclo_experimental_1/data/data_blur/train/Robbery034_x264-e7c054fe32_0_hue_adjust_blur.mp4,/content/drive/MyDrive/ucf_experiments/ciclo_experimental_1/data/data_crop/train/Robbery034_x264-e7c054fe32_0_hue_adjust_crop.mp4,0
4948,/content/drive/MyDrive/ucf_experiments/ciclo_experimental_1/data/data_blur/train/Assault012_x264-68a65244ff_0_hue_adjust_blur.mp4,/content/drive/MyDrive/ucf_experiments/ciclo_experimental_1/data/data_crop/train/Assault012_x264-68a65244ff_0_hue_adjust_crop.mp4,0
4949,/content/drive/MyDrive/ucf_experiments/ciclo_experimental_1/data/data_blur/train/Arrest011_x264-4c230f2df4_1_hue_adjust_blur.mp4,/content/drive/MyDrive/ucf_experiments/ciclo_experimental_1/data/data_crop/train/Arrest011_x264-4c230f2df4_1_hue_adjust_crop.mp4,1
4950,/content/drive/MyDrive/ucf_experiments/ciclo_experimental_1/data/data_blur/train/Assault015_x264-2fff1db021_0_hue_adjust_blur.mp4,/content/drive/MyDrive/ucf_experiments/ciclo_experimental_1/data/data_crop/train/Assault015_x264-2fff1db021_0_hue_adjust_crop.mp4,0
4951,/content/drive/MyDrive/ucf_experiments/ciclo_experimental_1/data/data_blur/train/Arrest041_x264-1810ab19b4_1_hue_adjust_blur.mp4,/content/drive/MyDrive/ucf_experiments/ciclo_experimental_1/data/data_crop/train/Arrest041_x264-1810ab19b4_1_hue_adjust_crop.mp4,1
4952,/content/drive/MyDrive/ucf_experiments/ciclo_experimental_1/data/data_blur/train/Robbery031_x264-3a036ceb55_1_hue_adjust_blur.mp4,/content/drive/MyDrive/ucf_experiments/ciclo_experimental_1/data/data_crop/train/Robbery031_x264-3a036ceb55_1_hue_adjust_crop.mp4,1
4953,/content/drive/MyDrive/ucf_experiments/ciclo_experimental_1/data/data_blur/train/Robbery023_x264-64b8709206_1_hue_adjust_blur.mp4,/content/drive/MyDrive/ucf_experiments/ciclo_experimental_1/data/data_crop/train/Robbery023_x264-64b8709206_1_hue_adjust_crop.mp4,1
4954,/content/drive/MyDrive/ucf_experiments/ciclo_experimental_1/data/data_blur/train/Assault029_x264-143de1982d_1_hue_adjust_blur.mp4,/content/drive/MyDrive/ucf_experiments/ciclo_experimental_1/data/data_crop/train/Assault029_x264-143de1982d_1_hue_adjust_crop.mp4,1
4955,/content/drive/MyDrive/ucf_experiments/ciclo_experimental_1/data/data_blur/train/Robbery038_x264-1891a8d5cc_1_hue_adjust_blur.mp4,/content/drive/MyDrive/ucf_experiments/ciclo_experimental_1/data/data_crop/train/Robbery038_x264-1891a8d5cc_1_hue_adjust_crop.mp4,1
4956,/content/drive/MyDrive/ucf_experiments/ciclo_experimental_1/data/data_blur/train/Robbery033_x264-33930533e8_1_hue_adjust_blur.mp4,/content/drive/MyDrive/ucf_experiments/ciclo_experimental_1/data/data_crop/train/Robbery033_x264-33930533e8_1_hue_adjust_crop.mp4,1
4957,/content/drive/MyDrive/ucf_experiments/ciclo_experimental_1/data/data_blur/train/Robbery009_x264-9e5a6a299b_0_hue_adjust_blur.mp4,/content/drive/MyDrive/ucf_experiments/ciclo_experimental_1/data/data_crop/train/Robbery009_x264-9e5a6a299b_0_hue_adjust_crop.mp4,0
4958,/content/drive/MyDrive/ucf_experiments/ciclo_experimental_1/data/data_blur/train/Abuse006_x264-5644f17d5e_0_hue_adjust_blur.mp4,/content/drive/MyDrive/ucf_experiments/ciclo_experimental_1/data/data_crop/train/Abuse006_x264-5644f17d5e_0_hue_adjust_crop.mp4,0
4959,/content/drive/MyDrive/ucf_experiments/ciclo_experimental_1/data/data_blur/train/Abuse012_x264-b13dc8cec0_1_hue_adjust_blur.mp4,/content/drive/MyDrive/ucf_experiments/ciclo_experimental_1/data/data_crop/train/Abuse012_x264-b13dc8cec0_1_hue_adjust_crop.mp4,1
4960,/content/drive/MyDrive/ucf_experiments/ciclo_experimental_1/data/data_blur/train/Robbery093_x264-c00c8cdf79_0_hue_adjust_blur.mp4,/content/drive/MyDrive/ucf_experiments/ciclo_experimental_1/data/data_crop/train/Robbery093_x264-c00c8cdf79_0_hue_adjust_crop.mp4,0
4961,/content/drive/MyDrive/ucf_experiments/ciclo_experimental_1/data/data_blur/train/Abuse045_x264-4f600206df_1_hue_adjust_blur.mp4,/content/drive/MyDrive/ucf_experiments/ciclo_experimental_1/data/data_crop/train/Abuse045_x264-4f600206df_1_hue_adjust_crop.mp4,1
4962,/content/drive/MyDrive/ucf_experiments/ciclo_experimental_1/data/data_blur/train/Robbery032_x264-a8bcad3436_0_hue_adjust_blur.mp4,/content/drive/MyDrive/ucf_experiments/ciclo_experimental_1/data/data_crop/train/Robbery032_x264-a8bcad3436_0_hue_adjust_crop.mp4,0
4963,/content/drive/MyDrive/ucf_experiments/ciclo_experimental_1/data/data_blur/train/Robbery035_x264-c74a57bbae_0_hue_adjust_blur.mp4,/content/drive/MyDrive/ucf_experiments/ciclo_experimental_1/data/data_crop/train/Robbery035_x264-c74a57bbae_0_hue_adjust_crop.mp4,0
4964,/content/drive/MyDrive/ucf_experiments/ciclo_experimental_1/data/data_blur/train/Assault003_x264-cca1c1dd65_1_hue_adjust_blur.mp4,/content/drive/MyDrive/ucf_experiments/ciclo_experimental_1/data/data_crop/train/Assault003_x264-cca1c1dd65_1_hue_adjust_crop.mp4,1
4965,/content/drive/MyDrive/ucf_experiments/ciclo_experimental_1/data/data_blur/train/Abuse004_x264-9b696cca89_1_hue_adjust_blur.mp4,/content/drive/MyDrive/ucf_experiments/ciclo_experimental_1/data/data_crop/train/Abuse004_x264-9b696cca89_1_hue_adjust_crop.mp4,1
4966,/content/drive/MyDrive/ucf_experiments/ciclo_experimental_1/data/data_blur/train/Assault015_x264-6ee3ebca33_1_hue_adjust_blur.mp4,/content/drive/MyDrive/ucf_experiments/ciclo_experimental_1/data/data_crop/train/Assault015_x264-6ee3ebca33_1_hue_adjust_crop.mp4,1
4967,/content/drive/MyDrive/ucf_experiments/ciclo_experimental_1/data/data_blur/train/Arrest031_x264-d4f66b852a_0_hue_adjust_blur.mp4,/content/drive/MyDrive/ucf_experiments/ciclo_experimental_1/data/data_crop/train/Arrest031_x264-d4f66b852a_0_hue_adjust_crop.mp4,0
4968,/content/drive/MyDrive/ucf_experiments/ciclo_experimental_1/data/data_blur/train/Assault046_x264-5fed7e6d48_1_hue_adjust_blur.mp4,/content/drive/MyDrive/ucf_experiments/ciclo_experimental_1/data/data_crop/train/Assault046_x264-5fed7e6d48_1_hue_adjust_crop.mp4,1
4969,/content/drive/MyDrive/ucf_experiments/ciclo_experimental_1/data/data_blur/train/Fighting030_x264-9a865487da_1_hue_adjust_blur.mp4,/content/drive/MyDrive/ucf_experiments/ciclo_experimental_1/data/data_crop/train/Fighting030_x264-9a865487da_1_hue_adjust_crop.mp4,1
4970,/content/drive/MyDrive/ucf_experiments/ciclo_experimental_1/data/data_blur/train/Abuse004_x264-8cf9e6af67_1_hue_adjust_blur.mp4,/content/drive/MyDrive/ucf_experiments/ciclo_experimental_1/data/data_crop/train/Abuse004_x264-8cf9e6af67_1_hue_adjust_crop.mp4,1
4971,/content/drive/MyDrive/ucf_experiments/ciclo_experimental_1/data/data_blur/train/Robbery060_x264-c646db8693_1_hue_adjust_blur.mp4,/content/drive/MyDrive/ucf_experiments/ciclo_experimental_1/data/data_crop/train/Robbery060_x264-c646db8693_1_hue_adjust_crop.mp4,1
4972,/content/drive/MyDrive/ucf_experiments/ciclo_experimental_1/data/data_blur/train/Robbery028_x264-5ad0e8a215_0_hue_adjust_blur.mp4,/content/drive/MyDrive/ucf_experiments/ciclo_experimental_1/data/data_crop/train/Robbery028_x264-5ad0e8a215_0_hue_adjust_crop.mp4,0
4973,/content/drive/MyDrive/ucf_experiments/ciclo_experimental_1/data/data_blur/train/Abuse023_x264-669af7ad25_1_hue_adjust_blur.mp4,/content/drive/MyDrive/ucf_experiments/ciclo_experimental_1/data/data_crop/train/Abuse023_x264-669af7ad25_1_hue_adjust_crop.mp4,1
4974,/content/drive/MyDrive/ucf_experiments/ciclo_experimental_1/data/data_blur/train/Fighting007_x264-2442fedf1e_1_hue_adjust_blur.mp4,/content/drive/MyDrive/ucf_experiments/ciclo_experimental_1/data/data_crop/train/Fighting007_x264-2442fedf1e_1_hue_adjust_crop.mp4,1
4975,/content/drive/MyDrive/ucf_experiments/ciclo_experimental_1/data/data_blur/train/Abuse042_x264-bdd0bb241b_0_hue_adjust_blur.mp4,/content/drive/MyDrive/ucf_experiments/ciclo_experimental_1/data/data_crop/train/Abuse042_x264-bdd0bb241b_0_hue_adjust_crop.mp4,0
4976,/content/drive/MyDrive/ucf_experiments/ciclo_experimental_1/data/data_blur/train/Fighting004_x264-9efac3d7c9_0_hue_adjust_blur.mp4,/content/drive/MyDrive/ucf_experiments/ciclo_experimental_1/data/data_crop/train/Fighting004_x264-9efac3d7c9_0_hue_adjust_crop.mp4,0
4977,/content/drive/MyDrive/ucf_experiments/ciclo_experimental_1/data/data_blur/train/Assault015_x264-986e9d4c73_1_hue_adjust_blur.mp4,/content/drive/MyDrive/ucf_experiments/ciclo_experimental_1/data/data_crop/train/Assault015_x264-986e9d4c73_1_hue_adjust_crop.mp4,1
4978,/content/drive/MyDrive/ucf_experiments/ciclo_experimental_1/data/data_blur/train/Arrest046_x264-734b3a7bb3_0_hue_adjust_blur.mp4,/content/drive/MyDrive/ucf_experiments/ciclo_experimental_1/data/data_crop/train/Arrest046_x264-734b3a7bb3_0_hue_adjust_crop.mp4,0
4979,/content/drive/MyDrive/ucf_experiments/ciclo_experimental_1/data/data_blur/train/Abuse003_x264-34d35de8f0_0_hue_adjust_blur.mp4,/content/drive/MyDrive/ucf_experiments/ciclo_experimental_1/data/data_crop/train/Abuse003_x264-34d35de8f0_0_hue_adjust_crop.mp4,0
4980,/content/drive/MyDrive/ucf_experiments/ciclo_experimental_1/data/data_blur/train/Abuse021_x264-d2509f6d6d_1_hue_adjust_blur.mp4,/content/drive/MyDrive/ucf_experiments/ciclo_experimental_1/data/data_crop/train/Abuse021_x264-d2509f6d6d_1_hue_adjust_crop.mp4,1
4981,/content/drive/MyDrive/ucf_experiments/ciclo_experimental_1/data/data_blur/train/Robbery037_x264-18e676ee09_0_hue_adjust_blur.mp4,/content/drive/MyDrive/ucf_experiments/ciclo_experimental_1/data/data_crop/train/Robbery037_x264-18e676ee09_0_hue_adjust_crop.mp4,0
4982,/content/drive/MyDrive/ucf_experiments/ciclo_experimental_1/data/data_blur/train/Abuse012_x264-9219aefd01_0_hue_adjust_blur.mp4,/content/drive/MyDrive/ucf_experiments/ciclo_experimental_1/data/data_crop/train/Abuse012_x264-9219aefd01_0_hue_adjust_crop.mp4,0
4983,/content/drive/MyDrive/ucf_experiments/ciclo_experimental_1/data/data_blur/train/Fighting024_x264-45574dfa50_1_hue_adjust_blur.mp4,/content/drive/MyDrive/ucf_experiments/ciclo_experimental_1/data/data_crop/train/Fighting024_x264-45574dfa50_1_hue_adjust_crop.mp4,1
4984,/content/drive/MyDrive/ucf_experiments/ciclo_experimental_1/data/data_blur/train/Robbery022_x264-a514c44ac4_1_hue_adjust_blur.mp4,/content/drive/MyDrive/ucf_experiments/ciclo_experimental_1/data/data_crop/train/Robbery022_x264-a514c44ac4_1_hue_adjust_crop.mp4,1
4985,/content/drive/MyDrive/ucf_experiments/ciclo_experimental_1/data/data_blur/train/Arrest032_x264-54c7bb82b4_1_hue_adjust_blur.mp4,/content/drive/MyDrive/ucf_experiments/ciclo_experimental_1/data/data_crop/train/Arrest032_x264-54c7bb82b4_1_hue_adjust_crop.mp4,1
4986,/content/drive/MyDrive/ucf_experiments/ciclo_experimental_1/data/data_blur/train/Assault014_x264-48bc8762b8_0_hue_adjust_blur.mp4,/content/drive/MyDrive/ucf_experiments/ciclo_experimental_1/data/data_crop/train/Assault014_x264-48bc8762b8_0_hue_adjust_crop.mp4,0
4987,/content/drive/MyDrive/ucf_experiments/ciclo_experimental_1/data/data_blur/train/Robbery071_x264-339941177c_0_hue_adjust_blur.mp4,/content/drive/MyDrive/ucf_experiments/ciclo_experimental_1/data/data_crop/train/Robbery071_x264-339941177c_0_hue_adjust_crop.mp4,0
4988,/content/drive/MyDrive/ucf_experiments/ciclo_experimental_1/data/data_blur/train/Abuse048_x264-581a8c4c50_1_hue_adjust_blur.mp4,/content/drive/MyDrive/ucf_experiments/ciclo_experimental_1/data/data_crop/train/Abuse048_x264-581a8c4c50_1_hue_adjust_crop.mp4,1
4989,/content/drive/MyDrive/ucf_experiments/ciclo_experimental_1/data/data_blur/train/Robbery055_x264-0f59f796cc_0_hue_adjust_blur.mp4,/content/drive/MyDrive/ucf_experiments/ciclo_experimental_1/data/data_crop/train/Robbery055_x264-0f59f796cc_0_hue_adjust_crop.mp4,0
4990,/content/drive/MyDrive/ucf_experiments/ciclo_experimental_1/data/data_blur/train/Fighting021_x264-3f827eed3d_0_hue_adjust_blur.mp4,/content/drive/MyDrive/ucf_experiments/ciclo_experimental_1/data/data_crop/train/Fighting021_x264-3f827eed3d_0_hue_adjust_crop.mp4,0
4991,/content/drive/MyDrive/ucf_experiments/ciclo_experimental_1/data/data_blur/train/Robbery057_x264-85cb4ce148_0_hue_adjust_blur.mp4,/content/drive/MyDrive/ucf_experiments/ciclo_experimental_1/data/data_crop/train/Robbery057_x264-85cb4ce148_0_hue_adjust_crop.mp4,0
4992,/content/drive/MyDrive/ucf_experiments/ciclo_experimental_1/data/data_blur/train/Fighting006_x264-27094fc912_1_hue_adjust_blur.mp4,/content/drive/MyDrive/ucf_experiments/ciclo_experimental_1/data/data_crop/train/Fighting006_x264-27094fc912_1_hue_adjust_crop.mp4,1
4993,/content/drive/MyDrive/ucf_experiments/ciclo_experimental_1/data/data_blur/train/Arrest026_x264-96131fc371_1_hue_adjust_blur.mp4,/content/drive/MyDrive/ucf_experiments/ciclo_experimental_1/data/data_crop/train/Arrest026_x264-96131fc371_1_hue_adjust_crop.mp4,1
4994,/content/drive/MyDrive/ucf_experiments/ciclo_experimental_1/data/data_blur/train/Robbery043_x264-1d17a7ca8b_0_hue_adjust_blur.mp4,/content/drive/MyDrive/ucf_experiments/ciclo_experimental_1/data/data_crop/train/Robbery043_x264-1d17a7ca8b_0_hue_adjust_crop.mp4,0
4995,/content/drive/MyDrive/ucf_experiments/ciclo_experimental_1/data/data_blur/train/Arrest033_x264-e6f74fded5_1_hue_adjust_blur.mp4,/content/drive/MyDrive/ucf_experiments/ciclo_experimental_1/data/data_crop/train/Arrest033_x264-e6f74fded5_1_hue_adjust_crop.mp4,1
4996,/content/drive/MyDrive/ucf_experiments/ciclo_experimental_1/data/data_blur/train/Abuse012_x264-ac22e2f1f8_0_hue_adjust_blur.mp4,/content/drive/MyDrive/ucf_experiments/ciclo_experimental_1/data/data_crop/train/Abuse012_x264-ac22e2f1f8_0_hue_adjust_crop.mp4,0
4997,/content/drive/MyDrive/ucf_experiments/ciclo_experimental_1/data/data_blur/train/Arrest029_x264-638d97dd30_1_hue_adjust_blur.mp4,/content/drive/MyDrive/ucf_experiments/ciclo_experimental_1/data/data_crop/train/Arrest029_x264-638d97dd30_1_hue_adjust_crop.mp4,1
4998,/content/drive/MyDrive/ucf_experiments/ciclo_experimental_1/data/data_blur/train/Assault032_x264-d7a1e9d842_1_hue_adjust_blur.mp4,/content/drive/MyDrive/ucf_experiments/ciclo_experimental_1/data/data_crop/train/Assault032_x264-d7a1e9d842_1_hue_adjust_crop.mp4,1
4999,/content/drive/MyDrive/ucf_experiments/ciclo_experimental_1/data/data_blur/train/Robbery023_x264-92b96588ba_1_hue_adjust_blur.mp4,/content/drive/MyDrive/ucf_experiments/ciclo_experimental_1/data/data_crop/train/Robbery023_x264-92b96588ba_1_hue_adjust_crop.mp4,1
5000,/content/drive/MyDrive/ucf_experiments/ciclo_experimental_1/data/data_blur/train/Abuse017_x264-5d0d207742_1_hue_adjust_blur.mp4,/content/drive/MyDrive/ucf_experiments/ciclo_experimental_1/data/data_crop/train/Abuse017_x264-5d0d207742_1_hue_adjust_crop.mp4,1
5001,/content/drive/MyDrive/ucf_experiments/ciclo_experimental_1/data/data_blur/train/Robbery067_x264-c3532ef353_1_hue_adjust_blur.mp4,/content/drive/MyDrive/ucf_experiments/ciclo_experimental_1/data/data_crop/train/Robbery067_x264-c3532ef353_1_hue_adjust_crop.mp4,1
5002,/content/drive/MyDrive/ucf_experiments/ciclo_experimental_1/data/data_blur/train/Assault028_x264-713bfb2267_0_hue_adjust_blur.mp4,/content/drive/MyDrive/ucf_experiments/ciclo_experimental_1/data/data_crop/train/Assault028_x264-713bfb2267_0_hue_adjust_crop.mp4,0
5003,/content/drive/MyDrive/ucf_experiments/ciclo_experimental_1/data/data_blur/train/Robbery082_x264-d92ec7c7b0_0_hue_adjust_blur.mp4,/content/drive/MyDrive/ucf_experiments/ciclo_experimental_1/data/data_crop/train/Robbery082_x264-d92ec7c7b0_0_hue_adjust_crop.mp4,0
5004,/content/drive/MyDrive/ucf_experiments/ciclo_experimental_1/data/data_blur/train/Arrest049_x264-2f01ddf998_1_hue_adjust_blur.mp4,/content/drive/MyDrive/ucf_experiments/ciclo_experimental_1/data/data_crop/train/Arrest049_x264-2f01ddf998_1_hue_adjust_crop.mp4,1
5005,/content/drive/MyDrive/ucf_experiments/ciclo_experimental_1/data/data_blur/train/Abuse024_x264-063edb9a19_0_hue_adjust_blur.mp4,/content/drive/MyDrive/ucf_experiments/ciclo_experimental_1/data/data_crop/train/Abuse024_x264-063edb9a19_0_hue_adjust_crop.mp4,0
5006,/content/drive/MyDrive/ucf_experiments/ciclo_experimental_1/data/data_blur/train/Robbery085_x264-1c6f13a772_0_hue_adjust_blur.mp4,/content/drive/MyDrive/ucf_experiments/ciclo_experimental_1/data/data_crop/train/Robbery085_x264-1c6f13a772_0_hue_adjust_crop.mp4,0
5007,/content/drive/MyDrive/ucf_experiments/ciclo_experimental_1/data/data_blur/train/Assault032_x264-f2177db181_0_hue_adjust_blur.mp4,/content/drive/MyDrive/ucf_experiments/ciclo_experimental_1/data/data_crop/train/Assault032_x264-f2177db181_0_hue_adjust_crop.mp4,0
5008,/content/drive/MyDrive/ucf_experiments/ciclo_experimental_1/data/data_blur/train/Arrest041_x264-bbd01f0fa8_1_hue_adjust_blur.mp4,/content/drive/MyDrive/ucf_experiments/ciclo_experimental_1/data/data_crop/train/Arrest041_x264-bbd01f0fa8_1_hue_adjust_crop.mp4,1
5009,/content/drive/MyDrive/ucf_experiments/ciclo_experimental_1/data/data_blur/train/Fighting030_x264-2f722a0fc7_0_hue_adjust_blur.mp4,/content/drive/MyDrive/ucf_experiments/ciclo_experimental_1/data/data_crop/train/Fighting030_x264-2f722a0fc7_0_hue_adjust_crop.mp4,0
5010,/content/drive/MyDrive/ucf_experiments/ciclo_experimental_1/data/data_blur/train/Assault004_x264-cc9fdfed77_0_hue_adjust_blur.mp4,/content/drive/MyDrive/ucf_experiments/ciclo_experimental_1/data/data_crop/train/Assault004_x264-cc9fdfed77_0_hue_adjust_crop.mp4,0
5011,/content/drive/MyDrive/ucf_experiments/ciclo_experimental_1/data/data_blur/train/Abuse049_x264-5e43552e7b_0_hue_adjust_blur.mp4,/content/drive/MyDrive/ucf_experiments/ciclo_experimental_1/data/data_crop/train/Abuse049_x264-5e43552e7b_0_hue_adjust_crop.mp4,0
5012,/content/drive/MyDrive/ucf_experiments/ciclo_experimental_1/data/data_blur/train/Assault045_x264-21f7c9c9aa_0_hue_adjust_blur.mp4,/content/drive/MyDrive/ucf_experiments/ciclo_experimental_1/data/data_crop/train/Assault045_x264-21f7c9c9aa_0_hue_adjust_crop.mp4,0
5013,/content/drive/MyDrive/ucf_experiments/ciclo_experimental_1/data/data_blur/train/Abuse043_x264-b48bb46345_0_hue_adjust_blur.mp4,/content/drive/MyDrive/ucf_experiments/ciclo_experimental_1/data/data_crop/train/Abuse043_x264-b48bb46345_0_hue_adjust_crop.mp4,0
5014,/content/drive/MyDrive/ucf_experiments/ciclo_experimental_1/data/data_blur/train/Robbery026_x264-1673364897_1_hue_adjust_blur.mp4,/content/drive/MyDrive/ucf_experiments/ciclo_experimental_1/data/data_crop/train/Robbery026_x264-1673364897_1_hue_adjust_crop.mp4,1
5015,/content/drive/MyDrive/ucf_experiments/ciclo_experimental_1/data/data_blur/train/Arrest002_x264-3d7486d520_1_hue_adjust_blur.mp4,/content/drive/MyDrive/ucf_experiments/ciclo_experimental_1/data/data_crop/train/Arrest002_x264-3d7486d520_1_hue_adjust_crop.mp4,1
5016,/content/drive/MyDrive/ucf_experiments/ciclo_experimental_1/data/data_blur/train/Robbery003_x264-78a27a5191_0_hue_adjust_blur.mp4,/content/drive/MyDrive/ucf_experiments/ciclo_experimental_1/data/data_crop/train/Robbery003_x264-78a27a5191_0_hue_adjust_crop.mp4,0
5017,/content/drive/MyDrive/ucf_experiments/ciclo_experimental_1/data/data_blur/train/Abuse050_x264-edb3e89aac_0_hue_adjust_blur.mp4,/content/drive/MyDrive/ucf_experiments/ciclo_experimental_1/data/data_crop/train/Abuse050_x264-edb3e89aac_0_hue_adjust_crop.mp4,0
5018,/content/drive/MyDrive/ucf_experiments/ciclo_experimental_1/data/data_blur/train/Robbery025_x264-9752fc9120_1_hue_adjust_blur.mp4,/content/drive/MyDrive/ucf_experiments/ciclo_experimental_1/data/data_crop/train/Robbery025_x264-9752fc9120_1_hue_adjust_crop.mp4,1
5019,/content/drive/MyDrive/ucf_experiments/ciclo_experimental_1/data/data_blur/train/Robbery043_x264-ef09414142_1_hue_adjust_blur.mp4,/content/drive/MyDrive/ucf_experiments/ciclo_experimental_1/data/data_crop/train/Robbery043_x264-ef09414142_1_hue_adjust_crop.mp4,1
5020,/content/drive/MyDrive/ucf_experiments/ciclo_experimental_1/data/data_blur/train/Robbery042_x264-dbe7f6ffed_0_hue_adjust_blur.mp4,/content/drive/MyDrive/ucf_experiments/ciclo_experimental_1/data/data_crop/train/Robbery042_x264-dbe7f6ffed_0_hue_adjust_crop.mp4,0
5021,/content/drive/MyDrive/ucf_experiments/ciclo_experimental_1/data/data_blur/train/Robbery008_x264-d724fa5859_0_hue_adjust_blur.mp4,/content/drive/MyDrive/ucf_experiments/ciclo_experimental_1/data/data_crop/train/Robbery008_x264-d724fa5859_0_hue_adjust_crop.mp4,0
5022,/content/drive/MyDrive/ucf_experiments/ciclo_experimental_1/data/data_blur/train/Fighting016_x264-bd3fd535b2_1_hue_adjust_blur.mp4,/content/drive/MyDrive/ucf_experiments/ciclo_experimental_1/data/data_crop/train/Fighting016_x264-bd3fd535b2_1_hue_adjust_crop.mp4,1
5023,/content/drive/MyDrive/ucf_experiments/ciclo_experimental_1/data/data_blur/train/Assault019_x264-c43245cf69_0_hue_adjust_blur.mp4,/content/drive/MyDrive/ucf_experiments/ciclo_experimental_1/data/data_crop/train/Assault019_x264-c43245cf69_0_hue_adjust_crop.mp4,0
5024,/content/drive/MyDrive/ucf_experiments/ciclo_experimental_1/data/data_blur/train/Robbery039_x264-d4d27f9841_1_hue_adjust_blur.mp4,/content/drive/MyDrive/ucf_experiments/ciclo_experimental_1/data/data_crop/train/Robbery039_x264-d4d27f9841_1_hue_adjust_crop.mp4,1
5025,/content/drive/MyDrive/ucf_experiments/ciclo_experimental_1/data/data_blur/train/Robbery100_x264-97ff8f6aa6_1_hue_adjust_blur.mp4,/content/drive/MyDrive/ucf_experiments/ciclo_experimental_1/data/data_crop/train/Robbery100_x264-97ff8f6aa6_1_hue_adjust_crop.mp4,1
5026,/content/drive/MyDrive/ucf_experiments/ciclo_experimental_1/data/data_blur/train/Fighting011_x264-c5266a2fce_0_hue_adjust_blur.mp4,/content/drive/MyDrive/ucf_experiments/ciclo_experimental_1/data/data_crop/train/Fighting011_x264-c5266a2fce_0_hue_adjust_crop.mp4,0
5027,/content/drive/MyDrive/ucf_experiments/ciclo_experimental_1/data/data_blur/train/Fighting009_x264-4ef9a79063_0_hue_adjust_blur.mp4,/content/drive/MyDrive/ucf_experiments/ciclo_experimental_1/data/data_crop/train/Fighting009_x264-4ef9a79063_0_hue_adjust_crop.mp4,0
5028,/content/drive/MyDrive/ucf_experiments/ciclo_experimental_1/data/data_blur/train/Abuse012_x264-3608b4dd77_0_hue_adjust_blur.mp4,/content/drive/MyDrive/ucf_experiments/ciclo_experimental_1/data/data_crop/train/Abuse012_x264-3608b4dd77_0_hue_adjust_crop.mp4,0
5029,/content/drive/MyDrive/ucf_experiments/ciclo_experimental_1/data/data_blur/train/Robbery100_x264-9ef91f91a2_0_hue_adjust_blur.mp4,/content/drive/MyDrive/ucf_experiments/ciclo_experimental_1/data/data_crop/train/Robbery100_x264-9ef91f91a2_0_hue_adjust_crop.mp4,0
5030,/content/drive/MyDrive/ucf_experiments/ciclo_experimental_1/data/data_blur/train/Assault030_x264-aa4fc7f950_1_hue_adjust_blur.mp4,/content/drive/MyDrive/ucf_experiments/ciclo_experimental_1/data/data_crop/train/Assault030_x264-aa4fc7f950_1_hue_adjust_crop.mp4,1
5031,/content/drive/MyDrive/ucf_experiments/ciclo_experimental_1/data/data_blur/train/Robbery053_x264-8d1c50abd4_0_hue_adjust_blur.mp4,/content/drive/MyDrive/ucf_experiments/ciclo_experimental_1/data/data_crop/train/Robbery053_x264-8d1c50abd4_0_hue_adjust_crop.mp4,0
5032,/content/drive/MyDrive/ucf_experiments/ciclo_experimental_1/data/data_blur/train/Assault030_x264-7a35260ccc_0_hue_adjust_blur.mp4,/content/drive/MyDrive/ucf_experiments/ciclo_experimental_1/data/data_crop/train/Assault030_x264-7a35260ccc_0_hue_adjust_crop.mp4,0
5033,/content/drive/MyDrive/ucf_experiments/ciclo_experimental_1/data/data_blur/train/Assault047_x264-c3f714fd23_0_hue_adjust_blur.mp4,/content/drive/MyDrive/ucf_experiments/ciclo_experimental_1/data/data_crop/train/Assault047_x264-c3f714fd23_0_hue_adjust_crop.mp4,0
5034,/content/drive/MyDrive/ucf_experiments/ciclo_experimental_1/data/data_blur/train/Fighting050_x264-09fdd5b157_1_hue_adjust_blur.mp4,/content/drive/MyDrive/ucf_experiments/ciclo_experimental_1/data/data_crop/train/Fighting050_x264-09fdd5b157_1_hue_adjust_crop.mp4,1
5035,/content/drive/MyDrive/ucf_experiments/ciclo_experimental_1/data/data_blur/train/Robbery071_x264-6e2f16cd87_0_hue_adjust_blur.mp4,/content/drive/MyDrive/ucf_experiments/ciclo_experimental_1/data/data_crop/train/Robbery071_x264-6e2f16cd87_0_hue_adjust_crop.mp4,0
5036,/content/drive/MyDrive/ucf_experiments/ciclo_experimental_1/data/data_blur/train/Robbery002_x264-9d960e1964_0_hue_adjust_blur.mp4,/content/drive/MyDrive/ucf_experiments/ciclo_experimental_1/data/data_crop/train/Robbery002_x264-9d960e1964_0_hue_adjust_crop.mp4,0
5037,/content/drive/MyDrive/ucf_experiments/ciclo_experimental_1/data/data_blur/train/Arrest009_x264-71d1c7ee4e_0_hue_adjust_blur.mp4,/content/drive/MyDrive/ucf_experiments/ciclo_experimental_1/data/data_crop/train/Arrest009_x264-71d1c7ee4e_0_hue_adjust_crop.mp4,0
5038,/content/drive/MyDrive/ucf_experiments/ciclo_experimental_1/data/data_blur/train/Abuse015_x264-806f8f087b_0_hue_adjust_blur.mp4,/content/drive/MyDrive/ucf_experiments/ciclo_experimental_1/data/data_crop/train/Abuse015_x264-806f8f087b_0_hue_adjust_crop.mp4,0
5039,/content/drive/MyDrive/ucf_experiments/ciclo_experimental_1/data/data_blur/train/Robbery020_x264-27633bb0da_0_hue_adjust_blur.mp4,/content/drive/MyDrive/ucf_experiments/ciclo_experimental_1/data/data_crop/train/Robbery020_x264-27633bb0da_0_hue_adjust_crop.mp4,0
5040,/content/drive/MyDrive/ucf_experiments/ciclo_experimental_1/data/data_blur/train/Robbery033_x264-0c763d9930_1_hue_adjust_blur.mp4,/content/drive/MyDrive/ucf_experiments/ciclo_experimental_1/data/data_crop/train/Robbery033_x264-0c763d9930_1_hue_adjust_crop.mp4,1
5041,/content/drive/MyDrive/ucf_experiments/ciclo_experimental_1/data/data_blur/train/Arrest002_x264-9fd473de67_1_hue_adjust_blur.mp4,/content/drive/MyDrive/ucf_experiments/ciclo_experimental_1/data/data_crop/train/Arrest002_x264-9fd473de67_1_hue_adjust_crop.mp4,1
5042,/content/drive/MyDrive/ucf_experiments/ciclo_experimental_1/data/data_blur/train/Robbery054_x264-412d2b83e2_0_hue_adjust_blur.mp4,/content/drive/MyDrive/ucf_experiments/ciclo_experimental_1/data/data_crop/train/Robbery054_x264-412d2b83e2_0_hue_adjust_crop.mp4,0
5043,/content/drive/MyDrive/ucf_experiments/ciclo_experimental_1/data/data_blur/train/Fighting019_x264-7a8278da1b_1_hue_adjust_blur.mp4,/content/drive/MyDrive/ucf_experiments/ciclo_experimental_1/data/data_crop/train/Fighting019_x264-7a8278da1b_1_hue_adjust_crop.mp4,1
5044,/content/drive/MyDrive/ucf_experiments/ciclo_experimental_1/data/data_blur/train/Fighting051_x264-60bf1fb605_0_hue_adjust_blur.mp4,/content/drive/MyDrive/ucf_experiments/ciclo_experimental_1/data/data_crop/train/Fighting051_x264-60bf1fb605_0_hue_adjust_crop.mp4,0
5045,/content/drive/MyDrive/ucf_experiments/ciclo_experimental_1/data/data_blur/train/Robbery056_x264-ee5a8df4c3_1_hue_adjust_blur.mp4,/content/drive/MyDrive/ucf_experiments/ciclo_experimental_1/data/data_crop/train/Robbery056_x264-ee5a8df4c3_1_hue_adjust_crop.mp4,1
5046,/content/drive/MyDrive/ucf_experiments/ciclo_experimental_1/data/data_blur/train/Fighting049_x264-2eb8b80cb2_1_hue_adjust_blur.mp4,/content/drive/MyDrive/ucf_experiments/ciclo_experimental_1/data/data_crop/train/Fighting049_x264-2eb8b80cb2_1_hue_adjust_crop.mp4,1
5047,/content/drive/MyDrive/ucf_experiments/ciclo_experimental_1/data/data_blur/train/Assault007_x264-afa5ee1a27_1_hue_adjust_blur.mp4,/content/drive/MyDrive/ucf_experiments/ciclo_experimental_1/data/data_crop/train/Assault007_x264-afa5ee1a27_1_hue_adjust_crop.mp4,1
5048,/content/drive/MyDrive/ucf_experiments/ciclo_experimental_1/data/data_blur/train/Assault033_x264-6c0fc2fa54_0_hue_adjust_blur.mp4,/content/drive/MyDrive/ucf_experiments/ciclo_experimental_1/data/data_crop/train/Assault033_x264-6c0fc2fa54_0_hue_adjust_crop.mp4,0
5049,/content/drive/MyDrive/ucf_experiments/ciclo_experimental_1/data/data_blur/train/Assault026_x264-fe3247b352_1_hue_adjust_blur.mp4,/content/drive/MyDrive/ucf_experiments/ciclo_experimental_1/data/data_crop/train/Assault026_x264-fe3247b352_1_hue_adjust_crop.mp4,1
5050,/content/drive/MyDrive/ucf_experiments/ciclo_experimental_1/data/data_blur/train/Arrest029_x264-e043692a88_1_hue_adjust_blur.mp4,/content/drive/MyDrive/ucf_experiments/ciclo_experimental_1/data/data_crop/train/Arrest029_x264-e043692a88_1_hue_adjust_crop.mp4,1
5051,/content/drive/MyDrive/ucf_experiments/ciclo_experimental_1/data/data_blur/train/Robbery019_x264-de5b580f50_1_hue_adjust_blur.mp4,/content/drive/MyDrive/ucf_experiments/ciclo_experimental_1/data/data_crop/train/Robbery019_x264-de5b580f50_1_hue_adjust_crop.mp4,1
5052,/content/drive/MyDrive/ucf_experiments/ciclo_experimental_1/data/data_blur/train/Robbery082_x264-f847e3ed12_0_hue_adjust_blur.mp4,/content/drive/MyDrive/ucf_experiments/ciclo_experimental_1/data/data_crop/train/Robbery082_x264-f847e3ed12_0_hue_adjust_crop.mp4,0
5053,/content/drive/MyDrive/ucf_experiments/ciclo_experimental_1/data/data_blur/train/Assault007_x264-815ce5a21f_1_hue_adjust_blur.mp4,/content/drive/MyDrive/ucf_experiments/ciclo_experimental_1/data/data_crop/train/Assault007_x264-815ce5a21f_1_hue_adjust_crop.mp4,1
5054,/content/drive/MyDrive/ucf_experiments/ciclo_experimental_1/data/data_blur/train/Assault002_x264-c3242460d0_0_hue_adjust_blur.mp4,/content/drive/MyDrive/ucf_experiments/ciclo_experimental_1/data/data_crop/train/Assault002_x264-c3242460d0_0_hue_adjust_crop.mp4,0
5055,/content/drive/MyDrive/ucf_experiments/ciclo_experimental_1/data/data_blur/train/Fighting043_x264-e923270248_0_hue_adjust_blur.mp4,/content/drive/MyDrive/ucf_experiments/ciclo_experimental_1/data/data_crop/train/Fighting043_x264-e923270248_0_hue_adjust_crop.mp4,0
5056,/content/drive/MyDrive/ucf_experiments/ciclo_experimental_1/data/data_blur/train/Abuse023_x264-b6bc1015fb_1_hue_adjust_blur.mp4,/content/drive/MyDrive/ucf_experiments/ciclo_experimental_1/data/data_crop/train/Abuse023_x264-b6bc1015fb_1_hue_adjust_crop.mp4,1
5057,/content/drive/MyDrive/ucf_experiments/ciclo_experimental_1/data/data_blur/train/Robbery038_x264-098124080e_1_hue_adjust_blur.mp4,/content/drive/MyDrive/ucf_experiments/ciclo_experimental_1/data/data_crop/train/Robbery038_x264-098124080e_1_hue_adjust_crop.mp4,1
5058,/content/drive/MyDrive/ucf_experiments/ciclo_experimental_1/data/data_blur/train/Robbery078_x264-0ca49c71ad_1_hue_adjust_blur.mp4,/content/drive/MyDrive/ucf_experiments/ciclo_experimental_1/data/data_crop/train/Robbery078_x264-0ca49c71ad_1_hue_adjust_crop.mp4,1
5059,/content/drive/MyDrive/ucf_experiments/ciclo_experimental_1/data/data_blur/train/Arrest046_x264-9bbe35698e_1_hue_adjust_blur.mp4,/content/drive/MyDrive/ucf_experiments/ciclo_experimental_1/data/data_crop/train/Arrest046_x264-9bbe35698e_1_hue_adjust_crop.mp4,1
5060,/content/drive/MyDrive/ucf_experiments/ciclo_experimental_1/data/data_blur/train/Fighting035_x264-d6a427fd68_0_hue_adjust_blur.mp4,/content/drive/MyDrive/ucf_experiments/ciclo_experimental_1/data/data_crop/train/Fighting035_x264-d6a427fd68_0_hue_adjust_crop.mp4,0
5061,/content/drive/MyDrive/ucf_experiments/ciclo_experimental_1/data/data_blur/train/Assault001_x264-99f620c9e0_1_hue_adjust_blur.mp4,/content/drive/MyDrive/ucf_experiments/ciclo_experimental_1/data/data_crop/train/Assault001_x264-99f620c9e0_1_hue_adjust_crop.mp4,1
5062,/content/drive/MyDrive/ucf_experiments/ciclo_experimental_1/data/data_blur/train/Assault017_x264-9175baf0dc_0_hue_adjust_blur.mp4,/content/drive/MyDrive/ucf_experiments/ciclo_experimental_1/data/data_crop/train/Assault017_x264-9175baf0dc_0_hue_adjust_crop.mp4,0
5063,/content/drive/MyDrive/ucf_experiments/ciclo_experimental_1/data/data_blur/train/Fighting044_x264-0be9e423ae_1_hue_adjust_blur.mp4,/content/drive/MyDrive/ucf_experiments/ciclo_experimental_1/data/data_crop/train/Fighting044_x264-0be9e423ae_1_hue_adjust_crop.mp4,1
5064,/content/drive/MyDrive/ucf_experiments/ciclo_experimental_1/data/data_blur/train/Assault019_x264-cbb978b6d8_0_hue_adjust_blur.mp4,/content/drive/MyDrive/ucf_experiments/ciclo_experimental_1/data/data_crop/train/Assault019_x264-cbb978b6d8_0_hue_adjust_crop.mp4,0
5065,/content/drive/MyDrive/ucf_experiments/ciclo_experimental_1/data/data_blur/train/Abuse046_x264-652908f495_0_hue_adjust_blur.mp4,/content/drive/MyDrive/ucf_experiments/ciclo_experimental_1/data/data_crop/train/Abuse046_x264-652908f495_0_hue_adjust_crop.mp4,0
5066,/content/drive/MyDrive/ucf_experiments/ciclo_experimental_1/data/data_blur/train/Abuse019_x264-2ad42692fb_0_hue_adjust_blur.mp4,/content/drive/MyDrive/ucf_experiments/ciclo_experimental_1/data/data_crop/train/Abuse019_x264-2ad42692fb_0_hue_adjust_crop.mp4,0
5067,/content/drive/MyDrive/ucf_experiments/ciclo_experimental_1/data/data_blur/train/Robbery080_x264-3e44af4665_1_hue_adjust_blur.mp4,/content/drive/MyDrive/ucf_experiments/ciclo_experimental_1/data/data_crop/train/Robbery080_x264-3e44af4665_1_hue_adjust_crop.mp4,1
5068,/content/drive/MyDrive/ucf_experiments/ciclo_experimental_1/data/data_blur/train/Arrest002_x264-9a7e22e28b_1_hue_adjust_blur.mp4,/content/drive/MyDrive/ucf_experiments/ciclo_experimental_1/data/data_crop/train/Arrest002_x264-9a7e22e28b_1_hue_adjust_crop.mp4,1
5069,/content/drive/MyDrive/ucf_experiments/ciclo_experimental_1/data/data_blur/train/Abuse043_x264-e494328b85_1_hue_adjust_blur.mp4,/content/drive/MyDrive/ucf_experiments/ciclo_experimental_1/data/data_crop/train/Abuse043_x264-e494328b85_1_hue_adjust_crop.mp4,1
5070,/content/drive/MyDrive/ucf_experiments/ciclo_experimental_1/data/data_blur/train/Arrest023_x264-37d7245bf8_1_hue_adjust_blur.mp4,/content/drive/MyDrive/ucf_experiments/ciclo_experimental_1/data/data_crop/train/Arrest023_x264-37d7245bf8_1_hue_adjust_crop.mp4,1
5071,/content/drive/MyDrive/ucf_experiments/ciclo_experimental_1/data/data_blur/train/Fighting010_x264-7afe4c4943_0_hue_adjust_blur.mp4,/content/drive/MyDrive/ucf_experiments/ciclo_experimental_1/data/data_crop/train/Fighting010_x264-7afe4c4943_0_hue_adjust_crop.mp4,0
5072,/content/drive/MyDrive/ucf_experiments/ciclo_experimental_1/data/data_blur/train/Fighting011_x264-62e35d8bef_1_hue_adjust_blur.mp4,/content/drive/MyDrive/ucf_experiments/ciclo_experimental_1/data/data_crop/train/Fighting011_x264-62e35d8bef_1_hue_adjust_crop.mp4,1
5073,/content/drive/MyDrive/ucf_experiments/ciclo_experimental_1/data/data_blur/train/Robbery035_x264-4ae1ca6f63_1_hue_adjust_blur.mp4,/content/drive/MyDrive/ucf_experiments/ciclo_experimental_1/data/data_crop/train/Robbery035_x264-4ae1ca6f63_1_hue_adjust_crop.mp4,1
5074,/content/drive/MyDrive/ucf_experiments/ciclo_experimental_1/data/data_blur/train/Robbery104_x264-1b4fa990f4_0_hue_adjust_blur.mp4,/content/drive/MyDrive/ucf_experiments/ciclo_experimental_1/data/data_crop/train/Robbery104_x264-1b4fa990f4_0_hue_adjust_crop.mp4,0
5075,/content/drive/MyDrive/ucf_experiments/ciclo_experimental_1/data/data_blur/train/Assault049_x264-fe4b3bdb6b_1_hue_adjust_blur.mp4,/content/drive/MyDrive/ucf_experiments/ciclo_experimental_1/data/data_crop/train/Assault049_x264-fe4b3bdb6b_1_hue_adjust_crop.mp4,1
5076,/content/drive/MyDrive/ucf_experiments/ciclo_experimental_1/data/data_blur/train/Arrest003_x264-b4d12c0963_0_hue_adjust_blur.mp4,/content/drive/MyDrive/ucf_experiments/ciclo_experimental_1/data/data_crop/train/Arrest003_x264-b4d12c0963_0_hue_adjust_crop.mp4,0
5077,/content/drive/MyDrive/ucf_experiments/ciclo_experimental_1/data/data_blur/train/Robbery013_x264-9cc9617633_1_hue_adjust_blur.mp4,/content/drive/MyDrive/ucf_experiments/ciclo_experimental_1/data/data_crop/train/Robbery013_x264-9cc9617633_1_hue_adjust_crop.mp4,1
5078,/content/drive/MyDrive/ucf_experiments/ciclo_experimental_1/data/data_blur/train/Robbery017_x264-47fd1157e7_0_hue_adjust_blur.mp4,/content/drive/MyDrive/ucf_experiments/ciclo_experimental_1/data/data_crop/train/Robbery017_x264-47fd1157e7_0_hue_adjust_crop.mp4,0
5079,/content/drive/MyDrive/ucf_experiments/ciclo_experimental_1/data/data_blur/train/Fighting024_x264-d3fc5ba6ce_0_hue_adjust_blur.mp4,/content/drive/MyDrive/ucf_experiments/ciclo_experimental_1/data/data_crop/train/Fighting024_x264-d3fc5ba6ce_0_hue_adjust_crop.mp4,0
5080,/content/drive/MyDrive/ucf_experiments/ciclo_experimental_1/data/data_blur/train/Arrest003_x264-97735e82b8_1_hue_adjust_blur.mp4,/content/drive/MyDrive/ucf_experiments/ciclo_experimental_1/data/data_crop/train/Arrest003_x264-97735e82b8_1_hue_adjust_crop.mp4,1
5081,/content/drive/MyDrive/ucf_experiments/ciclo_experimental_1/data/data_blur/train/Assault035_x264-c567f88d85_1_hue_adjust_blur.mp4,/content/drive/MyDrive/ucf_experiments/ciclo_experimental_1/data/data_crop/train/Assault035_x264-c567f88d85_1_hue_adjust_crop.mp4,1
5082,/content/drive/MyDrive/ucf_experiments/ciclo_experimental_1/data/data_blur/train/Robbery031_x264-8e5b8d5a88_0_hue_adjust_blur.mp4,/content/drive/MyDrive/ucf_experiments/ciclo_experimental_1/data/data_crop/train/Robbery031_x264-8e5b8d5a88_0_hue_adjust_crop.mp4,0
5083,/content/drive/MyDrive/ucf_experiments/ciclo_experimental_1/data/data_blur/train/Abuse023_x264-b1655260f9_1_hue_adjust_blur.mp4,/content/drive/MyDrive/ucf_experiments/ciclo_experimental_1/data/data_crop/train/Abuse023_x264-b1655260f9_1_hue_adjust_crop.mp4,1
5084,/content/drive/MyDrive/ucf_experiments/ciclo_experimental_1/data/data_blur/train/Arrest041_x264-0f6cac0a1f_0_hue_adjust_blur.mp4,/content/drive/MyDrive/ucf_experiments/ciclo_experimental_1/data/data_crop/train/Arrest041_x264-0f6cac0a1f_0_hue_adjust_crop.mp4,0
5085,/content/drive/MyDrive/ucf_experiments/ciclo_experimental_1/data/data_blur/train/Arrest051_x264-9fe986b1c3_0_hue_adjust_blur.mp4,/content/drive/MyDrive/ucf_experiments/ciclo_experimental_1/data/data_crop/train/Arrest051_x264-9fe986b1c3_0_hue_adjust_crop.mp4,0
5086,/content/drive/MyDrive/ucf_experiments/ciclo_experimental_1/data/data_blur/train/Robbery070_x264-4cd5c462ac_1_hue_adjust_blur.mp4,/content/drive/MyDrive/ucf_experiments/ciclo_experimental_1/data/data_crop/train/Robbery070_x264-4cd5c462ac_1_hue_adjust_crop.mp4,1
5087,/content/drive/MyDrive/ucf_experiments/ciclo_experimental_1/data/data_blur/train/Robbery016_x264-78e05d2bed_1_hue_adjust_blur.mp4,/content/drive/MyDrive/ucf_experiments/ciclo_experimental_1/data/data_crop/train/Robbery016_x264-78e05d2bed_1_hue_adjust_crop.mp4,1
5088,/content/drive/MyDrive/ucf_experiments/ciclo_experimental_1/data/data_blur/train/Robbery016_x264-20db6cd191_0_hue_adjust_blur.mp4,/content/drive/MyDrive/ucf_experiments/ciclo_experimental_1/data/data_crop/train/Robbery016_x264-20db6cd191_0_hue_adjust_crop.mp4,0
5089,/content/drive/MyDrive/ucf_experiments/ciclo_experimental_1/data/data_blur/train/Robbery100_x264-c9f12a4e51_0_hue_adjust_blur.mp4,/content/drive/MyDrive/ucf_experiments/ciclo_experimental_1/data/data_crop/train/Robbery100_x264-c9f12a4e51_0_hue_adjust_crop.mp4,0
5090,/content/drive/MyDrive/ucf_experiments/ciclo_experimental_1/data/data_blur/train/Robbery090_x264-09a97dee9d_1_hue_adjust_blur.mp4,/content/drive/MyDrive/ucf_experiments/ciclo_experimental_1/data/data_crop/train/Robbery090_x264-09a97dee9d_1_hue_adjust_crop.mp4,1
5091,/content/drive/MyDrive/ucf_experiments/ciclo_experimental_1/data/data_blur/train/Abuse017_x264-69ca69bd3d_1_hue_adjust_blur.mp4,/content/drive/MyDrive/ucf_experiments/ciclo_experimental_1/data/data_crop/train/Abuse017_x264-69ca69bd3d_1_hue_adjust_crop.mp4,1
5092,/content/drive/MyDrive/ucf_experiments/ciclo_experimental_1/data/data_blur/train/Robbery025_x264-faa1b57d03_0_hue_adjust_blur.mp4,/content/drive/MyDrive/ucf_experiments/ciclo_experimental_1/data/data_crop/train/Robbery025_x264-faa1b57d03_0_hue_adjust_crop.mp4,0
5093,/content/drive/MyDrive/ucf_experiments/ciclo_experimental_1/data/data_blur/train/Arrest016_x264-d20237982d_0_hue_adjust_blur.mp4,/content/drive/MyDrive/ucf_experiments/ciclo_experimental_1/data/data_crop/train/Arrest016_x264-d20237982d_0_hue_adjust_crop.mp4,0
5094,/content/drive/MyDrive/ucf_experiments/ciclo_experimental_1/data/data_blur/train/Arrest046_x264-7b0fe19f65_0_hue_adjust_blur.mp4,/content/drive/MyDrive/ucf_experiments/ciclo_experimental_1/data/data_crop/train/Arrest046_x264-7b0fe19f65_0_hue_adjust_crop.mp4,0
5095,/content/drive/MyDrive/ucf_experiments/ciclo_experimental_1/data/data_blur/train/Robbery100_x264-10b2e82853_1_hue_adjust_blur.mp4,/content/drive/MyDrive/ucf_experiments/ciclo_experimental_1/data/data_crop/train/Robbery100_x264-10b2e82853_1_hue_adjust_crop.mp4,1
5096,/content/drive/MyDrive/ucf_experiments/ciclo_experimental_1/data/data_blur/train/Robbery060_x264-8e9d48d7e8_1_hue_adjust_blur.mp4,/content/drive/MyDrive/ucf_experiments/ciclo_experimental_1/data/data_crop/train/Robbery060_x264-8e9d48d7e8_1_hue_adjust_crop.mp4,1
5097,/content/drive/MyDrive/ucf_experiments/ciclo_experimental_1/data/data_blur/train/Assault027_x264-2437846436_1_hue_adjust_blur.mp4,/content/drive/MyDrive/ucf_experiments/ciclo_experimental_1/data/data_crop/train/Assault027_x264-2437846436_1_hue_adjust_crop.mp4,1
5098,/content/drive/MyDrive/ucf_experiments/ciclo_experimental_1/data/data_blur/train/Robbery016_x264-224271d8c7_0_hue_adjust_blur.mp4,/content/drive/MyDrive/ucf_experiments/ciclo_experimental_1/data/data_crop/train/Robbery016_x264-224271d8c7_0_hue_adjust_crop.mp4,0
5099,/content/drive/MyDrive/ucf_experiments/ciclo_experimental_1/data/data_blur/train/Assault045_x264-962c82f98a_0_hue_adjust_blur.mp4,/content/drive/MyDrive/ucf_experiments/ciclo_experimental_1/data/data_crop/train/Assault045_x264-962c82f98a_0_hue_adjust_crop.mp4,0
5100,/content/drive/MyDrive/ucf_experiments/ciclo_experimental_1/data/data_blur/train/Robbery031_x264-ba138ce601_0_hue_adjust_blur.mp4,/content/drive/MyDrive/ucf_experiments/ciclo_experimental_1/data/data_crop/train/Robbery031_x264-ba138ce601_0_hue_adjust_crop.mp4,0
5101,/content/drive/MyDrive/ucf_experiments/ciclo_experimental_1/data/data_blur/train/Fighting044_x264-750505a9d6_0_hue_adjust_blur.mp4,/content/drive/MyDrive/ucf_experiments/ciclo_experimental_1/data/data_crop/train/Fighting044_x264-750505a9d6_0_hue_adjust_crop.mp4,0
5102,/content/drive/MyDrive/ucf_experiments/ciclo_experimental_1/data/data_blur/train/Abuse012_x264-8d3d2644b4_0_hue_adjust_blur.mp4,/content/drive/MyDrive/ucf_experiments/ciclo_experimental_1/data/data_crop/train/Abuse012_x264-8d3d2644b4_0_hue_adjust_crop.mp4,0
5103,/content/drive/MyDrive/ucf_experiments/ciclo_experimental_1/data/data_blur/train/Assault040_x264-46c550bcf8_1_hue_adjust_blur.mp4,/content/drive/MyDrive/ucf_experiments/ciclo_experimental_1/data/data_crop/train/Assault040_x264-46c550bcf8_1_hue_adjust_crop.mp4,1
5104,/content/drive/MyDrive/ucf_experiments/ciclo_experimental_1/data/data_blur/train/Assault036_x264-7f9b72f84d_1_hue_adjust_blur.mp4,/content/drive/MyDrive/ucf_experiments/ciclo_experimental_1/data/data_crop/train/Assault036_x264-7f9b72f84d_1_hue_adjust_crop.mp4,1
5105,/content/drive/MyDrive/ucf_experiments/ciclo_experimental_1/data/data_blur/train/Abuse029_x264-b14b79eac7_0_hue_adjust_blur.mp4,/content/drive/MyDrive/ucf_experiments/ciclo_experimental_1/data/data_crop/train/Abuse029_x264-b14b79eac7_0_hue_adjust_crop.mp4,0
5106,/content/drive/MyDrive/ucf_experiments/ciclo_experimental_1/data/data_blur/train/Arrest026_x264-159c2298bb_1_hue_adjust_blur.mp4,/content/drive/MyDrive/ucf_experiments/ciclo_experimental_1/data/data_crop/train/Arrest026_x264-159c2298bb_1_hue_adjust_crop.mp4,1
5107,/content/drive/MyDrive/ucf_experiments/ciclo_experimental_1/data/data_blur/train/Robbery033_x264-d14517ee27_1_hue_adjust_blur.mp4,/content/drive/MyDrive/ucf_experiments/ciclo_experimental_1/data/data_crop/train/Robbery033_x264-d14517ee27_1_hue_adjust_crop.mp4,1
5108,/content/drive/MyDrive/ucf_experiments/ciclo_experimental_1/data/data_blur/train/Abuse018_x264-cb7d5733fb_1_hue_adjust_blur.mp4,/content/drive/MyDrive/ucf_experiments/ciclo_experimental_1/data/data_crop/train/Abuse018_x264-cb7d5733fb_1_hue_adjust_crop.mp4,1
5109,/content/drive/MyDrive/ucf_experiments/ciclo_experimental_1/data/data_blur/train/Abuse042_x264-c5ed1e6bd5_0_hue_adjust_blur.mp4,/content/drive/MyDrive/ucf_experiments/ciclo_experimental_1/data/data_crop/train/Abuse042_x264-c5ed1e6bd5_0_hue_adjust_crop.mp4,0
5110,/content/drive/MyDrive/ucf_experiments/ciclo_experimental_1/data/data_blur/train/Robbery090_x264-4eda7d4ff9_1_hue_adjust_blur.mp4,/content/drive/MyDrive/ucf_experiments/ciclo_experimental_1/data/data_crop/train/Robbery090_x264-4eda7d4ff9_1_hue_adjust_crop.mp4,1
5111,/content/drive/MyDrive/ucf_experiments/ciclo_experimental_1/data/data_blur/train/Abuse023_x264-569d8e95c7_1_hue_adjust_blur.mp4,/content/drive/MyDrive/ucf_experiments/ciclo_experimental_1/data/data_crop/train/Abuse023_x264-569d8e95c7_1_hue_adjust_crop.mp4,1
5112,/content/drive/MyDrive/ucf_experiments/ciclo_experimental_1/data/data_blur/train/Fighting014_x264-fe63672756_1_hue_adjust_blur.mp4,/content/drive/MyDrive/ucf_experiments/ciclo_experimental_1/data/data_crop/train/Fighting014_x264-fe63672756_1_hue_adjust_crop.mp4,1
5113,/content/drive/MyDrive/ucf_experiments/ciclo_experimental_1/data/data_blur/train/Fighting028_x264-398dd9816e_1_hue_adjust_blur.mp4,/content/drive/MyDrive/ucf_experiments/ciclo_experimental_1/data/data_crop/train/Fighting028_x264-398dd9816e_1_hue_adjust_crop.mp4,1
5114,/content/drive/MyDrive/ucf_experiments/ciclo_experimental_1/data/data_blur/train/Abuse035_x264-842eb009ff_0_hue_adjust_blur.mp4,/content/drive/MyDrive/ucf_experiments/ciclo_experimental_1/data/data_crop/train/Abuse035_x264-842eb009ff_0_hue_adjust_crop.mp4,0
5115,/content/drive/MyDrive/ucf_experiments/ciclo_experimental_1/data/data_blur/train/Robbery053_x264-b873dd1d04_1_hue_adjust_blur.mp4,/content/drive/MyDrive/ucf_experiments/ciclo_experimental_1/data/data_crop/train/Robbery053_x264-b873dd1d04_1_hue_adjust_crop.mp4,1
5116,/content/drive/MyDrive/ucf_experiments/ciclo_experimental_1/data/data_blur/train/Robbery090_x264-8a15ede76c_0_hue_adjust_blur.mp4,/content/drive/MyDrive/ucf_experiments/ciclo_experimental_1/data/data_crop/train/Robbery090_x264-8a15ede76c_0_hue_adjust_crop.mp4,0
5117,/content/drive/MyDrive/ucf_experiments/ciclo_experimental_1/data/data_blur/train/Robbery080_x264-19b8fc1c8f_1_hue_adjust_blur.mp4,/content/drive/MyDrive/ucf_experiments/ciclo_experimental_1/data/data_crop/train/Robbery080_x264-19b8fc1c8f_1_hue_adjust_crop.mp4,1
5118,/content/drive/MyDrive/ucf_experiments/ciclo_experimental_1/data/data_blur/train/Robbery009_x264-9deda63c7e_1_hue_adjust_blur.mp4,/content/drive/MyDrive/ucf_experiments/ciclo_experimental_1/data/data_crop/train/Robbery009_x264-9deda63c7e_1_hue_adjust_crop.mp4,1
5119,/content/drive/MyDrive/ucf_experiments/ciclo_experimental_1/data/data_blur/train/Robbery015_x264-3fdb928442_1_hue_adjust_blur.mp4,/content/drive/MyDrive/ucf_experiments/ciclo_experimental_1/data/data_crop/train/Robbery015_x264-3fdb928442_1_hue_adjust_crop.mp4,1
5120,/content/drive/MyDrive/ucf_experiments/ciclo_experimental_1/data/data_blur/train/Fighting034_x264-ba132da54c_1_hue_adjust_blur.mp4,/content/drive/MyDrive/ucf_experiments/ciclo_experimental_1/data/data_crop/train/Fighting034_x264-ba132da54c_1_hue_adjust_crop.mp4,1
5121,/content/drive/MyDrive/ucf_experiments/ciclo_experimental_1/data/data_blur/train/Robbery105_x264-6e4e90d4ee_0_hue_adjust_blur.mp4,/content/drive/MyDrive/ucf_experiments/ciclo_experimental_1/data/data_crop/train/Robbery105_x264-6e4e90d4ee_0_hue_adjust_crop.mp4,0
5122,/content/drive/MyDrive/ucf_experiments/ciclo_experimental_1/data/data_blur/train/Robbery076_x264-156fa049ca_0_hue_adjust_blur.mp4,/content/drive/MyDrive/ucf_experiments/ciclo_experimental_1/data/data_crop/train/Robbery076_x264-156fa049ca_0_hue_adjust_crop.mp4,0
5123,/content/drive/MyDrive/ucf_experiments/ciclo_experimental_1/data/data_blur/train/Robbery100_x264-916b54e8ee_0_hue_adjust_blur.mp4,/content/drive/MyDrive/ucf_experiments/ciclo_experimental_1/data/data_crop/train/Robbery100_x264-916b54e8ee_0_hue_adjust_crop.mp4,0
5124,/content/drive/MyDrive/ucf_experiments/ciclo_experimental_1/data/data_blur/train/Fighting021_x264-4e733cb74e_0_hue_adjust_blur.mp4,/content/drive/MyDrive/ucf_experiments/ciclo_experimental_1/data/data_crop/train/Fighting021_x264-4e733cb74e_0_hue_adjust_crop.mp4,0
5125,/content/drive/MyDrive/ucf_experiments/ciclo_experimental_1/data/data_blur/train/Assault026_x264-bcc54489c9_1_hue_adjust_blur.mp4,/content/drive/MyDrive/ucf_experiments/ciclo_experimental_1/data/data_crop/train/Assault026_x264-bcc54489c9_1_hue_adjust_crop.mp4,1
5126,/content/drive/MyDrive/ucf_experiments/ciclo_experimental_1/data/data_blur/train/Robbery013_x264-1a52d4cb47_1_hue_adjust_blur.mp4,/content/drive/MyDrive/ucf_experiments/ciclo_experimental_1/data/data_crop/train/Robbery013_x264-1a52d4cb47_1_hue_adjust_crop.mp4,1
5127,/content/drive/MyDrive/ucf_experiments/ciclo_experimental_1/data/data_blur/train/Fighting032_x264-20892e449f_1_hue_adjust_blur.mp4,/content/drive/MyDrive/ucf_experiments/ciclo_experimental_1/data/data_crop/train/Fighting032_x264-20892e449f_1_hue_adjust_crop.mp4,1
5128,/content/drive/MyDrive/ucf_experiments/ciclo_experimental_1/data/data_blur/train/Robbery043_x264-5ad1033429_0_hue_adjust_blur.mp4,/content/drive/MyDrive/ucf_experiments/ciclo_experimental_1/data/data_crop/train/Robbery043_x264-5ad1033429_0_hue_adjust_crop.mp4,0
5129,/content/drive/MyDrive/ucf_experiments/ciclo_experimental_1/data/data_blur/train/Abuse050_x264-f9d14e10e8_1_hue_adjust_blur.mp4,/content/drive/MyDrive/ucf_experiments/ciclo_experimental_1/data/data_crop/train/Abuse050_x264-f9d14e10e8_1_hue_adjust_crop.mp4,1
5130,/content/drive/MyDrive/ucf_experiments/ciclo_experimental_1/data/data_blur/train/Abuse006_x264-b3407a26e5_1_hue_adjust_blur.mp4,/content/drive/MyDrive/ucf_experiments/ciclo_experimental_1/data/data_crop/train/Abuse006_x264-b3407a26e5_1_hue_adjust_crop.mp4,1
5131,/content/drive/MyDrive/ucf_experiments/ciclo_experimental_1/data/data_blur/train/Robbery093_x264-89e708fd3b_0_hue_adjust_blur.mp4,/content/drive/MyDrive/ucf_experiments/ciclo_experimental_1/data/data_crop/train/Robbery093_x264-89e708fd3b_0_hue_adjust_crop.mp4,0
5132,/content/drive/MyDrive/ucf_experiments/ciclo_experimental_1/data/data_blur/train/Arrest026_x264-b61559b471_1_hue_adjust_blur.mp4,/content/drive/MyDrive/ucf_experiments/ciclo_experimental_1/data/data_crop/train/Arrest026_x264-b61559b471_1_hue_adjust_crop.mp4,1
5133,/content/drive/MyDrive/ucf_experiments/ciclo_experimental_1/data/data_blur/train/Assault047_x264-e581ccd720_0_hue_adjust_blur.mp4,/content/drive/MyDrive/ucf_experiments/ciclo_experimental_1/data/data_crop/train/Assault047_x264-e581ccd720_0_hue_adjust_crop.mp4,0
5134,/content/drive/MyDrive/ucf_experiments/ciclo_experimental_1/data/data_blur/train/Fighting035_x264-f465d3a105_0_hue_adjust_blur.mp4,/content/drive/MyDrive/ucf_experiments/ciclo_experimental_1/data/data_crop/train/Fighting035_x264-f465d3a105_0_hue_adjust_crop.mp4,0
5135,/content/drive/MyDrive/ucf_experiments/ciclo_experimental_1/data/data_blur/train/Assault036_x264-d046e7aea1_1_hue_adjust_blur.mp4,/content/drive/MyDrive/ucf_experiments/ciclo_experimental_1/data/data_crop/train/Assault036_x264-d046e7aea1_1_hue_adjust_crop.mp4,1
5136,/content/drive/MyDrive/ucf_experiments/ciclo_experimental_1/data/data_blur/train/Abuse023_x264-abbae4591e_1_hue_adjust_blur.mp4,/content/drive/MyDrive/ucf_experiments/ciclo_experimental_1/data/data_crop/train/Abuse023_x264-abbae4591e_1_hue_adjust_crop.mp4,1
5137,/content/drive/MyDrive/ucf_experiments/ciclo_experimental_1/data/data_blur/train/Robbery091_x264-c7777a2690_1_hue_adjust_blur.mp4,/content/drive/MyDrive/ucf_experiments/ciclo_experimental_1/data/data_crop/train/Robbery091_x264-c7777a2690_1_hue_adjust_crop.mp4,1
5138,/content/drive/MyDrive/ucf_experiments/ciclo_experimental_1/data/data_blur/train/Fighting009_x264-9a3a3cd609_0_hue_adjust_blur.mp4,/content/drive/MyDrive/ucf_experiments/ciclo_experimental_1/data/data_crop/train/Fighting009_x264-9a3a3cd609_0_hue_adjust_crop.mp4,0
5139,/content/drive/MyDrive/ucf_experiments/ciclo_experimental_1/data/data_blur/train/Robbery019_x264-1888d2f671_1_hue_adjust_blur.mp4,/content/drive/MyDrive/ucf_experiments/ciclo_experimental_1/data/data_crop/train/Robbery019_x264-1888d2f671_1_hue_adjust_crop.mp4,1
5140,/content/drive/MyDrive/ucf_experiments/ciclo_experimental_1/data/data_blur/train/Arrest033_x264-40ded01282_1_hue_adjust_blur.mp4,/content/drive/MyDrive/ucf_experiments/ciclo_experimental_1/data/data_crop/train/Arrest033_x264-40ded01282_1_hue_adjust_crop.mp4,1
5141,/content/drive/MyDrive/ucf_experiments/ciclo_experimental_1/data/data_blur/train/Robbery019_x264-760022e318_1_hue_adjust_blur.mp4,/content/drive/MyDrive/ucf_experiments/ciclo_experimental_1/data/data_crop/train/Robbery019_x264-760022e318_1_hue_adjust_crop.mp4,1
5142,/content/drive/MyDrive/ucf_experiments/ciclo_experimental_1/data/data_blur/train/Robbery030_x264-fd7c145113_0_hue_adjust_blur.mp4,/content/drive/MyDrive/ucf_experiments/ciclo_experimental_1/data/data_crop/train/Robbery030_x264-fd7c145113_0_hue_adjust_crop.mp4,0
5143,/content/drive/MyDrive/ucf_experiments/ciclo_experimental_1/data/data_blur/train/Assault052_x264-b98d7f0082_0_hue_adjust_blur.mp4,/content/drive/MyDrive/ucf_experiments/ciclo_experimental_1/data/data_crop/train/Assault052_x264-b98d7f0082_0_hue_adjust_crop.mp4,0
5144,/content/drive/MyDrive/ucf_experiments/ciclo_experimental_1/data/data_blur/train/Robbery065_x264-c554c21d06_1_hue_adjust_blur.mp4,/content/drive/MyDrive/ucf_experiments/ciclo_experimental_1/data/data_crop/train/Robbery065_x264-c554c21d06_1_hue_adjust_crop.mp4,1
5145,/content/drive/MyDrive/ucf_experiments/ciclo_experimental_1/data/data_blur/train/Arrest043_x264-c69465e3a3_0_hue_adjust_blur.mp4,/content/drive/MyDrive/ucf_experiments/ciclo_experimental_1/data/data_crop/train/Arrest043_x264-c69465e3a3_0_hue_adjust_crop.mp4,0
5146,/content/drive/MyDrive/ucf_experiments/ciclo_experimental_1/data/data_blur/train/Abuse021_x264-d8fafd633d_0_hue_adjust_blur.mp4,/content/drive/MyDrive/ucf_experiments/ciclo_experimental_1/data/data_crop/train/Abuse021_x264-d8fafd633d_0_hue_adjust_crop.mp4,0
5147,/content/drive/MyDrive/ucf_experiments/ciclo_experimental_1/data/data_blur/train/Assault019_x264-4c4083c26f_0_hue_adjust_blur.mp4,/content/drive/MyDrive/ucf_experiments/ciclo_experimental_1/data/data_crop/train/Assault019_x264-4c4083c26f_0_hue_adjust_crop.mp4,0
5148,/content/drive/MyDrive/ucf_experiments/ciclo_experimental_1/data/data_blur/train/Robbery104_x264-55ea1a70de_1_hue_adjust_blur.mp4,/content/drive/MyDrive/ucf_experiments/ciclo_experimental_1/data/data_crop/train/Robbery104_x264-55ea1a70de_1_hue_adjust_crop.mp4,1
5149,/content/drive/MyDrive/ucf_experiments/ciclo_experimental_1/data/data_blur/train/Robbery098_x264-1dc2d1dfba_0_hue_adjust_blur.mp4,/content/drive/MyDrive/ucf_experiments/ciclo_experimental_1/data/data_crop/train/Robbery098_x264-1dc2d1dfba_0_hue_adjust_crop.mp4,0
5150,/content/drive/MyDrive/ucf_experiments/ciclo_experimental_1/data/data_blur/train/Robbery078_x264-d28d0bdedc_1_hue_adjust_blur.mp4,/content/drive/MyDrive/ucf_experiments/ciclo_experimental_1/data/data_crop/train/Robbery078_x264-d28d0bdedc_1_hue_adjust_crop.mp4,1
5151,/content/drive/MyDrive/ucf_experiments/ciclo_experimental_1/data/data_blur/train/Fighting049_x264-434daf2559_0_hue_adjust_blur.mp4,/content/drive/MyDrive/ucf_experiments/ciclo_experimental_1/data/data_crop/train/Fighting049_x264-434daf2559_0_hue_adjust_crop.mp4,0
5152,/content/drive/MyDrive/ucf_experiments/ciclo_experimental_1/data/data_blur/train/Robbery042_x264-48d94dcab1_0_hue_adjust_blur.mp4,/content/drive/MyDrive/ucf_experiments/ciclo_experimental_1/data/data_crop/train/Robbery042_x264-48d94dcab1_0_hue_adjust_crop.mp4,0
5153,/content/drive/MyDrive/ucf_experiments/ciclo_experimental_1/data/data_blur/train/Robbery105_x264-05423da777_0_hue_adjust_blur.mp4,/content/drive/MyDrive/ucf_experiments/ciclo_experimental_1/data/data_crop/train/Robbery105_x264-05423da777_0_hue_adjust_crop.mp4,0
5154,/content/drive/MyDrive/ucf_experiments/ciclo_experimental_1/data/data_blur/train/Robbery031_x264-08bcd1d074_0_hue_adjust_blur.mp4,/content/drive/MyDrive/ucf_experiments/ciclo_experimental_1/data/data_crop/train/Robbery031_x264-08bcd1d074_0_hue_adjust_crop.mp4,0
5155,/content/drive/MyDrive/ucf_experiments/ciclo_experimental_1/data/data_blur/train/Arrest022_x264-ab34777b75_0_hue_adjust_blur.mp4,/content/drive/MyDrive/ucf_experiments/ciclo_experimental_1/data/data_crop/train/Arrest022_x264-ab34777b75_0_hue_adjust_crop.mp4,0
5156,/content/drive/MyDrive/ucf_experiments/ciclo_experimental_1/data/data_blur/train/Assault026_x264-ce3f88437d_1_hue_adjust_blur.mp4,/content/drive/MyDrive/ucf_experiments/ciclo_experimental_1/data/data_crop/train/Assault026_x264-ce3f88437d_1_hue_adjust_crop.mp4,1
5157,/content/drive/MyDrive/ucf_experiments/ciclo_experimental_1/data/data_blur/train/Arrest003_x264-d26057096a_1_hue_adjust_blur.mp4,/content/drive/MyDrive/ucf_experiments/ciclo_experimental_1/data/data_crop/train/Arrest003_x264-d26057096a_1_hue_adjust_crop.mp4,1
5158,/content/drive/MyDrive/ucf_experiments/ciclo_experimental_1/data/data_blur/train/Abuse024_x264-486cca350c_1_hue_adjust_blur.mp4,/content/drive/MyDrive/ucf_experiments/ciclo_experimental_1/data/data_crop/train/Abuse024_x264-486cca350c_1_hue_adjust_crop.mp4,1
5159,/content/drive/MyDrive/ucf_experiments/ciclo_experimental_1/data/data_blur/train/Robbery009_x264-95df620ad6_1_hue_adjust_blur.mp4,/content/drive/MyDrive/ucf_experiments/ciclo_experimental_1/data/data_crop/train/Robbery009_x264-95df620ad6_1_hue_adjust_crop.mp4,1
5160,/content/drive/MyDrive/ucf_experiments/ciclo_experimental_1/data/data_blur/train/Assault023_x264-02e646ca24_1_hue_adjust_blur.mp4,/content/drive/MyDrive/ucf_experiments/ciclo_experimental_1/data/data_crop/train/Assault023_x264-02e646ca24_1_hue_adjust_crop.mp4,1
5161,/content/drive/MyDrive/ucf_experiments/ciclo_experimental_1/data/data_blur/train/Assault050_x264-88fa8cde93_1_hue_adjust_blur.mp4,/content/drive/MyDrive/ucf_experiments/ciclo_experimental_1/data/data_crop/train/Assault050_x264-88fa8cde93_1_hue_adjust_crop.mp4,1
5162,/content/drive/MyDrive/ucf_experiments/ciclo_experimental_1/data/data_blur/train/Fighting028_x264-4e2695d94c_1_hue_adjust_blur.mp4,/content/drive/MyDrive/ucf_experiments/ciclo_experimental_1/data/data_crop/train/Fighting028_x264-4e2695d94c_1_hue_adjust_crop.mp4,1
5163,/content/drive/MyDrive/ucf_experiments/ciclo_experimental_1/data/data_blur/train/Robbery057_x264-a8b9b6a048_1_hue_adjust_blur.mp4,/content/drive/MyDrive/ucf_experiments/ciclo_experimental_1/data/data_crop/train/Robbery057_x264-a8b9b6a048_1_hue_adjust_crop.mp4,1
5164,/content/drive/MyDrive/ucf_experiments/ciclo_experimental_1/data/data_blur/train/Assault004_x264-e69bde360c_0_hue_adjust_blur.mp4,/content/drive/MyDrive/ucf_experiments/ciclo_experimental_1/data/data_crop/train/Assault004_x264-e69bde360c_0_hue_adjust_crop.mp4,0
5165,/content/drive/MyDrive/ucf_experiments/ciclo_experimental_1/data/data_blur/train/Assault047_x264-9751b3e5f3_0_hue_adjust_blur.mp4,/content/drive/MyDrive/ucf_experiments/ciclo_experimental_1/data/data_crop/train/Assault047_x264-9751b3e5f3_0_hue_adjust_crop.mp4,0
5166,/content/drive/MyDrive/ucf_experiments/ciclo_experimental_1/data/data_blur/train/Robbery017_x264-c35796651c_0_hue_adjust_blur.mp4,/content/drive/MyDrive/ucf_experiments/ciclo_experimental_1/data/data_crop/train/Robbery017_x264-c35796651c_0_hue_adjust_crop.mp4,0
5167,/content/drive/MyDrive/ucf_experiments/ciclo_experimental_1/data/data_blur/train/Fighting048_x264-6535d94c98_1_hue_adjust_blur.mp4,/content/drive/MyDrive/ucf_experiments/ciclo_experimental_1/data/data_crop/train/Fighting048_x264-6535d94c98_1_hue_adjust_crop.mp4,1
5168,/content/drive/MyDrive/ucf_experiments/ciclo_experimental_1/data/data_blur/train/Fighting002_x264-3bd44e7567_1_hue_adjust_blur.mp4,/content/drive/MyDrive/ucf_experiments/ciclo_experimental_1/data/data_crop/train/Fighting002_x264-3bd44e7567_1_hue_adjust_crop.mp4,1
5169,/content/drive/MyDrive/ucf_experiments/ciclo_experimental_1/data/data_blur/train/Fighting026_x264-23557cdcc4_1_hue_adjust_blur.mp4,/content/drive/MyDrive/ucf_experiments/ciclo_experimental_1/data/data_crop/train/Fighting026_x264-23557cdcc4_1_hue_adjust_crop.mp4,1
5170,/content/drive/MyDrive/ucf_experiments/ciclo_experimental_1/data/data_blur/train/Assault042_x264-85450854ad_0_hue_adjust_blur.mp4,/content/drive/MyDrive/ucf_experiments/ciclo_experimental_1/data/data_crop/train/Assault042_x264-85450854ad_0_hue_adjust_crop.mp4,0
5171,/content/drive/MyDrive/ucf_experiments/ciclo_experimental_1/data/data_blur/train/Assault050_x264-3696e43df4_1_hue_adjust_blur.mp4,/content/drive/MyDrive/ucf_experiments/ciclo_experimental_1/data/data_crop/train/Assault050_x264-3696e43df4_1_hue_adjust_crop.mp4,1
5172,/content/drive/MyDrive/ucf_experiments/ciclo_experimental_1/data/data_blur/train/Robbery076_x264-d60f9b0692_1_hue_adjust_blur.mp4,/content/drive/MyDrive/ucf_experiments/ciclo_experimental_1/data/data_crop/train/Robbery076_x264-d60f9b0692_1_hue_adjust_crop.mp4,1
5173,/content/drive/MyDrive/ucf_experiments/ciclo_experimental_1/data/data_blur/train/Robbery091_x264-2bb95ad530_1_hue_adjust_blur.mp4,/content/drive/MyDrive/ucf_experiments/ciclo_experimental_1/data/data_crop/train/Robbery091_x264-2bb95ad530_1_hue_adjust_crop.mp4,1
5174,/content/drive/MyDrive/ucf_experiments/ciclo_experimental_1/data/data_blur/train/Robbery038_x264-b17fe3429a_1_hue_adjust_blur.mp4,/content/drive/MyDrive/ucf_experiments/ciclo_experimental_1/data/data_crop/train/Robbery038_x264-b17fe3429a_1_hue_adjust_crop.mp4,1
5175,/content/drive/MyDrive/ucf_experiments/ciclo_experimental_1/data/data_blur/train/Assault036_x264-ee5b2203a4_1_hue_adjust_blur.mp4,/content/drive/MyDrive/ucf_experiments/ciclo_experimental_1/data/data_crop/train/Assault036_x264-ee5b2203a4_1_hue_adjust_crop.mp4,1
5176,/content/drive/MyDrive/ucf_experiments/ciclo_experimental_1/data/data_blur/train/Robbery067_x264-83c9ac6fca_0_hue_adjust_blur.mp4,/content/drive/MyDrive/ucf_experiments/ciclo_experimental_1/data/data_crop/train/Robbery067_x264-83c9ac6fca_0_hue_adjust_crop.mp4,0
5177,/content/drive/MyDrive/ucf_experiments/ciclo_experimental_1/data/data_blur/train/Fighting007_x264-d2d56349bc_1_hue_adjust_blur.mp4,/content/drive/MyDrive/ucf_experiments/ciclo_experimental_1/data/data_crop/train/Fighting007_x264-d2d56349bc_1_hue_adjust_crop.mp4,1
5178,/content/drive/MyDrive/ucf_experiments/ciclo_experimental_1/data/data_blur/train/Robbery104_x264-3a3e454901_0_hue_adjust_blur.mp4,/content/drive/MyDrive/ucf_experiments/ciclo_experimental_1/data/data_crop/train/Robbery104_x264-3a3e454901_0_hue_adjust_crop.mp4,0
5179,/content/drive/MyDrive/ucf_experiments/ciclo_experimental_1/data/data_blur/train/Fighting011_x264-1daef2643a_0_hue_adjust_blur.mp4,/content/drive/MyDrive/ucf_experiments/ciclo_experimental_1/data/data_crop/train/Fighting011_x264-1daef2643a_0_hue_adjust_crop.mp4,0
5180,/content/drive/MyDrive/ucf_experiments/ciclo_experimental_1/data/data_blur/train/Assault020_x264-3b27027944_0_hue_adjust_blur.mp4,/content/drive/MyDrive/ucf_experiments/ciclo_experimental_1/data/data_crop/train/Assault020_x264-3b27027944_0_hue_adjust_crop.mp4,0
5181,/content/drive/MyDrive/ucf_experiments/ciclo_experimental_1/data/data_blur/train/Robbery031_x264-d4f0f6c6ca_0_hue_adjust_blur.mp4,/content/drive/MyDrive/ucf_experiments/ciclo_experimental_1/data/data_crop/train/Robbery031_x264-d4f0f6c6ca_0_hue_adjust_crop.mp4,0
5182,/content/drive/MyDrive/ucf_experiments/ciclo_experimental_1/data/data_blur/train/Abuse006_x264-93b9a4bf3e_1_hue_adjust_blur.mp4,/content/drive/MyDrive/ucf_experiments/ciclo_experimental_1/data/data_crop/train/Abuse006_x264-93b9a4bf3e_1_hue_adjust_crop.mp4,1
5183,/content/drive/MyDrive/ucf_experiments/ciclo_experimental_1/data/data_blur/train/Assault001_x264-81596a8005_0_hue_adjust_blur.mp4,/content/drive/MyDrive/ucf_experiments/ciclo_experimental_1/data/data_crop/train/Assault001_x264-81596a8005_0_hue_adjust_crop.mp4,0
5184,/content/drive/MyDrive/ucf_experiments/ciclo_experimental_1/data/data_blur/train/Abuse049_x264-6f44b43586_0_hue_adjust_blur.mp4,/content/drive/MyDrive/ucf_experiments/ciclo_experimental_1/data/data_crop/train/Abuse049_x264-6f44b43586_0_hue_adjust_crop.mp4,0
5185,/content/drive/MyDrive/ucf_experiments/ciclo_experimental_1/data/data_blur/train/Assault019_x264-468fd71935_0_hue_adjust_blur.mp4,/content/drive/MyDrive/ucf_experiments/ciclo_experimental_1/data/data_crop/train/Assault019_x264-468fd71935_0_hue_adjust_crop.mp4,0
5186,/content/drive/MyDrive/ucf_experiments/ciclo_experimental_1/data/data_blur/train/Robbery080_x264-de7c85fd31_1_hue_adjust_blur.mp4,/content/drive/MyDrive/ucf_experiments/ciclo_experimental_1/data/data_crop/train/Robbery080_x264-de7c85fd31_1_hue_adjust_crop.mp4,1
5187,/content/drive/MyDrive/ucf_experiments/ciclo_experimental_1/data/data_blur/train/Abuse014_x264-5a47e4cffa_0_hue_adjust_blur.mp4,/content/drive/MyDrive/ucf_experiments/ciclo_experimental_1/data/data_crop/train/Abuse014_x264-5a47e4cffa_0_hue_adjust_crop.mp4,0
5188,/content/drive/MyDrive/ucf_experiments/ciclo_experimental_1/data/data_blur/train/Fighting049_x264-f74f30d0ec_1_hue_adjust_blur.mp4,/content/drive/MyDrive/ucf_experiments/ciclo_experimental_1/data/data_crop/train/Fighting049_x264-f74f30d0ec_1_hue_adjust_crop.mp4,1
5189,/content/drive/MyDrive/ucf_experiments/ciclo_experimental_1/data/data_blur/train/Arrest022_x264-6679cd4693_0_hue_adjust_blur.mp4,/content/drive/MyDrive/ucf_experiments/ciclo_experimental_1/data/data_crop/train/Arrest022_x264-6679cd4693_0_hue_adjust_crop.mp4,0
5190,/content/drive/MyDrive/ucf_experiments/ciclo_experimental_1/data/data_blur/train/Fighting030_x264-87de919c11_1_hue_adjust_blur.mp4,/content/drive/MyDrive/ucf_experiments/ciclo_experimental_1/data/data_crop/train/Fighting030_x264-87de919c11_1_hue_adjust_crop.mp4,1
5191,/content/drive/MyDrive/ucf_experiments/ciclo_experimental_1/data/data_blur/train/Abuse018_x264-2a7e6a0b85_0_hue_adjust_blur.mp4,/content/drive/MyDrive/ucf_experiments/ciclo_experimental_1/data/data_crop/train/Abuse018_x264-2a7e6a0b85_0_hue_adjust_crop.mp4,0
5192,/content/drive/MyDrive/ucf_experiments/ciclo_experimental_1/data/data_blur/train/Robbery078_x264-e43aa8f663_1_hue_adjust_blur.mp4,/content/drive/MyDrive/ucf_experiments/ciclo_experimental_1/data/data_crop/train/Robbery078_x264-e43aa8f663_1_hue_adjust_crop.mp4,1
5193,/content/drive/MyDrive/ucf_experiments/ciclo_experimental_1/data/data_blur/train/Abuse003_x264-a4baa6a1f8_0_hue_adjust_blur.mp4,/content/drive/MyDrive/ucf_experiments/ciclo_experimental_1/data/data_crop/train/Abuse003_x264-a4baa6a1f8_0_hue_adjust_crop.mp4,0
5194,/content/drive/MyDrive/ucf_experiments/ciclo_experimental_1/data/data_blur/train/Assault022_x264-a69bbefffb_1_hue_adjust_blur.mp4,/content/drive/MyDrive/ucf_experiments/ciclo_experimental_1/data/data_crop/train/Assault022_x264-a69bbefffb_1_hue_adjust_crop.mp4,1
5195,/content/drive/MyDrive/ucf_experiments/ciclo_experimental_1/data/data_blur/train/Robbery045_x264-053f92331c_0_hue_adjust_blur.mp4,/content/drive/MyDrive/ucf_experiments/ciclo_experimental_1/data/data_crop/train/Robbery045_x264-053f92331c_0_hue_adjust_crop.mp4,0
5196,/content/drive/MyDrive/ucf_experiments/ciclo_experimental_1/data/data_blur/train/Arrest023_x264-708dbaa97b_1_hue_adjust_blur.mp4,/content/drive/MyDrive/ucf_experiments/ciclo_experimental_1/data/data_crop/train/Arrest023_x264-708dbaa97b_1_hue_adjust_crop.mp4,1
5197,/content/drive/MyDrive/ucf_experiments/ciclo_experimental_1/data/data_blur/train/Assault040_x264-8d9b00bb9f_1_hue_adjust_blur.mp4,/content/drive/MyDrive/ucf_experiments/ciclo_experimental_1/data/data_crop/train/Assault040_x264-8d9b00bb9f_1_hue_adjust_crop.mp4,1
5198,/content/drive/MyDrive/ucf_experiments/ciclo_experimental_1/data/data_blur/train/Robbery088_x264-365fb4c08d_1_hue_adjust_blur.mp4,/content/drive/MyDrive/ucf_experiments/ciclo_experimental_1/data/data_crop/train/Robbery088_x264-365fb4c08d_1_hue_adjust_crop.mp4,1
5199,/content/drive/MyDrive/ucf_experiments/ciclo_experimental_1/data/data_blur/train/Robbery035_x264-4e0b344e5c_0_hue_adjust_blur.mp4,/content/drive/MyDrive/ucf_experiments/ciclo_experimental_1/data/data_crop/train/Robbery035_x264-4e0b344e5c_0_hue_adjust_crop.mp4,0
5200,/content/drive/MyDrive/ucf_experiments/ciclo_experimental_1/data/data_blur/train/Robbery098_x264-3a046ff20c_0_hue_adjust_blur.mp4,/content/drive/MyDrive/ucf_experiments/ciclo_experimental_1/data/data_crop/train/Robbery098_x264-3a046ff20c_0_hue_adjust_crop.mp4,0
5201,/content/drive/MyDrive/ucf_experiments/ciclo_experimental_1/data/data_blur/train/Assault035_x264-b426bc9505_0_hue_adjust_blur.mp4,/content/drive/MyDrive/ucf_experiments/ciclo_experimental_1/data/data_crop/train/Assault035_x264-b426bc9505_0_hue_adjust_crop.mp4,0
5202,/content/drive/MyDrive/ucf_experiments/ciclo_experimental_1/data/data_blur/train/Fighting026_x264-b1b1f07736_0_hue_adjust_blur.mp4,/content/drive/MyDrive/ucf_experiments/ciclo_experimental_1/data/data_crop/train/Fighting026_x264-b1b1f07736_0_hue_adjust_crop.mp4,0
5203,/content/drive/MyDrive/ucf_experiments/ciclo_experimental_1/data/data_blur/train/Fighting016_x264-d55ebf96ce_0_hue_adjust_blur.mp4,/content/drive/MyDrive/ucf_experiments/ciclo_experimental_1/data/data_crop/train/Fighting016_x264-d55ebf96ce_0_hue_adjust_crop.mp4,0
5204,/content/drive/MyDrive/ucf_experiments/ciclo_experimental_1/data/data_blur/train/Robbery036_x264-2aa22b3175_0_hue_adjust_blur.mp4,/content/drive/MyDrive/ucf_experiments/ciclo_experimental_1/data/data_crop/train/Robbery036_x264-2aa22b3175_0_hue_adjust_crop.mp4,0
5205,/content/drive/MyDrive/ucf_experiments/ciclo_experimental_1/data/data_blur/train/Robbery011_x264-5e9747a9b2_1_hue_adjust_blur.mp4,/content/drive/MyDrive/ucf_experiments/ciclo_experimental_1/data/data_crop/train/Robbery011_x264-5e9747a9b2_1_hue_adjust_crop.mp4,1
5206,/content/drive/MyDrive/ucf_experiments/ciclo_experimental_1/data/data_blur/train/Arrest033_x264-e49f533296_0_hue_adjust_blur.mp4,/content/drive/MyDrive/ucf_experiments/ciclo_experimental_1/data/data_crop/train/Arrest033_x264-e49f533296_0_hue_adjust_crop.mp4,0
5207,/content/drive/MyDrive/ucf_experiments/ciclo_experimental_1/data/data_blur/train/Fighting027_x264-5254838548_1_hue_adjust_blur.mp4,/content/drive/MyDrive/ucf_experiments/ciclo_experimental_1/data/data_crop/train/Fighting027_x264-5254838548_1_hue_adjust_crop.mp4,1
5208,/content/drive/MyDrive/ucf_experiments/ciclo_experimental_1/data/data_blur/train/Assault017_x264-4b16c13a12_0_hue_adjust_blur.mp4,/content/drive/MyDrive/ucf_experiments/ciclo_experimental_1/data/data_crop/train/Assault017_x264-4b16c13a12_0_hue_adjust_crop.mp4,0
5209,/content/drive/MyDrive/ucf_experiments/ciclo_experimental_1/data/data_blur/train/Assault015_x264-96b9be463f_1_hue_adjust_blur.mp4,/content/drive/MyDrive/ucf_experiments/ciclo_experimental_1/data/data_crop/train/Assault015_x264-96b9be463f_1_hue_adjust_crop.mp4,1
5210,/content/drive/MyDrive/ucf_experiments/ciclo_experimental_1/data/data_blur/train/Assault015_x264-e6562fe09e_1_hue_adjust_blur.mp4,/content/drive/MyDrive/ucf_experiments/ciclo_experimental_1/data/data_crop/train/Assault015_x264-e6562fe09e_1_hue_adjust_crop.mp4,1
5211,/content/drive/MyDrive/ucf_experiments/ciclo_experimental_1/data/data_blur/train/Abuse003_x264-f65cc2d899_0_hue_adjust_blur.mp4,/content/drive/MyDrive/ucf_experiments/ciclo_experimental_1/data/data_crop/train/Abuse003_x264-f65cc2d899_0_hue_adjust_crop.mp4,0
5212,/content/drive/MyDrive/ucf_experiments/ciclo_experimental_1/data/data_blur/train/Assault007_x264-9942e9cc7d_1_hue_adjust_blur.mp4,/content/drive/MyDrive/ucf_experiments/ciclo_experimental_1/data/data_crop/train/Assault007_x264-9942e9cc7d_1_hue_adjust_crop.mp4,1
5213,/content/drive/MyDrive/ucf_experiments/ciclo_experimental_1/data/data_blur/train/Assault020_x264-8371c3c6f5_0_hue_adjust_blur.mp4,/content/drive/MyDrive/ucf_experiments/ciclo_experimental_1/data/data_crop/train/Assault020_x264-8371c3c6f5_0_hue_adjust_crop.mp4,0
5214,/content/drive/MyDrive/ucf_experiments/ciclo_experimental_1/data/data_blur/train/Assault033_x264-54174bd987_0_hue_adjust_blur.mp4,/content/drive/MyDrive/ucf_experiments/ciclo_experimental_1/data/data_crop/train/Assault033_x264-54174bd987_0_hue_adjust_crop.mp4,0
5215,/content/drive/MyDrive/ucf_experiments/ciclo_experimental_1/data/data_blur/train/Abuse004_x264-c6313c91e2_0_hue_adjust_blur.mp4,/content/drive/MyDrive/ucf_experiments/ciclo_experimental_1/data/data_crop/train/Abuse004_x264-c6313c91e2_0_hue_adjust_crop.mp4,0
5216,/content/drive/MyDrive/ucf_experiments/ciclo_experimental_1/data/data_blur/train/Robbery009_x264-5b244e7245_0_hue_adjust_blur.mp4,/content/drive/MyDrive/ucf_experiments/ciclo_experimental_1/data/data_crop/train/Robbery009_x264-5b244e7245_0_hue_adjust_crop.mp4,0
5217,/content/drive/MyDrive/ucf_experiments/ciclo_experimental_1/data/data_blur/train/Arrest049_x264-d13c3e56a1_1_hue_adjust_blur.mp4,/content/drive/MyDrive/ucf_experiments/ciclo_experimental_1/data/data_crop/train/Arrest049_x264-d13c3e56a1_1_hue_adjust_crop.mp4,1
5218,/content/drive/MyDrive/ucf_experiments/ciclo_experimental_1/data/data_blur/train/Robbery043_x264-4fe6c3ffeb_1_hue_adjust_blur.mp4,/content/drive/MyDrive/ucf_experiments/ciclo_experimental_1/data/data_crop/train/Robbery043_x264-4fe6c3ffeb_1_hue_adjust_crop.mp4,1
5219,/content/drive/MyDrive/ucf_experiments/ciclo_experimental_1/data/data_blur/train/Robbery014_x264-7e19f13dc9_0_hue_adjust_blur.mp4,/content/drive/MyDrive/ucf_experiments/ciclo_experimental_1/data/data_crop/train/Robbery014_x264-7e19f13dc9_0_hue_adjust_crop.mp4,0
5220,/content/drive/MyDrive/ucf_experiments/ciclo_experimental_1/data/data_blur/train/Robbery025_x264-a1bb39ea40_0_hue_adjust_blur.mp4,/content/drive/MyDrive/ucf_experiments/ciclo_experimental_1/data/data_crop/train/Robbery025_x264-a1bb39ea40_0_hue_adjust_crop.mp4,0
5221,/content/drive/MyDrive/ucf_experiments/ciclo_experimental_1/data/data_blur/train/Assault026_x264-73e5cf61a2_1_hue_adjust_blur.mp4,/content/drive/MyDrive/ucf_experiments/ciclo_experimental_1/data/data_crop/train/Assault026_x264-73e5cf61a2_1_hue_adjust_crop.mp4,1
5222,/content/drive/MyDrive/ucf_experiments/ciclo_experimental_1/data/data_blur/train/Abuse050_x264-532380bad5_1_hue_adjust_blur.mp4,/content/drive/MyDrive/ucf_experiments/ciclo_experimental_1/data/data_crop/train/Abuse050_x264-532380bad5_1_hue_adjust_crop.mp4,1
5223,/content/drive/MyDrive/ucf_experiments/ciclo_experimental_1/data/data_blur/train/Robbery060_x264-c5ce2668a0_0_hue_adjust_blur.mp4,/content/drive/MyDrive/ucf_experiments/ciclo_experimental_1/data/data_crop/train/Robbery060_x264-c5ce2668a0_0_hue_adjust_crop.mp4,0
5224,/content/drive/MyDrive/ucf_experiments/ciclo_experimental_1/data/data_blur/train/Arrest031_x264-096a881b6a_0_hue_adjust_blur.mp4,/content/drive/MyDrive/ucf_experiments/ciclo_experimental_1/data/data_crop/train/Arrest031_x264-096a881b6a_0_hue_adjust_crop.mp4,0
5225,/content/drive/MyDrive/ucf_experiments/ciclo_experimental_1/data/data_blur/train/Robbery035_x264-17c56abffd_0_hue_adjust_blur.mp4,/content/drive/MyDrive/ucf_experiments/ciclo_experimental_1/data/data_crop/train/Robbery035_x264-17c56abffd_0_hue_adjust_crop.mp4,0
5226,/content/drive/MyDrive/ucf_experiments/ciclo_experimental_1/data/data_blur/train/Abuse020_x264-a379d80237_1_hue_adjust_blur.mp4,/content/drive/MyDrive/ucf_experiments/ciclo_experimental_1/data/data_crop/train/Abuse020_x264-a379d80237_1_hue_adjust_crop.mp4,1
5227,/content/drive/MyDrive/ucf_experiments/ciclo_experimental_1/data/data_blur/train/Assault019_x264-2ad879c27f_0_hue_adjust_blur.mp4,/content/drive/MyDrive/ucf_experiments/ciclo_experimental_1/data/data_crop/train/Assault019_x264-2ad879c27f_0_hue_adjust_crop.mp4,0
5228,/content/drive/MyDrive/ucf_experiments/ciclo_experimental_1/data/data_blur/train/Fighting008_x264-d6981b6c25_0_hue_adjust_blur.mp4,/content/drive/MyDrive/ucf_experiments/ciclo_experimental_1/data/data_crop/train/Fighting008_x264-d6981b6c25_0_hue_adjust_crop.mp4,0
5229,/content/drive/MyDrive/ucf_experiments/ciclo_experimental_1/data/data_blur/train/Assault036_x264-449d5ca2ab_1_hue_adjust_blur.mp4,/content/drive/MyDrive/ucf_experiments/ciclo_experimental_1/data/data_crop/train/Assault036_x264-449d5ca2ab_1_hue_adjust_crop.mp4,1
5230,/content/drive/MyDrive/ucf_experiments/ciclo_experimental_1/data/data_blur/train/Arrest042_x264-4199a6f0b1_0_hue_adjust_blur.mp4,/content/drive/MyDrive/ucf_experiments/ciclo_experimental_1/data/data_crop/train/Arrest042_x264-4199a6f0b1_0_hue_adjust_crop.mp4,0
5231,/content/drive/MyDrive/ucf_experiments/ciclo_experimental_1/data/data_blur/train/Robbery034_x264-a30f5cb096_1_hue_adjust_blur.mp4,/content/drive/MyDrive/ucf_experiments/ciclo_experimental_1/data/data_crop/train/Robbery034_x264-a30f5cb096_1_hue_adjust_crop.mp4,1
5232,/content/drive/MyDrive/ucf_experiments/ciclo_experimental_1/data/data_blur/train/Fighting030_x264-e7a2aef720_1_hue_adjust_blur.mp4,/content/drive/MyDrive/ucf_experiments/ciclo_experimental_1/data/data_crop/train/Fighting030_x264-e7a2aef720_1_hue_adjust_crop.mp4,1
5233,/content/drive/MyDrive/ucf_experiments/ciclo_experimental_1/data/data_blur/train/Robbery012_x264-8239a20479_1_hue_adjust_blur.mp4,/content/drive/MyDrive/ucf_experiments/ciclo_experimental_1/data/data_crop/train/Robbery012_x264-8239a20479_1_hue_adjust_crop.mp4,1
5234,/content/drive/MyDrive/ucf_experiments/ciclo_experimental_1/data/data_blur/train/Assault049_x264-817dedc97e_1_hue_adjust_blur.mp4,/content/drive/MyDrive/ucf_experiments/ciclo_experimental_1/data/data_crop/train/Assault049_x264-817dedc97e_1_hue_adjust_crop.mp4,1
5235,/content/drive/MyDrive/ucf_experiments/ciclo_experimental_1/data/data_blur/train/Fighting004_x264-ea22d7e03b_1_hue_adjust_blur.mp4,/content/drive/MyDrive/ucf_experiments/ciclo_experimental_1/data/data_crop/train/Fighting004_x264-ea22d7e03b_1_hue_adjust_crop.mp4,1
5236,/content/drive/MyDrive/ucf_experiments/ciclo_experimental_1/data/data_blur/train/Robbery025_x264-f7850b946a_0_hue_adjust_blur.mp4,/content/drive/MyDrive/ucf_experiments/ciclo_experimental_1/data/data_crop/train/Robbery025_x264-f7850b946a_0_hue_adjust_crop.mp4,0
5237,/content/drive/MyDrive/ucf_experiments/ciclo_experimental_1/data/data_blur/train/Fighting004_x264-437986cab9_1_hue_adjust_blur.mp4,/content/drive/MyDrive/ucf_experiments/ciclo_experimental_1/data/data_crop/train/Fighting004_x264-437986cab9_1_hue_adjust_crop.mp4,1
5238,/content/drive/MyDrive/ucf_experiments/ciclo_experimental_1/data/data_blur/train/Robbery042_x264-e4378e996d_0_hue_adjust_blur.mp4,/content/drive/MyDrive/ucf_experiments/ciclo_experimental_1/data/data_crop/train/Robbery042_x264-e4378e996d_0_hue_adjust_crop.mp4,0
5239,/content/drive/MyDrive/ucf_experiments/ciclo_experimental_1/data/data_blur/train/Assault017_x264-36ce0ac38d_0_hue_adjust_blur.mp4,/content/drive/MyDrive/ucf_experiments/ciclo_experimental_1/data/data_crop/train/Assault017_x264-36ce0ac38d_0_hue_adjust_crop.mp4,0
5240,/content/drive/MyDrive/ucf_experiments/ciclo_experimental_1/data/data_blur/train/Assault041_x264-0658798721_1_hue_adjust_blur.mp4,/content/drive/MyDrive/ucf_experiments/ciclo_experimental_1/data/data_crop/train/Assault041_x264-0658798721_1_hue_adjust_crop.mp4,1
5241,/content/drive/MyDrive/ucf_experiments/ciclo_experimental_1/data/data_blur/train/Arrest046_x264-f9cc91921e_0_hue_adjust_blur.mp4,/content/drive/MyDrive/ucf_experiments/ciclo_experimental_1/data/data_crop/train/Arrest046_x264-f9cc91921e_0_hue_adjust_crop.mp4,0
5242,/content/drive/MyDrive/ucf_experiments/ciclo_experimental_1/data/data_blur/train/Abuse005_x264-a493890e11_1_hue_adjust_blur.mp4,/content/drive/MyDrive/ucf_experiments/ciclo_experimental_1/data/data_crop/train/Abuse005_x264-a493890e11_1_hue_adjust_crop.mp4,1
5243,/content/drive/MyDrive/ucf_experiments/ciclo_experimental_1/data/data_blur/train/Robbery001_x264-bf5f7950db_0_hue_adjust_blur.mp4,/content/drive/MyDrive/ucf_experiments/ciclo_experimental_1/data/data_crop/train/Robbery001_x264-bf5f7950db_0_hue_adjust_crop.mp4,0
5244,/content/drive/MyDrive/ucf_experiments/ciclo_experimental_1/data/data_blur/train/Assault007_x264-06b8ad1bae_1_hue_adjust_blur.mp4,/content/drive/MyDrive/ucf_experiments/ciclo_experimental_1/data/data_crop/train/Assault007_x264-06b8ad1bae_1_hue_adjust_crop.mp4,1
5245,/content/drive/MyDrive/ucf_experiments/ciclo_experimental_1/data/data_blur/train/Arrest011_x264-d9635eb05b_1_hue_adjust_blur.mp4,/content/drive/MyDrive/ucf_experiments/ciclo_experimental_1/data/data_crop/train/Arrest011_x264-d9635eb05b_1_hue_adjust_crop.mp4,1
5246,/content/drive/MyDrive/ucf_experiments/ciclo_experimental_1/data/data_blur/train/Robbery033_x264-0f33e9eb2f_1_hue_adjust_blur.mp4,/content/drive/MyDrive/ucf_experiments/ciclo_experimental_1/data/data_crop/train/Robbery033_x264-0f33e9eb2f_1_hue_adjust_crop.mp4,1
5247,/content/drive/MyDrive/ucf_experiments/ciclo_experimental_1/data/data_blur/train/Robbery070_x264-ea08852e9a_1_hue_adjust_blur.mp4,/content/drive/MyDrive/ucf_experiments/ciclo_experimental_1/data/data_crop/train/Robbery070_x264-ea08852e9a_1_hue_adjust_crop.mp4,1
5248,/content/drive/MyDrive/ucf_experiments/ciclo_experimental_1/data/data_blur/train/Arrest026_x264-0a4b917224_1_hue_adjust_blur.mp4,/content/drive/MyDrive/ucf_experiments/ciclo_experimental_1/data/data_crop/train/Arrest026_x264-0a4b917224_1_hue_adjust_crop.mp4,1
5249,/content/drive/MyDrive/ucf_experiments/ciclo_experimental_1/data/data_blur/train/Robbery025_x264-7c67f37a86_1_hue_adjust_blur.mp4,/content/drive/MyDrive/ucf_experiments/ciclo_experimental_1/data/data_crop/train/Robbery025_x264-7c67f37a86_1_hue_adjust_crop.mp4,1
5250,/content/drive/MyDrive/ucf_experiments/ciclo_experimental_1/data/data_blur/train/Arrest031_x264-65c992b590_0_hue_adjust_blur.mp4,/content/drive/MyDrive/ucf_experiments/ciclo_experimental_1/data/data_crop/train/Arrest031_x264-65c992b590_0_hue_adjust_crop.mp4,0
5251,/content/drive/MyDrive/ucf_experiments/ciclo_experimental_1/data/data_blur/train/Fighting028_x264-647ad2ce53_0_hue_adjust_blur.mp4,/content/drive/MyDrive/ucf_experiments/ciclo_experimental_1/data/data_crop/train/Fighting028_x264-647ad2ce53_0_hue_adjust_crop.mp4,0
5252,/content/drive/MyDrive/ucf_experiments/ciclo_experimental_1/data/data_blur/train/Abuse016_x264-75c31665e3_1_hue_adjust_blur.mp4,/content/drive/MyDrive/ucf_experiments/ciclo_experimental_1/data/data_crop/train/Abuse016_x264-75c31665e3_1_hue_adjust_crop.mp4,1
5253,/content/drive/MyDrive/ucf_experiments/ciclo_experimental_1/data/data_blur/train/Arrest042_x264-7a62e1d65f_0_hue_adjust_blur.mp4,/content/drive/MyDrive/ucf_experiments/ciclo_experimental_1/data/data_crop/train/Arrest042_x264-7a62e1d65f_0_hue_adjust_crop.mp4,0
5254,/content/drive/MyDrive/ucf_experiments/ciclo_experimental_1/data/data_blur/train/Fighting038_x264-abb84db8e5_1_hue_adjust_blur.mp4,/content/drive/MyDrive/ucf_experiments/ciclo_experimental_1/data/data_crop/train/Fighting038_x264-abb84db8e5_1_hue_adjust_crop.mp4,1
5255,/content/drive/MyDrive/ucf_experiments/ciclo_experimental_1/data/data_blur/train/Fighting009_x264-0624295718_0_hue_adjust_blur.mp4,/content/drive/MyDrive/ucf_experiments/ciclo_experimental_1/data/data_crop/train/Fighting009_x264-0624295718_0_hue_adjust_crop.mp4,0
5256,/content/drive/MyDrive/ucf_experiments/ciclo_experimental_1/data/data_blur/train/Assault033_x264-d7385e4b91_1_hue_adjust_blur.mp4,/content/drive/MyDrive/ucf_experiments/ciclo_experimental_1/data/data_crop/train/Assault033_x264-d7385e4b91_1_hue_adjust_crop.mp4,1
5257,/content/drive/MyDrive/ucf_experiments/ciclo_experimental_1/data/data_blur/train/Robbery056_x264-8cdf8f6d22_1_hue_adjust_blur.mp4,/content/drive/MyDrive/ucf_experiments/ciclo_experimental_1/data/data_crop/train/Robbery056_x264-8cdf8f6d22_1_hue_adjust_crop.mp4,1
5258,/content/drive/MyDrive/ucf_experiments/ciclo_experimental_1/data/data_blur/train/Robbery091_x264-8c464477d5_1_hue_adjust_blur.mp4,/content/drive/MyDrive/ucf_experiments/ciclo_experimental_1/data/data_crop/train/Robbery091_x264-8c464477d5_1_hue_adjust_crop.mp4,1
5259,/content/drive/MyDrive/ucf_experiments/ciclo_experimental_1/data/data_blur/train/Assault030_x264-40a7f6e02f_1_hue_adjust_blur.mp4,/content/drive/MyDrive/ucf_experiments/ciclo_experimental_1/data/data_crop/train/Assault030_x264-40a7f6e02f_1_hue_adjust_crop.mp4,1
5260,/content/drive/MyDrive/ucf_experiments/ciclo_experimental_1/data/data_blur/train/Fighting025_x264-23880f7d4d_0_hue_adjust_blur.mp4,/content/drive/MyDrive/ucf_experiments/ciclo_experimental_1/data/data_crop/train/Fighting025_x264-23880f7d4d_0_hue_adjust_crop.mp4,0
5261,/content/drive/MyDrive/ucf_experiments/ciclo_experimental_1/data/data_blur/train/Abuse006_x264-c27abdb076_1_hue_adjust_blur.mp4,/content/drive/MyDrive/ucf_experiments/ciclo_experimental_1/data/data_crop/train/Abuse006_x264-c27abdb076_1_hue_adjust_crop.mp4,1
5262,/content/drive/MyDrive/ucf_experiments/ciclo_experimental_1/data/data_blur/train/Arrest017_x264-18ed7b3ac0_0_hue_adjust_blur.mp4,/content/drive/MyDrive/ucf_experiments/ciclo_experimental_1/data/data_crop/train/Arrest017_x264-18ed7b3ac0_0_hue_adjust_crop.mp4,0
5263,/content/drive/MyDrive/ucf_experiments/ciclo_experimental_1/data/data_blur/train/Assault033_x264-351c1f9b96_1_hue_adjust_blur.mp4,/content/drive/MyDrive/ucf_experiments/ciclo_experimental_1/data/data_crop/train/Assault033_x264-351c1f9b96_1_hue_adjust_crop.mp4,1
5264,/content/drive/MyDrive/ucf_experiments/ciclo_experimental_1/data/data_blur/train/Robbery105_x264-1bceabb781_0_hue_adjust_blur.mp4,/content/drive/MyDrive/ucf_experiments/ciclo_experimental_1/data/data_crop/train/Robbery105_x264-1bceabb781_0_hue_adjust_crop.mp4,0
5265,/content/drive/MyDrive/ucf_experiments/ciclo_experimental_1/data/data_blur/train/Fighting049_x264-39d8ac3820_1_hue_adjust_blur.mp4,/content/drive/MyDrive/ucf_experiments/ciclo_experimental_1/data/data_crop/train/Fighting049_x264-39d8ac3820_1_hue_adjust_crop.mp4,1
5266,/content/drive/MyDrive/ucf_experiments/ciclo_experimental_1/data/data_blur/train/Abuse035_x264-16932bd9db_0_hue_adjust_blur.mp4,/content/drive/MyDrive/ucf_experiments/ciclo_experimental_1/data/data_crop/train/Abuse035_x264-16932bd9db_0_hue_adjust_crop.mp4,0
5267,/content/drive/MyDrive/ucf_experiments/ciclo_experimental_1/data/data_blur/train/Robbery107_x264-0904e729d2_0_hue_adjust_blur.mp4,/content/drive/MyDrive/ucf_experiments/ciclo_experimental_1/data/data_crop/train/Robbery107_x264-0904e729d2_0_hue_adjust_crop.mp4,0
5268,/content/drive/MyDrive/ucf_experiments/ciclo_experimental_1/data/data_blur/train/Assault036_x264-6fec886f62_1_hue_adjust_blur.mp4,/content/drive/MyDrive/ucf_experiments/ciclo_experimental_1/data/data_crop/train/Assault036_x264-6fec886f62_1_hue_adjust_crop.mp4,1
5269,/content/drive/MyDrive/ucf_experiments/ciclo_experimental_1/data/data_blur/train/Robbery085_x264-b65fadbe95_0_hue_adjust_blur.mp4,/content/drive/MyDrive/ucf_experiments/ciclo_experimental_1/data/data_crop/train/Robbery085_x264-b65fadbe95_0_hue_adjust_crop.mp4,0
5270,/content/drive/MyDrive/ucf_experiments/ciclo_experimental_1/data/data_blur/train/Robbery098_x264-d474d9514e_1_hue_adjust_blur.mp4,/content/drive/MyDrive/ucf_experiments/ciclo_experimental_1/data/data_crop/train/Robbery098_x264-d474d9514e_1_hue_adjust_crop.mp4,1
5271,/content/drive/MyDrive/ucf_experiments/ciclo_experimental_1/data/data_blur/train/Fighting008_x264-4508880976_1_hue_adjust_blur.mp4,/content/drive/MyDrive/ucf_experiments/ciclo_experimental_1/data/data_crop/train/Fighting008_x264-4508880976_1_hue_adjust_crop.mp4,1
5272,/content/drive/MyDrive/ucf_experiments/ciclo_experimental_1/data/data_blur/train/Robbery009_x264-f0608eef4f_1_hue_adjust_blur.mp4,/content/drive/MyDrive/ucf_experiments/ciclo_experimental_1/data/data_crop/train/Robbery009_x264-f0608eef4f_1_hue_adjust_crop.mp4,1
5273,/content/drive/MyDrive/ucf_experiments/ciclo_experimental_1/data/data_blur/train/Robbery053_x264-5e849f4ee2_1_hue_adjust_blur.mp4,/content/drive/MyDrive/ucf_experiments/ciclo_experimental_1/data/data_crop/train/Robbery053_x264-5e849f4ee2_1_hue_adjust_crop.mp4,1
5274,/content/drive/MyDrive/ucf_experiments/ciclo_experimental_1/data/data_blur/train/Assault014_x264-db2a013b97_0_hue_adjust_blur.mp4,/content/drive/MyDrive/ucf_experiments/ciclo_experimental_1/data/data_crop/train/Assault014_x264-db2a013b97_0_hue_adjust_crop.mp4,0
5275,/content/drive/MyDrive/ucf_experiments/ciclo_experimental_1/data/data_blur/train/Assault029_x264-3c980bf877_1_hue_adjust_blur.mp4,/content/drive/MyDrive/ucf_experiments/ciclo_experimental_1/data/data_crop/train/Assault029_x264-3c980bf877_1_hue_adjust_crop.mp4,1
5276,/content/drive/MyDrive/ucf_experiments/ciclo_experimental_1/data/data_blur/train/Robbery056_x264-827b640551_1_hue_adjust_blur.mp4,/content/drive/MyDrive/ucf_experiments/ciclo_experimental_1/data/data_crop/train/Robbery056_x264-827b640551_1_hue_adjust_crop.mp4,1
5277,/content/drive/MyDrive/ucf_experiments/ciclo_experimental_1/data/data_blur/train/Abuse020_x264-1026a51e62_1_hue_adjust_blur.mp4,/content/drive/MyDrive/ucf_experiments/ciclo_experimental_1/data/data_crop/train/Abuse020_x264-1026a51e62_1_hue_adjust_crop.mp4,1
5278,/content/drive/MyDrive/ucf_experiments/ciclo_experimental_1/data/data_blur/train/Arrest002_x264-0bde44f40b_0_hue_adjust_blur.mp4,/content/drive/MyDrive/ucf_experiments/ciclo_experimental_1/data/data_crop/train/Arrest002_x264-0bde44f40b_0_hue_adjust_crop.mp4,0
5279,/content/drive/MyDrive/ucf_experiments/ciclo_experimental_1/data/data_blur/train/Assault004_x264-42a43b0f62_1_hue_adjust_blur.mp4,/content/drive/MyDrive/ucf_experiments/ciclo_experimental_1/data/data_crop/train/Assault004_x264-42a43b0f62_1_hue_adjust_crop.mp4,1
5280,/content/drive/MyDrive/ucf_experiments/ciclo_experimental_1/data/data_blur/train/Abuse033_x264-41bb78760f_1_hue_adjust_blur.mp4,/content/drive/MyDrive/ucf_experiments/ciclo_experimental_1/data/data_crop/train/Abuse033_x264-41bb78760f_1_hue_adjust_crop.mp4,1
5281,/content/drive/MyDrive/ucf_experiments/ciclo_experimental_1/data/data_blur/train/Assault037_x264-9bee5f721f_0_hue_adjust_blur.mp4,/content/drive/MyDrive/ucf_experiments/ciclo_experimental_1/data/data_crop/train/Assault037_x264-9bee5f721f_0_hue_adjust_crop.mp4,0
5282,/content/drive/MyDrive/ucf_experiments/ciclo_experimental_1/data/data_blur/train/Arrest008_x264-8584816465_0_hue_adjust_blur.mp4,/content/drive/MyDrive/ucf_experiments/ciclo_experimental_1/data/data_crop/train/Arrest008_x264-8584816465_0_hue_adjust_crop.mp4,0
5283,/content/drive/MyDrive/ucf_experiments/ciclo_experimental_1/data/data_blur/train/Fighting024_x264-686932a208_1_hue_adjust_blur.mp4,/content/drive/MyDrive/ucf_experiments/ciclo_experimental_1/data/data_crop/train/Fighting024_x264-686932a208_1_hue_adjust_crop.mp4,1
5284,/content/drive/MyDrive/ucf_experiments/ciclo_experimental_1/data/data_blur/train/Robbery060_x264-d2537abf42_1_hue_adjust_blur.mp4,/content/drive/MyDrive/ucf_experiments/ciclo_experimental_1/data/data_crop/train/Robbery060_x264-d2537abf42_1_hue_adjust_crop.mp4,1
5285,/content/drive/MyDrive/ucf_experiments/ciclo_experimental_1/data/data_blur/train/Assault008_x264-b7467e4501_1_hue_adjust_blur.mp4,/content/drive/MyDrive/ucf_experiments/ciclo_experimental_1/data/data_crop/train/Assault008_x264-b7467e4501_1_hue_adjust_crop.mp4,1
5286,/content/drive/MyDrive/ucf_experiments/ciclo_experimental_1/data/data_blur/train/Robbery020_x264-e79d6a822f_0_hue_adjust_blur.mp4,/content/drive/MyDrive/ucf_experiments/ciclo_experimental_1/data/data_crop/train/Robbery020_x264-e79d6a822f_0_hue_adjust_crop.mp4,0
5287,/content/drive/MyDrive/ucf_experiments/ciclo_experimental_1/data/data_blur/train/Arrest026_x264-8f1e0b3f4e_1_hue_adjust_blur.mp4,/content/drive/MyDrive/ucf_experiments/ciclo_experimental_1/data/data_crop/train/Arrest026_x264-8f1e0b3f4e_1_hue_adjust_crop.mp4,1
5288,/content/drive/MyDrive/ucf_experiments/ciclo_experimental_1/data/data_blur/train/Arrest025_x264-50b84cd523_0_hue_adjust_blur.mp4,/content/drive/MyDrive/ucf_experiments/ciclo_experimental_1/data/data_crop/train/Arrest025_x264-50b84cd523_0_hue_adjust_crop.mp4,0
5289,/content/drive/MyDrive/ucf_experiments/ciclo_experimental_1/data/data_blur/train/Assault007_x264-625d54c4c0_1_hue_adjust_blur.mp4,/content/drive/MyDrive/ucf_experiments/ciclo_experimental_1/data/data_crop/train/Assault007_x264-625d54c4c0_1_hue_adjust_crop.mp4,1
5290,/content/drive/MyDrive/ucf_experiments/ciclo_experimental_1/data/data_blur/train/Abuse046_x264-4a4082648d_1_hue_adjust_blur.mp4,/content/drive/MyDrive/ucf_experiments/ciclo_experimental_1/data/data_crop/train/Abuse046_x264-4a4082648d_1_hue_adjust_crop.mp4,1
5291,/content/drive/MyDrive/ucf_experiments/ciclo_experimental_1/data/data_blur/train/Robbery008_x264-75be261f81_1_hue_adjust_blur.mp4,/content/drive/MyDrive/ucf_experiments/ciclo_experimental_1/data/data_crop/train/Robbery008_x264-75be261f81_1_hue_adjust_crop.mp4,1
5292,/content/drive/MyDrive/ucf_experiments/ciclo_experimental_1/data/data_blur/train/Fighting007_x264-19be836580_0_hue_adjust_blur.mp4,/content/drive/MyDrive/ucf_experiments/ciclo_experimental_1/data/data_crop/train/Fighting007_x264-19be836580_0_hue_adjust_crop.mp4,0
5293,/content/drive/MyDrive/ucf_experiments/ciclo_experimental_1/data/data_blur/train/Arrest023_x264-1912116ad6_1_hue_adjust_blur.mp4,/content/drive/MyDrive/ucf_experiments/ciclo_experimental_1/data/data_crop/train/Arrest023_x264-1912116ad6_1_hue_adjust_crop.mp4,1
5294,/content/drive/MyDrive/ucf_experiments/ciclo_experimental_1/data/data_blur/train/Assault037_x264-6319908b5b_1_hue_adjust_blur.mp4,/content/drive/MyDrive/ucf_experiments/ciclo_experimental_1/data/data_crop/train/Assault037_x264-6319908b5b_1_hue_adjust_crop.mp4,1
5295,/content/drive/MyDrive/ucf_experiments/ciclo_experimental_1/data/data_blur/train/Fighting016_x264-f1a902132f_1_hue_adjust_blur.mp4,/content/drive/MyDrive/ucf_experiments/ciclo_experimental_1/data/data_crop/train/Fighting016_x264-f1a902132f_1_hue_adjust_crop.mp4,1
5296,/content/drive/MyDrive/ucf_experiments/ciclo_experimental_1/data/data_blur/train/Robbery051_x264-482601e7c0_1_hue_adjust_blur.mp4,/content/drive/MyDrive/ucf_experiments/ciclo_experimental_1/data/data_crop/train/Robbery051_x264-482601e7c0_1_hue_adjust_crop.mp4,1
5297,/content/drive/MyDrive/ucf_experiments/ciclo_experimental_1/data/data_blur/train/Robbery060_x264-f438661860_1_hue_adjust_blur.mp4,/content/drive/MyDrive/ucf_experiments/ciclo_experimental_1/data/data_crop/train/Robbery060_x264-f438661860_1_hue_adjust_crop.mp4,1
5298,/content/drive/MyDrive/ucf_experiments/ciclo_experimental_1/data/data_blur/train/Robbery070_x264-a3d2650a33_1_hue_adjust_blur.mp4,/content/drive/MyDrive/ucf_experiments/ciclo_experimental_1/data/data_crop/train/Robbery070_x264-a3d2650a33_1_hue_adjust_crop.mp4,1
5299,/content/drive/MyDrive/ucf_experiments/ciclo_experimental_1/data/data_blur/train/Abuse050_x264-9612b48f00_1_hue_adjust_blur.mp4,/content/drive/MyDrive/ucf_experiments/ciclo_experimental_1/data/data_crop/train/Abuse050_x264-9612b48f00_1_hue_adjust_crop.mp4,1
5300,/content/drive/MyDrive/ucf_experiments/ciclo_experimental_1/data/data_blur/train/Abuse009_x264-e6bc1a49f9_1_hue_adjust_blur.mp4,/content/drive/MyDrive/ucf_experiments/ciclo_experimental_1/data/data_crop/train/Abuse009_x264-e6bc1a49f9_1_hue_adjust_crop.mp4,1
5301,/content/drive/MyDrive/ucf_experiments/ciclo_experimental_1/data/data_blur/train/Assault002_x264-cbb89e6865_0_hue_adjust_blur.mp4,/content/drive/MyDrive/ucf_experiments/ciclo_experimental_1/data/data_crop/train/Assault002_x264-cbb89e6865_0_hue_adjust_crop.mp4,0
5302,/content/drive/MyDrive/ucf_experiments/ciclo_experimental_1/data/data_blur/train/Arrest028_x264-6b99203acd_0_hue_adjust_blur.mp4,/content/drive/MyDrive/ucf_experiments/ciclo_experimental_1/data/data_crop/train/Arrest028_x264-6b99203acd_0_hue_adjust_crop.mp4,0
5303,/content/drive/MyDrive/ucf_experiments/ciclo_experimental_1/data/data_blur/train/Fighting011_x264-98100e9b01_1_hue_adjust_blur.mp4,/content/drive/MyDrive/ucf_experiments/ciclo_experimental_1/data/data_crop/train/Fighting011_x264-98100e9b01_1_hue_adjust_crop.mp4,1
5304,/content/drive/MyDrive/ucf_experiments/ciclo_experimental_1/data/data_blur/train/Arrest046_x264-786f70c142_0_hue_adjust_blur.mp4,/content/drive/MyDrive/ucf_experiments/ciclo_experimental_1/data/data_crop/train/Arrest046_x264-786f70c142_0_hue_adjust_crop.mp4,0
5305,/content/drive/MyDrive/ucf_experiments/ciclo_experimental_1/data/data_blur/train/Fighting025_x264-4e24444503_0_hue_adjust_blur.mp4,/content/drive/MyDrive/ucf_experiments/ciclo_experimental_1/data/data_crop/train/Fighting025_x264-4e24444503_0_hue_adjust_crop.mp4,0
5306,/content/drive/MyDrive/ucf_experiments/ciclo_experimental_1/data/data_blur/train/Fighting021_x264-1c8d001fff_0_hue_adjust_blur.mp4,/content/drive/MyDrive/ucf_experiments/ciclo_experimental_1/data/data_crop/train/Fighting021_x264-1c8d001fff_0_hue_adjust_crop.mp4,0
5307,/content/drive/MyDrive/ucf_experiments/ciclo_experimental_1/data/data_blur/train/Assault018_x264-16de3c55fc_1_hue_adjust_blur.mp4,/content/drive/MyDrive/ucf_experiments/ciclo_experimental_1/data/data_crop/train/Assault018_x264-16de3c55fc_1_hue_adjust_crop.mp4,1
5308,/content/drive/MyDrive/ucf_experiments/ciclo_experimental_1/data/data_blur/train/Assault033_x264-e1efd60040_1_hue_adjust_blur.mp4,/content/drive/MyDrive/ucf_experiments/ciclo_experimental_1/data/data_crop/train/Assault033_x264-e1efd60040_1_hue_adjust_crop.mp4,1
5309,/content/drive/MyDrive/ucf_experiments/ciclo_experimental_1/data/data_blur/train/Fighting004_x264-64855c4a59_1_hue_adjust_blur.mp4,/content/drive/MyDrive/ucf_experiments/ciclo_experimental_1/data/data_crop/train/Fighting004_x264-64855c4a59_1_hue_adjust_crop.mp4,1
5310,/content/drive/MyDrive/ucf_experiments/ciclo_experimental_1/data/data_blur/train/Arrest042_x264-8c556e3fec_0_hue_adjust_blur.mp4,/content/drive/MyDrive/ucf_experiments/ciclo_experimental_1/data/data_crop/train/Arrest042_x264-8c556e3fec_0_hue_adjust_crop.mp4,0
5311,/content/drive/MyDrive/ucf_experiments/ciclo_experimental_1/data/data_blur/train/Fighting035_x264-2509b8f295_1_hue_adjust_blur.mp4,/content/drive/MyDrive/ucf_experiments/ciclo_experimental_1/data/data_crop/train/Fighting035_x264-2509b8f295_1_hue_adjust_crop.mp4,1
5312,/content/drive/MyDrive/ucf_experiments/ciclo_experimental_1/data/data_blur/train/Robbery006_x264-5c344747c9_1_hue_adjust_blur.mp4,/content/drive/MyDrive/ucf_experiments/ciclo_experimental_1/data/data_crop/train/Robbery006_x264-5c344747c9_1_hue_adjust_crop.mp4,1
5313,/content/drive/MyDrive/ucf_experiments/ciclo_experimental_1/data/data_blur/train/Abuse023_x264-21d038a471_1_hue_adjust_blur.mp4,/content/drive/MyDrive/ucf_experiments/ciclo_experimental_1/data/data_crop/train/Abuse023_x264-21d038a471_1_hue_adjust_crop.mp4,1
5314,/content/drive/MyDrive/ucf_experiments/ciclo_experimental_1/data/data_blur/train/Assault018_x264-555058c437_1_hue_adjust_blur.mp4,/content/drive/MyDrive/ucf_experiments/ciclo_experimental_1/data/data_crop/train/Assault018_x264-555058c437_1_hue_adjust_crop.mp4,1
5315,/content/drive/MyDrive/ucf_experiments/ciclo_experimental_1/data/data_blur/train/Robbery041_x264-98e9d579e8_1_hue_adjust_blur.mp4,/content/drive/MyDrive/ucf_experiments/ciclo_experimental_1/data/data_crop/train/Robbery041_x264-98e9d579e8_1_hue_adjust_crop.mp4,1
5316,/content/drive/MyDrive/ucf_experiments/ciclo_experimental_1/data/data_blur/train/Assault050_x264-941725d322_1_hue_adjust_blur.mp4,/content/drive/MyDrive/ucf_experiments/ciclo_experimental_1/data/data_crop/train/Assault050_x264-941725d322_1_hue_adjust_crop.mp4,1
5317,/content/drive/MyDrive/ucf_experiments/ciclo_experimental_1/data/data_blur/train/Robbery072_x264-3f70d7361f_0_hue_adjust_blur.mp4,/content/drive/MyDrive/ucf_experiments/ciclo_experimental_1/data/data_crop/train/Robbery072_x264-3f70d7361f_0_hue_adjust_crop.mp4,0
5318,/content/drive/MyDrive/ucf_experiments/ciclo_experimental_1/data/data_blur/train/Fighting036_x264-d2e1af9546_1_hue_adjust_blur.mp4,/content/drive/MyDrive/ucf_experiments/ciclo_experimental_1/data/data_crop/train/Fighting036_x264-d2e1af9546_1_hue_adjust_crop.mp4,1
5319,/content/drive/MyDrive/ucf_experiments/ciclo_experimental_1/data/data_blur/train/Fighting009_x264-7461c2c02d_0_hue_adjust_blur.mp4,/content/drive/MyDrive/ucf_experiments/ciclo_experimental_1/data/data_crop/train/Fighting009_x264-7461c2c02d_0_hue_adjust_crop.mp4,0
5320,/content/drive/MyDrive/ucf_experiments/ciclo_experimental_1/data/data_blur/train/Arrest012_x264-2d35f2d829_1_hue_adjust_blur.mp4,/content/drive/MyDrive/ucf_experiments/ciclo_experimental_1/data/data_crop/train/Arrest012_x264-2d35f2d829_1_hue_adjust_crop.mp4,1
5321,/content/drive/MyDrive/ucf_experiments/ciclo_experimental_1/data/data_blur/train/Assault018_x264-7d196abfb1_1_hue_adjust_blur.mp4,/content/drive/MyDrive/ucf_experiments/ciclo_experimental_1/data/data_crop/train/Assault018_x264-7d196abfb1_1_hue_adjust_crop.mp4,1
5322,/content/drive/MyDrive/ucf_experiments/ciclo_experimental_1/data/data_blur/train/Abuse023_x264-74a41ea03c_1_hue_adjust_blur.mp4,/content/drive/MyDrive/ucf_experiments/ciclo_experimental_1/data/data_crop/train/Abuse023_x264-74a41ea03c_1_hue_adjust_crop.mp4,1
5323,/content/drive/MyDrive/ucf_experiments/ciclo_experimental_1/data/data_blur/train/Robbery060_x264-de053698ca_1_hue_adjust_blur.mp4,/content/drive/MyDrive/ucf_experiments/ciclo_experimental_1/data/data_crop/train/Robbery060_x264-de053698ca_1_hue_adjust_crop.mp4,1
5324,/content/drive/MyDrive/ucf_experiments/ciclo_experimental_1/data/data_blur/train/Abuse035_x264-25aa175caa_0_hue_adjust_blur.mp4,/content/drive/MyDrive/ucf_experiments/ciclo_experimental_1/data/data_crop/train/Abuse035_x264-25aa175caa_0_hue_adjust_crop.mp4,0
5325,/content/drive/MyDrive/ucf_experiments/ciclo_experimental_1/data/data_blur/train/Arrest038_x264-2d1634476f_1_hue_adjust_blur.mp4,/content/drive/MyDrive/ucf_experiments/ciclo_experimental_1/data/data_crop/train/Arrest038_x264-2d1634476f_1_hue_adjust_crop.mp4,1
5326,/content/drive/MyDrive/ucf_experiments/ciclo_experimental_1/data/data_blur/train/Assault022_x264-e623ad467c_0_hue_adjust_blur.mp4,/content/drive/MyDrive/ucf_experiments/ciclo_experimental_1/data/data_crop/train/Assault022_x264-e623ad467c_0_hue_adjust_crop.mp4,0
5327,/content/drive/MyDrive/ucf_experiments/ciclo_experimental_1/data/data_blur/train/Arrest046_x264-1e432ccfca_0_hue_adjust_blur.mp4,/content/drive/MyDrive/ucf_experiments/ciclo_experimental_1/data/data_crop/train/Arrest046_x264-1e432ccfca_0_hue_adjust_crop.mp4,0
5328,/content/drive/MyDrive/ucf_experiments/ciclo_experimental_1/data/data_blur/train/Assault007_x264-87ccf5a1da_1_hue_adjust_blur.mp4,/content/drive/MyDrive/ucf_experiments/ciclo_experimental_1/data/data_crop/train/Assault007_x264-87ccf5a1da_1_hue_adjust_crop.mp4,1
5329,/content/drive/MyDrive/ucf_experiments/ciclo_experimental_1/data/data_blur/train/Fighting009_x264-d59130842a_1_hue_adjust_blur.mp4,/content/drive/MyDrive/ucf_experiments/ciclo_experimental_1/data/data_crop/train/Fighting009_x264-d59130842a_1_hue_adjust_crop.mp4,1
5330,/content/drive/MyDrive/ucf_experiments/ciclo_experimental_1/data/data_blur/train/Robbery011_x264-0933d359de_0_hue_adjust_blur.mp4,/content/drive/MyDrive/ucf_experiments/ciclo_experimental_1/data/data_crop/train/Robbery011_x264-0933d359de_0_hue_adjust_crop.mp4,0
5331,/content/drive/MyDrive/ucf_experiments/ciclo_experimental_1/data/data_blur/train/Fighting035_x264-0f622092ef_0_hue_adjust_blur.mp4,/content/drive/MyDrive/ucf_experiments/ciclo_experimental_1/data/data_crop/train/Fighting035_x264-0f622092ef_0_hue_adjust_crop.mp4,0
5332,/content/drive/MyDrive/ucf_experiments/ciclo_experimental_1/data/data_blur/train/Fighting020_x264-5891b63e7d_0_hue_adjust_blur.mp4,/content/drive/MyDrive/ucf_experiments/ciclo_experimental_1/data/data_crop/train/Fighting020_x264-5891b63e7d_0_hue_adjust_crop.mp4,0
5333,/content/drive/MyDrive/ucf_experiments/ciclo_experimental_1/data/data_blur/train/Robbery003_x264-6f979af506_0_hue_adjust_blur.mp4,/content/drive/MyDrive/ucf_experiments/ciclo_experimental_1/data/data_crop/train/Robbery003_x264-6f979af506_0_hue_adjust_crop.mp4,0
5334,/content/drive/MyDrive/ucf_experiments/ciclo_experimental_1/data/data_blur/train/Fighting006_x264-33a619ddea_1_hue_adjust_blur.mp4,/content/drive/MyDrive/ucf_experiments/ciclo_experimental_1/data/data_crop/train/Fighting006_x264-33a619ddea_1_hue_adjust_crop.mp4,1
5335,/content/drive/MyDrive/ucf_experiments/ciclo_experimental_1/data/data_blur/train/Robbery036_x264-cb4af26f1f_0_hue_adjust_blur.mp4,/content/drive/MyDrive/ucf_experiments/ciclo_experimental_1/data/data_crop/train/Robbery036_x264-cb4af26f1f_0_hue_adjust_crop.mp4,0
5336,/content/drive/MyDrive/ucf_experiments/ciclo_experimental_1/data/data_blur/train/Robbery081_x264-105d99f718_0_hue_adjust_blur.mp4,/content/drive/MyDrive/ucf_experiments/ciclo_experimental_1/data/data_crop/train/Robbery081_x264-105d99f718_0_hue_adjust_crop.mp4,0
5337,/content/drive/MyDrive/ucf_experiments/ciclo_experimental_1/data/data_blur/train/Fighting013_x264-7a51854de8_1_hue_adjust_blur.mp4,/content/drive/MyDrive/ucf_experiments/ciclo_experimental_1/data/data_crop/train/Fighting013_x264-7a51854de8_1_hue_adjust_crop.mp4,1
5338,/content/drive/MyDrive/ucf_experiments/ciclo_experimental_1/data/data_blur/train/Robbery029_x264-28579b4065_1_hue_adjust_blur.mp4,/content/drive/MyDrive/ucf_experiments/ciclo_experimental_1/data/data_crop/train/Robbery029_x264-28579b4065_1_hue_adjust_crop.mp4,1
5339,/content/drive/MyDrive/ucf_experiments/ciclo_experimental_1/data/data_blur/train/Robbery009_x264-f69f5f1413_1_hue_adjust_blur.mp4,/content/drive/MyDrive/ucf_experiments/ciclo_experimental_1/data/data_crop/train/Robbery009_x264-f69f5f1413_1_hue_adjust_crop.mp4,1
5340,/content/drive/MyDrive/ucf_experiments/ciclo_experimental_1/data/data_blur/train/Fighting040_x264-027d0be3ee_0_hue_adjust_blur.mp4,/content/drive/MyDrive/ucf_experiments/ciclo_experimental_1/data/data_crop/train/Fighting040_x264-027d0be3ee_0_hue_adjust_crop.mp4,0
5341,/content/drive/MyDrive/ucf_experiments/ciclo_experimental_1/data/data_blur/train/Robbery067_x264-ef6a36307a_0_hue_adjust_blur.mp4,/content/drive/MyDrive/ucf_experiments/ciclo_experimental_1/data/data_crop/train/Robbery067_x264-ef6a36307a_0_hue_adjust_crop.mp4,0
5342,/content/drive/MyDrive/ucf_experiments/ciclo_experimental_1/data/data_blur/train/Robbery054_x264-8660d833bf_0_hue_adjust_blur.mp4,/content/drive/MyDrive/ucf_experiments/ciclo_experimental_1/data/data_crop/train/Robbery054_x264-8660d833bf_0_hue_adjust_crop.mp4,0
5343,/content/drive/MyDrive/ucf_experiments/ciclo_experimental_1/data/data_blur/train/Robbery031_x264-5aca29133d_1_hue_adjust_blur.mp4,/content/drive/MyDrive/ucf_experiments/ciclo_experimental_1/data/data_crop/train/Robbery031_x264-5aca29133d_1_hue_adjust_crop.mp4,1
5344,/content/drive/MyDrive/ucf_experiments/ciclo_experimental_1/data/data_blur/train/Robbery064_x264-fa3cc560e3_1_hue_adjust_blur.mp4,/content/drive/MyDrive/ucf_experiments/ciclo_experimental_1/data/data_crop/train/Robbery064_x264-fa3cc560e3_1_hue_adjust_crop.mp4,1
5345,/content/drive/MyDrive/ucf_experiments/ciclo_experimental_1/data/data_blur/train/Abuse024_x264-abb6b39081_1_hue_adjust_blur.mp4,/content/drive/MyDrive/ucf_experiments/ciclo_experimental_1/data/data_crop/train/Abuse024_x264-abb6b39081_1_hue_adjust_crop.mp4,1
5346,/content/drive/MyDrive/ucf_experiments/ciclo_experimental_1/data/data_blur/train/Assault009_x264-6246c008fe_1_hue_adjust_blur.mp4,/content/drive/MyDrive/ucf_experiments/ciclo_experimental_1/data/data_crop/train/Assault009_x264-6246c008fe_1_hue_adjust_crop.mp4,1
5347,/content/drive/MyDrive/ucf_experiments/ciclo_experimental_1/data/data_blur/train/Assault008_x264-e0d94ec59c_1_hue_adjust_blur.mp4,/content/drive/MyDrive/ucf_experiments/ciclo_experimental_1/data/data_crop/train/Assault008_x264-e0d94ec59c_1_hue_adjust_crop.mp4,1
5348,/content/drive/MyDrive/ucf_experiments/ciclo_experimental_1/data/data_blur/train/Arrest011_x264-5482d97eb3_1_hue_adjust_blur.mp4,/content/drive/MyDrive/ucf_experiments/ciclo_experimental_1/data/data_crop/train/Arrest011_x264-5482d97eb3_1_hue_adjust_crop.mp4,1
5349,/content/drive/MyDrive/ucf_experiments/ciclo_experimental_1/data/data_blur/train/Robbery026_x264-90361ecca2_1_hue_adjust_blur.mp4,/content/drive/MyDrive/ucf_experiments/ciclo_experimental_1/data/data_crop/train/Robbery026_x264-90361ecca2_1_hue_adjust_crop.mp4,1
5350,/content/drive/MyDrive/ucf_experiments/ciclo_experimental_1/data/data_blur/train/Robbery023_x264-4baa957b84_1_hue_adjust_blur.mp4,/content/drive/MyDrive/ucf_experiments/ciclo_experimental_1/data/data_crop/train/Robbery023_x264-4baa957b84_1_hue_adjust_crop.mp4,1
5351,/content/drive/MyDrive/ucf_experiments/ciclo_experimental_1/data/data_blur/train/Assault046_x264-aadeebf6e3_0_hue_adjust_blur.mp4,/content/drive/MyDrive/ucf_experiments/ciclo_experimental_1/data/data_crop/train/Assault046_x264-aadeebf6e3_0_hue_adjust_crop.mp4,0
5352,/content/drive/MyDrive/ucf_experiments/ciclo_experimental_1/data/data_blur/train/Fighting021_x264-8f90ed5041_0_hue_adjust_blur.mp4,/content/drive/MyDrive/ucf_experiments/ciclo_experimental_1/data/data_crop/train/Fighting021_x264-8f90ed5041_0_hue_adjust_crop.mp4,0
5353,/content/drive/MyDrive/ucf_experiments/ciclo_experimental_1/data/data_blur/train/Abuse022_x264-04c8652fa0_1_hue_adjust_blur.mp4,/content/drive/MyDrive/ucf_experiments/ciclo_experimental_1/data/data_crop/train/Abuse022_x264-04c8652fa0_1_hue_adjust_crop.mp4,1
5354,/content/drive/MyDrive/ucf_experiments/ciclo_experimental_1/data/data_blur/train/Assault033_x264-656704c92f_1_hue_adjust_blur.mp4,/content/drive/MyDrive/ucf_experiments/ciclo_experimental_1/data/data_crop/train/Assault033_x264-656704c92f_1_hue_adjust_crop.mp4,1
5355,/content/drive/MyDrive/ucf_experiments/ciclo_experimental_1/data/data_blur/train/Arrest008_x264-41bc527364_0_hue_adjust_blur.mp4,/content/drive/MyDrive/ucf_experiments/ciclo_experimental_1/data/data_crop/train/Arrest008_x264-41bc527364_0_hue_adjust_crop.mp4,0
5356,/content/drive/MyDrive/ucf_experiments/ciclo_experimental_1/data/data_blur/train/Robbery081_x264-1da1858450_1_hue_adjust_blur.mp4,/content/drive/MyDrive/ucf_experiments/ciclo_experimental_1/data/data_crop/train/Robbery081_x264-1da1858450_1_hue_adjust_crop.mp4,1
5357,/content/drive/MyDrive/ucf_experiments/ciclo_experimental_1/data/data_blur/train/Assault001_x264-7a71e0bff4_1_hue_adjust_blur.mp4,/content/drive/MyDrive/ucf_experiments/ciclo_experimental_1/data/data_crop/train/Assault001_x264-7a71e0bff4_1_hue_adjust_crop.mp4,1
5358,/content/drive/MyDrive/ucf_experiments/ciclo_experimental_1/data/data_blur/train/Arrest022_x264-bf5c386e7c_0_hue_adjust_blur.mp4,/content/drive/MyDrive/ucf_experiments/ciclo_experimental_1/data/data_crop/train/Arrest022_x264-bf5c386e7c_0_hue_adjust_crop.mp4,0
5359,/content/drive/MyDrive/ucf_experiments/ciclo_experimental_1/data/data_blur/train/Assault001_x264-36202ded98_1_hue_adjust_blur.mp4,/content/drive/MyDrive/ucf_experiments/ciclo_experimental_1/data/data_crop/train/Assault001_x264-36202ded98_1_hue_adjust_crop.mp4,1
5360,/content/drive/MyDrive/ucf_experiments/ciclo_experimental_1/data/data_blur/train/Robbery009_x264-4b7c999c3e_1_hue_adjust_blur.mp4,/content/drive/MyDrive/ucf_experiments/ciclo_experimental_1/data/data_crop/train/Robbery009_x264-4b7c999c3e_1_hue_adjust_crop.mp4,1
5361,/content/drive/MyDrive/ucf_experiments/ciclo_experimental_1/data/data_blur/train/Robbery039_x264-4f84a02994_1_hue_adjust_blur.mp4,/content/drive/MyDrive/ucf_experiments/ciclo_experimental_1/data/data_crop/train/Robbery039_x264-4f84a02994_1_hue_adjust_crop.mp4,1
5362,/content/drive/MyDrive/ucf_experiments/ciclo_experimental_1/data/data_blur/train/Assault018_x264-2236e7cd55_0_hue_adjust_blur.mp4,/content/drive/MyDrive/ucf_experiments/ciclo_experimental_1/data/data_crop/train/Assault018_x264-2236e7cd55_0_hue_adjust_crop.mp4,0
5363,/content/drive/MyDrive/ucf_experiments/ciclo_experimental_1/data/data_blur/train/Fighting026_x264-0758efa470_1_hue_adjust_blur.mp4,/content/drive/MyDrive/ucf_experiments/ciclo_experimental_1/data/data_crop/train/Fighting026_x264-0758efa470_1_hue_adjust_crop.mp4,1
5364,/content/drive/MyDrive/ucf_experiments/ciclo_experimental_1/data/data_blur/train/Fighting016_x264-b14d5d6152_1_hue_adjust_blur.mp4,/content/drive/MyDrive/ucf_experiments/ciclo_experimental_1/data/data_crop/train/Fighting016_x264-b14d5d6152_1_hue_adjust_crop.mp4,1
5365,/content/drive/MyDrive/ucf_experiments/ciclo_experimental_1/data/data_blur/train/Robbery036_x264-a258b51e77_0_hue_adjust_blur.mp4,/content/drive/MyDrive/ucf_experiments/ciclo_experimental_1/data/data_crop/train/Robbery036_x264-a258b51e77_0_hue_adjust_crop.mp4,0
5366,/content/drive/MyDrive/ucf_experiments/ciclo_experimental_1/data/data_blur/train/Fighting010_x264-3f92384118_0_hue_adjust_blur.mp4,/content/drive/MyDrive/ucf_experiments/ciclo_experimental_1/data/data_crop/train/Fighting010_x264-3f92384118_0_hue_adjust_crop.mp4,0
5367,/content/drive/MyDrive/ucf_experiments/ciclo_experimental_1/data/data_blur/train/Fighting014_x264-2d0dd028c2_0_hue_adjust_blur.mp4,/content/drive/MyDrive/ucf_experiments/ciclo_experimental_1/data/data_crop/train/Fighting014_x264-2d0dd028c2_0_hue_adjust_crop.mp4,0
5368,/content/drive/MyDrive/ucf_experiments/ciclo_experimental_1/data/data_blur/train/Arrest012_x264-ed2e31c61f_0_hue_adjust_blur.mp4,/content/drive/MyDrive/ucf_experiments/ciclo_experimental_1/data/data_crop/train/Arrest012_x264-ed2e31c61f_0_hue_adjust_crop.mp4,0
5369,/content/drive/MyDrive/ucf_experiments/ciclo_experimental_1/data/data_blur/train/Robbery038_x264-43ad25f8a2_1_hue_adjust_blur.mp4,/content/drive/MyDrive/ucf_experiments/ciclo_experimental_1/data/data_crop/train/Robbery038_x264-43ad25f8a2_1_hue_adjust_crop.mp4,1
5370,/content/drive/MyDrive/ucf_experiments/ciclo_experimental_1/data/data_blur/train/Abuse024_x264-e62346d9c8_0_hue_adjust_blur.mp4,/content/drive/MyDrive/ucf_experiments/ciclo_experimental_1/data/data_crop/train/Abuse024_x264-e62346d9c8_0_hue_adjust_crop.mp4,0
5371,/content/drive/MyDrive/ucf_experiments/ciclo_experimental_1/data/data_blur/train/Arrest038_x264-c5212e39fa_0_hue_adjust_blur.mp4,/content/drive/MyDrive/ucf_experiments/ciclo_experimental_1/data/data_crop/train/Arrest038_x264-c5212e39fa_0_hue_adjust_crop.mp4,0
5372,/content/drive/MyDrive/ucf_experiments/ciclo_experimental_1/data/data_blur/train/Robbery060_x264-9aa606f2fc_0_hue_adjust_blur.mp4,/content/drive/MyDrive/ucf_experiments/ciclo_experimental_1/data/data_crop/train/Robbery060_x264-9aa606f2fc_0_hue_adjust_crop.mp4,0
5373,/content/drive/MyDrive/ucf_experiments/ciclo_experimental_1/data/data_blur/train/Fighting049_x264-eeda9e6b98_1_hue_adjust_blur.mp4,/content/drive/MyDrive/ucf_experiments/ciclo_experimental_1/data/data_crop/train/Fighting049_x264-eeda9e6b98_1_hue_adjust_crop.mp4,1
5374,/content/drive/MyDrive/ucf_experiments/ciclo_experimental_1/data/data_blur/train/Arrest022_x264-eb67215710_0_hue_adjust_blur.mp4,/content/drive/MyDrive/ucf_experiments/ciclo_experimental_1/data/data_crop/train/Arrest022_x264-eb67215710_0_hue_adjust_crop.mp4,0
5375,/content/drive/MyDrive/ucf_experiments/ciclo_experimental_1/data/data_blur/train/Fighting048_x264-3c4315a1f3_0_hue_adjust_blur.mp4,/content/drive/MyDrive/ucf_experiments/ciclo_experimental_1/data/data_crop/train/Fighting048_x264-3c4315a1f3_0_hue_adjust_crop.mp4,0
5376,/content/drive/MyDrive/ucf_experiments/ciclo_experimental_1/data/data_blur/train/Fighting002_x264-ae60d67dc3_0_hue_adjust_blur.mp4,/content/drive/MyDrive/ucf_experiments/ciclo_experimental_1/data/data_crop/train/Fighting002_x264-ae60d67dc3_0_hue_adjust_crop.mp4,0
5377,/content/drive/MyDrive/ucf_experiments/ciclo_experimental_1/data/data_blur/train/Robbery097_x264-512e68a059_0_hue_adjust_blur.mp4,/content/drive/MyDrive/ucf_experiments/ciclo_experimental_1/data/data_crop/train/Robbery097_x264-512e68a059_0_hue_adjust_crop.mp4,0
5378,/content/drive/MyDrive/ucf_experiments/ciclo_experimental_1/data/data_blur/train/Assault018_x264-93726f0ef2_1_hue_adjust_blur.mp4,/content/drive/MyDrive/ucf_experiments/ciclo_experimental_1/data/data_crop/train/Assault018_x264-93726f0ef2_1_hue_adjust_crop.mp4,1
5379,/content/drive/MyDrive/ucf_experiments/ciclo_experimental_1/data/data_blur/train/Fighting044_x264-4c117aa665_0_hue_adjust_blur.mp4,/content/drive/MyDrive/ucf_experiments/ciclo_experimental_1/data/data_crop/train/Fighting044_x264-4c117aa665_0_hue_adjust_crop.mp4,0
5380,/content/drive/MyDrive/ucf_experiments/ciclo_experimental_1/data/data_blur/train/Robbery019_x264-6ef3a0050a_1_hue_adjust_blur.mp4,/content/drive/MyDrive/ucf_experiments/ciclo_experimental_1/data/data_crop/train/Robbery019_x264-6ef3a0050a_1_hue_adjust_crop.mp4,1
5381,/content/drive/MyDrive/ucf_experiments/ciclo_experimental_1/data/data_blur/train/Arrest034_x264-2649e08024_0_hue_adjust_blur.mp4,/content/drive/MyDrive/ucf_experiments/ciclo_experimental_1/data/data_crop/train/Arrest034_x264-2649e08024_0_hue_adjust_crop.mp4,0
5382,/content/drive/MyDrive/ucf_experiments/ciclo_experimental_1/data/data_blur/train/Abuse035_x264-a1243e2b92_1_hue_adjust_blur.mp4,/content/drive/MyDrive/ucf_experiments/ciclo_experimental_1/data/data_crop/train/Abuse035_x264-a1243e2b92_1_hue_adjust_crop.mp4,1
5383,/content/drive/MyDrive/ucf_experiments/ciclo_experimental_1/data/data_blur/train/Assault032_x264-a70d3cbf68_1_hue_adjust_blur.mp4,/content/drive/MyDrive/ucf_experiments/ciclo_experimental_1/data/data_crop/train/Assault032_x264-a70d3cbf68_1_hue_adjust_crop.mp4,1
5384,/content/drive/MyDrive/ucf_experiments/ciclo_experimental_1/data/data_blur/train/Robbery097_x264-9eb21dfeb7_0_hue_adjust_blur.mp4,/content/drive/MyDrive/ucf_experiments/ciclo_experimental_1/data/data_crop/train/Robbery097_x264-9eb21dfeb7_0_hue_adjust_crop.mp4,0
5385,/content/drive/MyDrive/ucf_experiments/ciclo_experimental_1/data/data_blur/train/Robbery058_x264-e30dc9da12_1_hue_adjust_blur.mp4,/content/drive/MyDrive/ucf_experiments/ciclo_experimental_1/data/data_crop/train/Robbery058_x264-e30dc9da12_1_hue_adjust_crop.mp4,1
5386,/content/drive/MyDrive/ucf_experiments/ciclo_experimental_1/data/data_blur/train/Fighting040_x264-b8c5401244_1_hue_adjust_blur.mp4,/content/drive/MyDrive/ucf_experiments/ciclo_experimental_1/data/data_crop/train/Fighting040_x264-b8c5401244_1_hue_adjust_crop.mp4,1
5387,/content/drive/MyDrive/ucf_experiments/ciclo_experimental_1/data/data_blur/train/Fighting011_x264-8d04667005_0_hue_adjust_blur.mp4,/content/drive/MyDrive/ucf_experiments/ciclo_experimental_1/data/data_crop/train/Fighting011_x264-8d04667005_0_hue_adjust_crop.mp4,0
5388,/content/drive/MyDrive/ucf_experiments/ciclo_experimental_1/data/data_blur/train/Abuse007_x264-004d9fba11_1_hue_adjust_blur.mp4,/content/drive/MyDrive/ucf_experiments/ciclo_experimental_1/data/data_crop/train/Abuse007_x264-004d9fba11_1_hue_adjust_crop.mp4,1
5389,/content/drive/MyDrive/ucf_experiments/ciclo_experimental_1/data/data_blur/train/Abuse006_x264-e0925f5d41_1_hue_adjust_blur.mp4,/content/drive/MyDrive/ucf_experiments/ciclo_experimental_1/data/data_crop/train/Abuse006_x264-e0925f5d41_1_hue_adjust_crop.mp4,1
5390,/content/drive/MyDrive/ucf_experiments/ciclo_experimental_1/data/data_blur/train/Robbery101_x264-ff520e4482_0_hue_adjust_blur.mp4,/content/drive/MyDrive/ucf_experiments/ciclo_experimental_1/data/data_crop/train/Robbery101_x264-ff520e4482_0_hue_adjust_crop.mp4,0
5391,/content/drive/MyDrive/ucf_experiments/ciclo_experimental_1/data/data_blur/train/Robbery072_x264-b5f64dc74e_0_hue_adjust_blur.mp4,/content/drive/MyDrive/ucf_experiments/ciclo_experimental_1/data/data_crop/train/Robbery072_x264-b5f64dc74e_0_hue_adjust_crop.mp4,0
5392,/content/drive/MyDrive/ucf_experiments/ciclo_experimental_1/data/data_blur/train/Arrest042_x264-3d1e50c124_0_hue_adjust_blur.mp4,/content/drive/MyDrive/ucf_experiments/ciclo_experimental_1/data/data_crop/train/Arrest042_x264-3d1e50c124_0_hue_adjust_crop.mp4,0
5393,/content/drive/MyDrive/ucf_experiments/ciclo_experimental_1/data/data_blur/train/Robbery008_x264-8a5eca1e90_1_hue_adjust_blur.mp4,/content/drive/MyDrive/ucf_experiments/ciclo_experimental_1/data/data_crop/train/Robbery008_x264-8a5eca1e90_1_hue_adjust_crop.mp4,1
5394,/content/drive/MyDrive/ucf_experiments/ciclo_experimental_1/data/data_blur/train/Abuse006_x264-e5d0de74d2_1_hue_adjust_blur.mp4,/content/drive/MyDrive/ucf_experiments/ciclo_experimental_1/data/data_crop/train/Abuse006_x264-e5d0de74d2_1_hue_adjust_crop.mp4,1
5395,/content/drive/MyDrive/ucf_experiments/ciclo_experimental_1/data/data_blur/train/Robbery021_x264-625b3c9609_0_hue_adjust_blur.mp4,/content/drive/MyDrive/ucf_experiments/ciclo_experimental_1/data/data_crop/train/Robbery021_x264-625b3c9609_0_hue_adjust_crop.mp4,0
5396,/content/drive/MyDrive/ucf_experiments/ciclo_experimental_1/data/data_blur/train/Robbery011_x264-3e33217f45_1_hue_adjust_blur.mp4,/content/drive/MyDrive/ucf_experiments/ciclo_experimental_1/data/data_crop/train/Robbery011_x264-3e33217f45_1_hue_adjust_crop.mp4,1
5397,/content/drive/MyDrive/ucf_experiments/ciclo_experimental_1/data/data_blur/train/Arrest036_x264-4ff288203f_0_hue_adjust_blur.mp4,/content/drive/MyDrive/ucf_experiments/ciclo_experimental_1/data/data_crop/train/Arrest036_x264-4ff288203f_0_hue_adjust_crop.mp4,0
5398,/content/drive/MyDrive/ucf_experiments/ciclo_experimental_1/data/data_blur/train/Assault022_x264-8ec08e47a4_0_hue_adjust_blur.mp4,/content/drive/MyDrive/ucf_experiments/ciclo_experimental_1/data/data_crop/train/Assault022_x264-8ec08e47a4_0_hue_adjust_crop.mp4,0
5399,/content/drive/MyDrive/ucf_experiments/ciclo_experimental_1/data/data_blur/train/Robbery086_x264-333ec2d32b_0_hue_adjust_blur.mp4,/content/drive/MyDrive/ucf_experiments/ciclo_experimental_1/data/data_crop/train/Robbery086_x264-333ec2d32b_0_hue_adjust_crop.mp4,0
5400,/content/drive/MyDrive/ucf_experiments/ciclo_experimental_1/data/data_blur/train/Fighting040_x264-b179c12bdc_0_hue_adjust_blur.mp4,/content/drive/MyDrive/ucf_experiments/ciclo_experimental_1/data/data_crop/train/Fighting040_x264-b179c12bdc_0_hue_adjust_crop.mp4,0
5401,/content/drive/MyDrive/ucf_experiments/ciclo_experimental_1/data/data_blur/train/Fighting010_x264-9c2b2565bc_0_hue_adjust_blur.mp4,/content/drive/MyDrive/ucf_experiments/ciclo_experimental_1/data/data_crop/train/Fighting010_x264-9c2b2565bc_0_hue_adjust_crop.mp4,0
5402,/content/drive/MyDrive/ucf_experiments/ciclo_experimental_1/data/data_blur/train/Fighting049_x264-7618828f0d_0_hue_adjust_blur.mp4,/content/drive/MyDrive/ucf_experiments/ciclo_experimental_1/data/data_crop/train/Fighting049_x264-7618828f0d_0_hue_adjust_crop.mp4,0
5403,/content/drive/MyDrive/ucf_experiments/ciclo_experimental_1/data/data_blur/train/Abuse025_x264-3ff1cf7c61_0_hue_adjust_blur.mp4,/content/drive/MyDrive/ucf_experiments/ciclo_experimental_1/data/data_crop/train/Abuse025_x264-3ff1cf7c61_0_hue_adjust_crop.mp4,0
5404,/content/drive/MyDrive/ucf_experiments/ciclo_experimental_1/data/data_blur/train/Robbery036_x264-db747d607a_0_hue_adjust_blur.mp4,/content/drive/MyDrive/ucf_experiments/ciclo_experimental_1/data/data_crop/train/Robbery036_x264-db747d607a_0_hue_adjust_crop.mp4,0
5405,/content/drive/MyDrive/ucf_experiments/ciclo_experimental_1/data/data_blur/train/Arrest011_x264-76147883fa_1_hue_adjust_blur.mp4,/content/drive/MyDrive/ucf_experiments/ciclo_experimental_1/data/data_crop/train/Arrest011_x264-76147883fa_1_hue_adjust_crop.mp4,1
5406,/content/drive/MyDrive/ucf_experiments/ciclo_experimental_1/data/data_blur/train/Arrest003_x264-89227d48bf_1_hue_adjust_blur.mp4,/content/drive/MyDrive/ucf_experiments/ciclo_experimental_1/data/data_crop/train/Arrest003_x264-89227d48bf_1_hue_adjust_crop.mp4,1
5407,/content/drive/MyDrive/ucf_experiments/ciclo_experimental_1/data/data_blur/train/Arrest003_x264-50687da1b8_1_hue_adjust_blur.mp4,/content/drive/MyDrive/ucf_experiments/ciclo_experimental_1/data/data_crop/train/Arrest003_x264-50687da1b8_1_hue_adjust_crop.mp4,1
5408,/content/drive/MyDrive/ucf_experiments/ciclo_experimental_1/data/data_blur/train/Assault019_x264-b5345e7d01_1_hue_adjust_blur.mp4,/content/drive/MyDrive/ucf_experiments/ciclo_experimental_1/data/data_crop/train/Assault019_x264-b5345e7d01_1_hue_adjust_crop.mp4,1
5409,/content/drive/MyDrive/ucf_experiments/ciclo_experimental_1/data/data_blur/train/Robbery030_x264-b84cd59bfc_0_hue_adjust_blur.mp4,/content/drive/MyDrive/ucf_experiments/ciclo_experimental_1/data/data_crop/train/Robbery030_x264-b84cd59bfc_0_hue_adjust_crop.mp4,0
5410,/content/drive/MyDrive/ucf_experiments/ciclo_experimental_1/data/data_blur/train/Fighting024_x264-f10c894e53_1_hue_adjust_blur.mp4,/content/drive/MyDrive/ucf_experiments/ciclo_experimental_1/data/data_crop/train/Fighting024_x264-f10c894e53_1_hue_adjust_crop.mp4,1
5411,/content/drive/MyDrive/ucf_experiments/ciclo_experimental_1/data/data_blur/train/Fighting004_x264-c028842b10_1_hue_adjust_blur.mp4,/content/drive/MyDrive/ucf_experiments/ciclo_experimental_1/data/data_crop/train/Fighting004_x264-c028842b10_1_hue_adjust_crop.mp4,1
5412,/content/drive/MyDrive/ucf_experiments/ciclo_experimental_1/data/data_blur/train/Abuse048_x264-8f76b776a4_1_hue_adjust_blur.mp4,/content/drive/MyDrive/ucf_experiments/ciclo_experimental_1/data/data_crop/train/Abuse048_x264-8f76b776a4_1_hue_adjust_crop.mp4,1
5413,/content/drive/MyDrive/ucf_experiments/ciclo_experimental_1/data/data_blur/train/Fighting051_x264-c1ce25730e_1_hue_adjust_blur.mp4,/content/drive/MyDrive/ucf_experiments/ciclo_experimental_1/data/data_crop/train/Fighting051_x264-c1ce25730e_1_hue_adjust_crop.mp4,1
5414,/content/drive/MyDrive/ucf_experiments/ciclo_experimental_1/data/data_blur/train/Robbery047_x264-4b812efef4_1_hue_adjust_blur.mp4,/content/drive/MyDrive/ucf_experiments/ciclo_experimental_1/data/data_crop/train/Robbery047_x264-4b812efef4_1_hue_adjust_crop.mp4,1
5415,/content/drive/MyDrive/ucf_experiments/ciclo_experimental_1/data/data_blur/train/Arrest035_x264-c21e234e8a_0_hue_adjust_blur.mp4,/content/drive/MyDrive/ucf_experiments/ciclo_experimental_1/data/data_crop/train/Arrest035_x264-c21e234e8a_0_hue_adjust_crop.mp4,0
5416,/content/drive/MyDrive/ucf_experiments/ciclo_experimental_1/data/data_blur/train/Robbery047_x264-19f2e807b4_1_hue_adjust_blur.mp4,/content/drive/MyDrive/ucf_experiments/ciclo_experimental_1/data/data_crop/train/Robbery047_x264-19f2e807b4_1_hue_adjust_crop.mp4,1
5417,/content/drive/MyDrive/ucf_experiments/ciclo_experimental_1/data/data_blur/train/Arrest037_x264-35159557dc_1_hue_adjust_blur.mp4,/content/drive/MyDrive/ucf_experiments/ciclo_experimental_1/data/data_crop/train/Arrest037_x264-35159557dc_1_hue_adjust_crop.mp4,1
5418,/content/drive/MyDrive/ucf_experiments/ciclo_experimental_1/data/data_blur/train/Robbery019_x264-a5f00ea887_1_hue_adjust_blur.mp4,/content/drive/MyDrive/ucf_experiments/ciclo_experimental_1/data/data_crop/train/Robbery019_x264-a5f00ea887_1_hue_adjust_crop.mp4,1
5419,/content/drive/MyDrive/ucf_experiments/ciclo_experimental_1/data/data_blur/train/Fighting036_x264-dc263766e4_1_hue_adjust_blur.mp4,/content/drive/MyDrive/ucf_experiments/ciclo_experimental_1/data/data_crop/train/Fighting036_x264-dc263766e4_1_hue_adjust_crop.mp4,1
5420,/content/drive/MyDrive/ucf_experiments/ciclo_experimental_1/data/data_blur/train/Assault028_x264-f4ec4c1a85_0_hue_adjust_blur.mp4,/content/drive/MyDrive/ucf_experiments/ciclo_experimental_1/data/data_crop/train/Assault028_x264-f4ec4c1a85_0_hue_adjust_crop.mp4,0
5421,/content/drive/MyDrive/ucf_experiments/ciclo_experimental_1/data/data_blur/train/Assault002_x264-442b014425_0_hue_adjust_blur.mp4,/content/drive/MyDrive/ucf_experiments/ciclo_experimental_1/data/data_crop/train/Assault002_x264-442b014425_0_hue_adjust_crop.mp4,0
5422,/content/drive/MyDrive/ucf_experiments/ciclo_experimental_1/data/data_blur/train/Robbery100_x264-6c58eb94dc_0_hue_adjust_blur.mp4,/content/drive/MyDrive/ucf_experiments/ciclo_experimental_1/data/data_crop/train/Robbery100_x264-6c58eb94dc_0_hue_adjust_crop.mp4,0
5423,/content/drive/MyDrive/ucf_experiments/ciclo_experimental_1/data/data_blur/train/Assault050_x264-ce2cf8d7d7_1_hue_adjust_blur.mp4,/content/drive/MyDrive/ucf_experiments/ciclo_experimental_1/data/data_crop/train/Assault050_x264-ce2cf8d7d7_1_hue_adjust_crop.mp4,1
5424,/content/drive/MyDrive/ucf_experiments/ciclo_experimental_1/data/data_blur/train/Arrest026_x264-fc9eb19e16_1_hue_adjust_blur.mp4,/content/drive/MyDrive/ucf_experiments/ciclo_experimental_1/data/data_crop/train/Arrest026_x264-fc9eb19e16_1_hue_adjust_crop.mp4,1
5425,/content/drive/MyDrive/ucf_experiments/ciclo_experimental_1/data/data_blur/train/Robbery070_x264-a21a97ce0b_0_hue_adjust_blur.mp4,/content/drive/MyDrive/ucf_experiments/ciclo_experimental_1/data/data_crop/train/Robbery070_x264-a21a97ce0b_0_hue_adjust_crop.mp4,0
5426,/content/drive/MyDrive/ucf_experiments/ciclo_experimental_1/data/data_blur/train/Arrest026_x264-0019086adc_1_hue_adjust_blur.mp4,/content/drive/MyDrive/ucf_experiments/ciclo_experimental_1/data/data_crop/train/Arrest026_x264-0019086adc_1_hue_adjust_crop.mp4,1
5427,/content/drive/MyDrive/ucf_experiments/ciclo_experimental_1/data/data_blur/train/Fighting043_x264-0b6a9199ab_0_hue_adjust_blur.mp4,/content/drive/MyDrive/ucf_experiments/ciclo_experimental_1/data/data_crop/train/Fighting043_x264-0b6a9199ab_0_hue_adjust_crop.mp4,0
5428,/content/drive/MyDrive/ucf_experiments/ciclo_experimental_1/data/data_blur/train/Abuse006_x264-47d1e010e7_0_hue_adjust_blur.mp4,/content/drive/MyDrive/ucf_experiments/ciclo_experimental_1/data/data_crop/train/Abuse006_x264-47d1e010e7_0_hue_adjust_crop.mp4,0
5429,/content/drive/MyDrive/ucf_experiments/ciclo_experimental_1/data/data_blur/train/Abuse043_x264-e513eec127_1_hue_adjust_blur.mp4,/content/drive/MyDrive/ucf_experiments/ciclo_experimental_1/data/data_crop/train/Abuse043_x264-e513eec127_1_hue_adjust_crop.mp4,1
5430,/content/drive/MyDrive/ucf_experiments/ciclo_experimental_1/data/data_blur/train/Assault005_x264-deb14506f8_0_hue_adjust_blur.mp4,/content/drive/MyDrive/ucf_experiments/ciclo_experimental_1/data/data_crop/train/Assault005_x264-deb14506f8_0_hue_adjust_crop.mp4,0
5431,/content/drive/MyDrive/ucf_experiments/ciclo_experimental_1/data/data_blur/train/Robbery071_x264-36193c8a7b_0_hue_adjust_blur.mp4,/content/drive/MyDrive/ucf_experiments/ciclo_experimental_1/data/data_crop/train/Robbery071_x264-36193c8a7b_0_hue_adjust_crop.mp4,0
5432,/content/drive/MyDrive/ucf_experiments/ciclo_experimental_1/data/data_blur/train/Robbery025_x264-109f7ab7dc_1_hue_adjust_blur.mp4,/content/drive/MyDrive/ucf_experiments/ciclo_experimental_1/data/data_crop/train/Robbery025_x264-109f7ab7dc_1_hue_adjust_crop.mp4,1
5433,/content/drive/MyDrive/ucf_experiments/ciclo_experimental_1/data/data_blur/train/Fighting024_x264-436fae7c03_1_hue_adjust_blur.mp4,/content/drive/MyDrive/ucf_experiments/ciclo_experimental_1/data/data_crop/train/Fighting024_x264-436fae7c03_1_hue_adjust_crop.mp4,1
5434,/content/drive/MyDrive/ucf_experiments/ciclo_experimental_1/data/data_blur/train/Assault015_x264-3881dc4c66_1_hue_adjust_blur.mp4,/content/drive/MyDrive/ucf_experiments/ciclo_experimental_1/data/data_crop/train/Assault015_x264-3881dc4c66_1_hue_adjust_crop.mp4,1
5435,/content/drive/MyDrive/ucf_experiments/ciclo_experimental_1/data/data_blur/train/Fighting009_x264-16b845bbd0_0_hue_adjust_blur.mp4,/content/drive/MyDrive/ucf_experiments/ciclo_experimental_1/data/data_crop/train/Fighting009_x264-16b845bbd0_0_hue_adjust_crop.mp4,0
5436,/content/drive/MyDrive/ucf_experiments/ciclo_experimental_1/data/data_blur/train/Fighting026_x264-f98acdff97_0_hue_adjust_blur.mp4,/content/drive/MyDrive/ucf_experiments/ciclo_experimental_1/data/data_crop/train/Fighting026_x264-f98acdff97_0_hue_adjust_crop.mp4,0
5437,/content/drive/MyDrive/ucf_experiments/ciclo_experimental_1/data/data_blur/train/Fighting002_x264-5a033ecceb_1_hue_adjust_blur.mp4,/content/drive/MyDrive/ucf_experiments/ciclo_experimental_1/data/data_crop/train/Fighting002_x264-5a033ecceb_1_hue_adjust_crop.mp4,1
5438,/content/drive/MyDrive/ucf_experiments/ciclo_experimental_1/data/data_blur/train/Fighting024_x264-b8ec0336dc_0_hue_adjust_blur.mp4,/content/drive/MyDrive/ucf_experiments/ciclo_experimental_1/data/data_crop/train/Fighting024_x264-b8ec0336dc_0_hue_adjust_crop.mp4,0
5439,/content/drive/MyDrive/ucf_experiments/ciclo_experimental_1/data/data_blur/train/Robbery078_x264-626101a9eb_0_hue_adjust_blur.mp4,/content/drive/MyDrive/ucf_experiments/ciclo_experimental_1/data/data_crop/train/Robbery078_x264-626101a9eb_0_hue_adjust_crop.mp4,0
5440,/content/drive/MyDrive/ucf_experiments/ciclo_experimental_1/data/data_blur/train/Fighting006_x264-2336d8cbb8_1_hue_adjust_blur.mp4,/content/drive/MyDrive/ucf_experiments/ciclo_experimental_1/data/data_crop/train/Fighting006_x264-2336d8cbb8_1_hue_adjust_crop.mp4,1
5441,/content/drive/MyDrive/ucf_experiments/ciclo_experimental_1/data/data_blur/train/Fighting002_x264-7714b8f0d3_0_hue_adjust_blur.mp4,/content/drive/MyDrive/ucf_experiments/ciclo_experimental_1/data/data_crop/train/Fighting002_x264-7714b8f0d3_0_hue_adjust_crop.mp4,0
5442,/content/drive/MyDrive/ucf_experiments/ciclo_experimental_1/data/data_blur/train/Arrest025_x264-6202a1fec4_1_hue_adjust_blur.mp4,/content/drive/MyDrive/ucf_experiments/ciclo_experimental_1/data/data_crop/train/Arrest025_x264-6202a1fec4_1_hue_adjust_crop.mp4,1
5443,/content/drive/MyDrive/ucf_experiments/ciclo_experimental_1/data/data_blur/train/Robbery103_x264-7585786c23_0_hue_adjust_blur.mp4,/content/drive/MyDrive/ucf_experiments/ciclo_experimental_1/data/data_crop/train/Robbery103_x264-7585786c23_0_hue_adjust_crop.mp4,0
5444,/content/drive/MyDrive/ucf_experiments/ciclo_experimental_1/data/data_blur/train/Abuse023_x264-4951b3245c_1_hue_adjust_blur.mp4,/content/drive/MyDrive/ucf_experiments/ciclo_experimental_1/data/data_crop/train/Abuse023_x264-4951b3245c_1_hue_adjust_crop.mp4,1
5445,/content/drive/MyDrive/ucf_experiments/ciclo_experimental_1/data/data_blur/train/Robbery023_x264-137a8f0e0b_1_hue_adjust_blur.mp4,/content/drive/MyDrive/ucf_experiments/ciclo_experimental_1/data/data_crop/train/Robbery023_x264-137a8f0e0b_1_hue_adjust_crop.mp4,1
5446,/content/drive/MyDrive/ucf_experiments/ciclo_experimental_1/data/data_blur/train/Robbery020_x264-881771daa3_0_hue_adjust_blur.mp4,/content/drive/MyDrive/ucf_experiments/ciclo_experimental_1/data/data_crop/train/Robbery020_x264-881771daa3_0_hue_adjust_crop.mp4,0
5447,/content/drive/MyDrive/ucf_experiments/ciclo_experimental_1/data/data_blur/train/Robbery053_x264-8721d4a6ec_0_hue_adjust_blur.mp4,/content/drive/MyDrive/ucf_experiments/ciclo_experimental_1/data/data_crop/train/Robbery053_x264-8721d4a6ec_0_hue_adjust_crop.mp4,0
5448,/content/drive/MyDrive/ucf_experiments/ciclo_experimental_1/data/data_blur/train/Assault033_x264-8d6c375ef0_1_hue_adjust_blur.mp4,/content/drive/MyDrive/ucf_experiments/ciclo_experimental_1/data/data_crop/train/Assault033_x264-8d6c375ef0_1_hue_adjust_crop.mp4,1
5449,/content/drive/MyDrive/ucf_experiments/ciclo_experimental_1/data/data_blur/train/Assault015_x264-2d44c15f92_1_hue_adjust_blur.mp4,/content/drive/MyDrive/ucf_experiments/ciclo_experimental_1/data/data_crop/train/Assault015_x264-2d44c15f92_1_hue_adjust_crop.mp4,1
5450,/content/drive/MyDrive/ucf_experiments/ciclo_experimental_1/data/data_blur/train/Fighting036_x264-883b69ed7c_1_hue_adjust_blur.mp4,/content/drive/MyDrive/ucf_experiments/ciclo_experimental_1/data/data_crop/train/Fighting036_x264-883b69ed7c_1_hue_adjust_crop.mp4,1
5451,/content/drive/MyDrive/ucf_experiments/ciclo_experimental_1/data/data_blur/train/Abuse023_x264-1b78ed1e25_1_hue_adjust_blur.mp4,/content/drive/MyDrive/ucf_experiments/ciclo_experimental_1/data/data_crop/train/Abuse023_x264-1b78ed1e25_1_hue_adjust_crop.mp4,1
5452,/content/drive/MyDrive/ucf_experiments/ciclo_experimental_1/data/data_blur/train/Arrest032_x264-97b7f8c881_1_hue_adjust_blur.mp4,/content/drive/MyDrive/ucf_experiments/ciclo_experimental_1/data/data_crop/train/Arrest032_x264-97b7f8c881_1_hue_adjust_crop.mp4,1
5453,/content/drive/MyDrive/ucf_experiments/ciclo_experimental_1/data/data_blur/train/Assault036_x264-b3982cb775_1_hue_adjust_blur.mp4,/content/drive/MyDrive/ucf_experiments/ciclo_experimental_1/data/data_crop/train/Assault036_x264-b3982cb775_1_hue_adjust_crop.mp4,1
5454,/content/drive/MyDrive/ucf_experiments/ciclo_experimental_1/data/data_blur/train/Arrest011_x264-c9c10fea60_0_hue_adjust_blur.mp4,/content/drive/MyDrive/ucf_experiments/ciclo_experimental_1/data/data_crop/train/Arrest011_x264-c9c10fea60_0_hue_adjust_crop.mp4,0
5455,/content/drive/MyDrive/ucf_experiments/ciclo_experimental_1/data/data_blur/train/Robbery047_x264-fdf178c5ad_1_hue_adjust_blur.mp4,/content/drive/MyDrive/ucf_experiments/ciclo_experimental_1/data/data_crop/train/Robbery047_x264-fdf178c5ad_1_hue_adjust_crop.mp4,1
5456,/content/drive/MyDrive/ucf_experiments/ciclo_experimental_1/data/data_blur/train/Fighting014_x264-0640fada5b_0_hue_adjust_blur.mp4,/content/drive/MyDrive/ucf_experiments/ciclo_experimental_1/data/data_crop/train/Fighting014_x264-0640fada5b_0_hue_adjust_crop.mp4,0
5457,/content/drive/MyDrive/ucf_experiments/ciclo_experimental_1/data/data_blur/train/Abuse042_x264-3745bdb504_0_hue_adjust_blur.mp4,/content/drive/MyDrive/ucf_experiments/ciclo_experimental_1/data/data_crop/train/Abuse042_x264-3745bdb504_0_hue_adjust_crop.mp4,0
5458,/content/drive/MyDrive/ucf_experiments/ciclo_experimental_1/data/data_blur/train/Robbery043_x264-e39cfde463_1_hue_adjust_blur.mp4,/content/drive/MyDrive/ucf_experiments/ciclo_experimental_1/data/data_crop/train/Robbery043_x264-e39cfde463_1_hue_adjust_crop.mp4,1
5459,/content/drive/MyDrive/ucf_experiments/ciclo_experimental_1/data/data_blur/train/Assault014_x264-135a54f1a8_0_hue_adjust_blur.mp4,/content/drive/MyDrive/ucf_experiments/ciclo_experimental_1/data/data_crop/train/Assault014_x264-135a54f1a8_0_hue_adjust_crop.mp4,0
5460,/content/drive/MyDrive/ucf_experiments/ciclo_experimental_1/data/data_blur/train/Assault014_x264-c3d9d1254b_0_hue_adjust_blur.mp4,/content/drive/MyDrive/ucf_experiments/ciclo_experimental_1/data/data_crop/train/Assault014_x264-c3d9d1254b_0_hue_adjust_crop.mp4,0
5461,/content/drive/MyDrive/ucf_experiments/ciclo_experimental_1/data/data_blur/train/Fighting040_x264-0dadc159b6_0_hue_adjust_blur.mp4,/content/drive/MyDrive/ucf_experiments/ciclo_experimental_1/data/data_crop/train/Fighting040_x264-0dadc159b6_0_hue_adjust_crop.mp4,0
5462,/content/drive/MyDrive/ucf_experiments/ciclo_experimental_1/data/data_blur/train/Assault047_x264-802c21a2ae_0_hue_adjust_blur.mp4,/content/drive/MyDrive/ucf_experiments/ciclo_experimental_1/data/data_crop/train/Assault047_x264-802c21a2ae_0_hue_adjust_crop.mp4,0
5463,/content/drive/MyDrive/ucf_experiments/ciclo_experimental_1/data/data_blur/train/Assault025_x264-66f3366b2a_0_hue_adjust_blur.mp4,/content/drive/MyDrive/ucf_experiments/ciclo_experimental_1/data/data_crop/train/Assault025_x264-66f3366b2a_0_hue_adjust_crop.mp4,0
5464,/content/drive/MyDrive/ucf_experiments/ciclo_experimental_1/data/data_blur/train/Abuse027_x264-01772f4938_0_hue_adjust_blur.mp4,/content/drive/MyDrive/ucf_experiments/ciclo_experimental_1/data/data_crop/train/Abuse027_x264-01772f4938_0_hue_adjust_crop.mp4,0
5465,/content/drive/MyDrive/ucf_experiments/ciclo_experimental_1/data/data_blur/train/Robbery022_x264-6cf9176d9d_0_hue_adjust_blur.mp4,/content/drive/MyDrive/ucf_experiments/ciclo_experimental_1/data/data_crop/train/Robbery022_x264-6cf9176d9d_0_hue_adjust_crop.mp4,0
5466,/content/drive/MyDrive/ucf_experiments/ciclo_experimental_1/data/data_blur/train/Arrest022_x264-9269bf3432_0_hue_adjust_blur.mp4,/content/drive/MyDrive/ucf_experiments/ciclo_experimental_1/data/data_crop/train/Arrest022_x264-9269bf3432_0_hue_adjust_crop.mp4,0
5467,/content/drive/MyDrive/ucf_experiments/ciclo_experimental_1/data/data_blur/train/Assault016_x264-b54595f0cb_0_hue_adjust_blur.mp4,/content/drive/MyDrive/ucf_experiments/ciclo_experimental_1/data/data_crop/train/Assault016_x264-b54595f0cb_0_hue_adjust_crop.mp4,0
5468,/content/drive/MyDrive/ucf_experiments/ciclo_experimental_1/data/data_blur/train/Abuse019_x264-aa14ac5a07_0_hue_adjust_blur.mp4,/content/drive/MyDrive/ucf_experiments/ciclo_experimental_1/data/data_crop/train/Abuse019_x264-aa14ac5a07_0_hue_adjust_crop.mp4,0
5469,/content/drive/MyDrive/ucf_experiments/ciclo_experimental_1/data/data_blur/train/Robbery062_x264-ae8d4df074_1_hue_adjust_blur.mp4,/content/drive/MyDrive/ucf_experiments/ciclo_experimental_1/data/data_crop/train/Robbery062_x264-ae8d4df074_1_hue_adjust_crop.mp4,1
5470,/content/drive/MyDrive/ucf_experiments/ciclo_experimental_1/data/data_blur/train/Robbery072_x264-834c782579_0_hue_adjust_blur.mp4,/content/drive/MyDrive/ucf_experiments/ciclo_experimental_1/data/data_crop/train/Robbery072_x264-834c782579_0_hue_adjust_crop.mp4,0
5471,/content/drive/MyDrive/ucf_experiments/ciclo_experimental_1/data/data_blur/train/Arrest026_x264-2fadbce1f6_1_hue_adjust_blur.mp4,/content/drive/MyDrive/ucf_experiments/ciclo_experimental_1/data/data_crop/train/Arrest026_x264-2fadbce1f6_1_hue_adjust_crop.mp4,1
5472,/content/drive/MyDrive/ucf_experiments/ciclo_experimental_1/data/data_blur/train/Fighting028_x264-56ceace745_1_hue_adjust_blur.mp4,/content/drive/MyDrive/ucf_experiments/ciclo_experimental_1/data/data_crop/train/Fighting028_x264-56ceace745_1_hue_adjust_crop.mp4,1
5473,/content/drive/MyDrive/ucf_experiments/ciclo_experimental_1/data/data_blur/train/Abuse035_x264-44e6d2efc5_1_hue_adjust_blur.mp4,/content/drive/MyDrive/ucf_experiments/ciclo_experimental_1/data/data_crop/train/Abuse035_x264-44e6d2efc5_1_hue_adjust_crop.mp4,1
5474,/content/drive/MyDrive/ucf_experiments/ciclo_experimental_1/data/data_blur/train/Abuse048_x264-0f706364c5_1_hue_adjust_blur.mp4,/content/drive/MyDrive/ucf_experiments/ciclo_experimental_1/data/data_crop/train/Abuse048_x264-0f706364c5_1_hue_adjust_crop.mp4,1
5475,/content/drive/MyDrive/ucf_experiments/ciclo_experimental_1/data/data_blur/train/Abuse008_x264-02791a8679_0_hue_adjust_blur.mp4,/content/drive/MyDrive/ucf_experiments/ciclo_experimental_1/data/data_crop/train/Abuse008_x264-02791a8679_0_hue_adjust_crop.mp4,0
5476,/content/drive/MyDrive/ucf_experiments/ciclo_experimental_1/data/data_blur/train/Robbery042_x264-9bd889553e_0_hue_adjust_blur.mp4,/content/drive/MyDrive/ucf_experiments/ciclo_experimental_1/data/data_crop/train/Robbery042_x264-9bd889553e_0_hue_adjust_crop.mp4,0
5477,/content/drive/MyDrive/ucf_experiments/ciclo_experimental_1/data/data_blur/train/Robbery070_x264-0dea5afea9_1_hue_adjust_blur.mp4,/content/drive/MyDrive/ucf_experiments/ciclo_experimental_1/data/data_crop/train/Robbery070_x264-0dea5afea9_1_hue_adjust_crop.mp4,1
5478,/content/drive/MyDrive/ucf_experiments/ciclo_experimental_1/data/data_blur/train/Abuse006_x264-f8495d1c24_1_hue_adjust_blur.mp4,/content/drive/MyDrive/ucf_experiments/ciclo_experimental_1/data/data_crop/train/Abuse006_x264-f8495d1c24_1_hue_adjust_crop.mp4,1
5479,/content/drive/MyDrive/ucf_experiments/ciclo_experimental_1/data/data_blur/train/Abuse046_x264-96b37008e7_1_hue_adjust_blur.mp4,/content/drive/MyDrive/ucf_experiments/ciclo_experimental_1/data/data_crop/train/Abuse046_x264-96b37008e7_1_hue_adjust_crop.mp4,1
5480,/content/drive/MyDrive/ucf_experiments/ciclo_experimental_1/data/data_blur/train/Assault018_x264-716d735610_0_hue_adjust_blur.mp4,/content/drive/MyDrive/ucf_experiments/ciclo_experimental_1/data/data_crop/train/Assault018_x264-716d735610_0_hue_adjust_crop.mp4,0
5481,/content/drive/MyDrive/ucf_experiments/ciclo_experimental_1/data/data_blur/train/Robbery028_x264-147743684d_1_hue_adjust_blur.mp4,/content/drive/MyDrive/ucf_experiments/ciclo_experimental_1/data/data_crop/train/Robbery028_x264-147743684d_1_hue_adjust_crop.mp4,1
5482,/content/drive/MyDrive/ucf_experiments/ciclo_experimental_1/data/data_blur/train/Fighting027_x264-1399f8dc4f_0_hue_adjust_blur.mp4,/content/drive/MyDrive/ucf_experiments/ciclo_experimental_1/data/data_crop/train/Fighting027_x264-1399f8dc4f_0_hue_adjust_crop.mp4,0
5483,/content/drive/MyDrive/ucf_experiments/ciclo_experimental_1/data/data_blur/train/Assault045_x264-739777ec74_0_hue_adjust_blur.mp4,/content/drive/MyDrive/ucf_experiments/ciclo_experimental_1/data/data_crop/train/Assault045_x264-739777ec74_0_hue_adjust_crop.mp4,0
5484,/content/drive/MyDrive/ucf_experiments/ciclo_experimental_1/data/data_blur/train/Robbery015_x264-a454ff5eb3_0_hue_adjust_blur.mp4,/content/drive/MyDrive/ucf_experiments/ciclo_experimental_1/data/data_crop/train/Robbery015_x264-a454ff5eb3_0_hue_adjust_crop.mp4,0
5485,/content/drive/MyDrive/ucf_experiments/ciclo_experimental_1/data/data_blur/train/Robbery026_x264-718c4532e7_0_hue_adjust_blur.mp4,/content/drive/MyDrive/ucf_experiments/ciclo_experimental_1/data/data_crop/train/Robbery026_x264-718c4532e7_0_hue_adjust_crop.mp4,0
5486,/content/drive/MyDrive/ucf_experiments/ciclo_experimental_1/data/data_blur/train/Assault007_x264-bc42502b0a_1_hue_adjust_blur.mp4,/content/drive/MyDrive/ucf_experiments/ciclo_experimental_1/data/data_crop/train/Assault007_x264-bc42502b0a_1_hue_adjust_crop.mp4,1
5487,/content/drive/MyDrive/ucf_experiments/ciclo_experimental_1/data/data_blur/train/Assault017_x264-70371528ad_0_hue_adjust_blur.mp4,/content/drive/MyDrive/ucf_experiments/ciclo_experimental_1/data/data_crop/train/Assault017_x264-70371528ad_0_hue_adjust_crop.mp4,0
5488,/content/drive/MyDrive/ucf_experiments/ciclo_experimental_1/data/data_blur/train/Fighting010_x264-535ebe5e11_1_hue_adjust_blur.mp4,/content/drive/MyDrive/ucf_experiments/ciclo_experimental_1/data/data_crop/train/Fighting010_x264-535ebe5e11_1_hue_adjust_crop.mp4,1
5489,/content/drive/MyDrive/ucf_experiments/ciclo_experimental_1/data/data_blur/train/Assault027_x264-048a8af8c5_1_hue_adjust_blur.mp4,/content/drive/MyDrive/ucf_experiments/ciclo_experimental_1/data/data_crop/train/Assault027_x264-048a8af8c5_1_hue_adjust_crop.mp4,1
5490,/content/drive/MyDrive/ucf_experiments/ciclo_experimental_1/data/data_blur/train/Abuse034_x264-95a14c7199_0_hue_adjust_blur.mp4,/content/drive/MyDrive/ucf_experiments/ciclo_experimental_1/data/data_crop/train/Abuse034_x264-95a14c7199_0_hue_adjust_crop.mp4,0
5491,/content/drive/MyDrive/ucf_experiments/ciclo_experimental_1/data/data_blur/train/Abuse031_x264-bacf18ec7c_1_hue_adjust_blur.mp4,/content/drive/MyDrive/ucf_experiments/ciclo_experimental_1/data/data_crop/train/Abuse031_x264-bacf18ec7c_1_hue_adjust_crop.mp4,1
5492,/content/drive/MyDrive/ucf_experiments/ciclo_experimental_1/data/data_blur/train/Fighting044_x264-8da0c7fa40_1_hue_adjust_blur.mp4,/content/drive/MyDrive/ucf_experiments/ciclo_experimental_1/data/data_crop/train/Fighting044_x264-8da0c7fa40_1_hue_adjust_crop.mp4,1
5493,/content/drive/MyDrive/ucf_experiments/ciclo_experimental_1/data/data_blur/train/Assault040_x264-5910c8894d_0_hue_adjust_blur.mp4,/content/drive/MyDrive/ucf_experiments/ciclo_experimental_1/data/data_crop/train/Assault040_x264-5910c8894d_0_hue_adjust_crop.mp4,0
5494,/content/drive/MyDrive/ucf_experiments/ciclo_experimental_1/data/data_blur/train/Arrest027_x264-fcc7b46812_0_hue_adjust_blur.mp4,/content/drive/MyDrive/ucf_experiments/ciclo_experimental_1/data/data_crop/train/Arrest027_x264-fcc7b46812_0_hue_adjust_crop.mp4,0
5495,/content/drive/MyDrive/ucf_experiments/ciclo_experimental_1/data/data_blur/train/Robbery019_x264-024e85a954_1_hue_adjust_blur.mp4,/content/drive/MyDrive/ucf_experiments/ciclo_experimental_1/data/data_crop/train/Robbery019_x264-024e85a954_1_hue_adjust_crop.mp4,1
5496,/content/drive/MyDrive/ucf_experiments/ciclo_experimental_1/data/data_blur/train/Fighting010_x264-f2d072ae16_0_hue_adjust_blur.mp4,/content/drive/MyDrive/ucf_experiments/ciclo_experimental_1/data/data_crop/train/Fighting010_x264-f2d072ae16_0_hue_adjust_crop.mp4,0
5497,/content/drive/MyDrive/ucf_experiments/ciclo_experimental_1/data/data_blur/train/Assault028_x264-f5e3780f46_1_hue_adjust_blur.mp4,/content/drive/MyDrive/ucf_experiments/ciclo_experimental_1/data/data_crop/train/Assault028_x264-f5e3780f46_1_hue_adjust_crop.mp4,1
5498,/content/drive/MyDrive/ucf_experiments/ciclo_experimental_1/data/data_blur/train/Assault033_x264-b31161edde_1_hue_adjust_blur.mp4,/content/drive/MyDrive/ucf_experiments/ciclo_experimental_1/data/data_crop/train/Assault033_x264-b31161edde_1_hue_adjust_crop.mp4,1
5499,/content/drive/MyDrive/ucf_experiments/ciclo_experimental_1/data/data_blur/train/Robbery097_x264-e9cbdd78f5_0_hue_adjust_blur.mp4,/content/drive/MyDrive/ucf_experiments/ciclo_experimental_1/data/data_crop/train/Robbery097_x264-e9cbdd78f5_0_hue_adjust_crop.mp4,0
5500,/content/drive/MyDrive/ucf_experiments/ciclo_experimental_1/data/data_blur/train/Robbery031_x264-819824d62b_0_hue_adjust_blur.mp4,/content/drive/MyDrive/ucf_experiments/ciclo_experimental_1/data/data_crop/train/Robbery031_x264-819824d62b_0_hue_adjust_crop.mp4,0
5501,/content/drive/MyDrive/ucf_experiments/ciclo_experimental_1/data/data_blur/train/Assault039_x264-09464cd3cc_0_hue_adjust_blur.mp4,/content/drive/MyDrive/ucf_experiments/ciclo_experimental_1/data/data_crop/train/Assault039_x264-09464cd3cc_0_hue_adjust_crop.mp4,0
5502,/content/drive/MyDrive/ucf_experiments/ciclo_experimental_1/data/data_blur/train/Abuse018_x264-90b7c0e268_0_hue_adjust_blur.mp4,/content/drive/MyDrive/ucf_experiments/ciclo_experimental_1/data/data_crop/train/Abuse018_x264-90b7c0e268_0_hue_adjust_crop.mp4,0
5503,/content/drive/MyDrive/ucf_experiments/ciclo_experimental_1/data/data_blur/train/Assault019_x264-7241bcab89_0_hue_adjust_blur.mp4,/content/drive/MyDrive/ucf_experiments/ciclo_experimental_1/data/data_crop/train/Assault019_x264-7241bcab89_0_hue_adjust_crop.mp4,0
5504,/content/drive/MyDrive/ucf_experiments/ciclo_experimental_1/data/data_blur/train/Assault004_x264-db22e0599f_1_hue_adjust_blur.mp4,/content/drive/MyDrive/ucf_experiments/ciclo_experimental_1/data/data_crop/train/Assault004_x264-db22e0599f_1_hue_adjust_crop.mp4,1
5505,/content/drive/MyDrive/ucf_experiments/ciclo_experimental_1/data/data_blur/train/Abuse049_x264-8d33183f71_0_hue_adjust_blur.mp4,/content/drive/MyDrive/ucf_experiments/ciclo_experimental_1/data/data_crop/train/Abuse049_x264-8d33183f71_0_hue_adjust_crop.mp4,0
5506,/content/drive/MyDrive/ucf_experiments/ciclo_experimental_1/data/data_blur/train/Robbery072_x264-1140937ed9_0_hue_adjust_blur.mp4,/content/drive/MyDrive/ucf_experiments/ciclo_experimental_1/data/data_crop/train/Robbery072_x264-1140937ed9_0_hue_adjust_crop.mp4,0
5507,/content/drive/MyDrive/ucf_experiments/ciclo_experimental_1/data/data_blur/train/Assault022_x264-a7df48d3e0_0_hue_adjust_blur.mp4,/content/drive/MyDrive/ucf_experiments/ciclo_experimental_1/data/data_crop/train/Assault022_x264-a7df48d3e0_0_hue_adjust_crop.mp4,0
5508,/content/drive/MyDrive/ucf_experiments/ciclo_experimental_1/data/data_blur/train/Robbery100_x264-3ba2633a40_1_hue_adjust_blur.mp4,/content/drive/MyDrive/ucf_experiments/ciclo_experimental_1/data/data_crop/train/Robbery100_x264-3ba2633a40_1_hue_adjust_crop.mp4,1
5509,/content/drive/MyDrive/ucf_experiments/ciclo_experimental_1/data/data_blur/train/Arrest011_x264-592f09b26e_1_hue_adjust_blur.mp4,/content/drive/MyDrive/ucf_experiments/ciclo_experimental_1/data/data_crop/train/Arrest011_x264-592f09b26e_1_hue_adjust_crop.mp4,1
5510,/content/drive/MyDrive/ucf_experiments/ciclo_experimental_1/data/data_blur/train/Assault042_x264-7c2c97100d_1_hue_adjust_blur.mp4,/content/drive/MyDrive/ucf_experiments/ciclo_experimental_1/data/data_crop/train/Assault042_x264-7c2c97100d_1_hue_adjust_crop.mp4,1
5511,/content/drive/MyDrive/ucf_experiments/ciclo_experimental_1/data/data_blur/train/Robbery060_x264-fe5813f652_1_hue_adjust_blur.mp4,/content/drive/MyDrive/ucf_experiments/ciclo_experimental_1/data/data_crop/train/Robbery060_x264-fe5813f652_1_hue_adjust_crop.mp4,1
5512,/content/drive/MyDrive/ucf_experiments/ciclo_experimental_1/data/data_blur/train/Fighting009_x264-d6269ada2b_0_hue_adjust_blur.mp4,/content/drive/MyDrive/ucf_experiments/ciclo_experimental_1/data/data_crop/train/Fighting009_x264-d6269ada2b_0_hue_adjust_crop.mp4,0
5513,/content/drive/MyDrive/ucf_experiments/ciclo_experimental_1/data/data_blur/train/Robbery099_x264-db5a7314fa_0_hue_adjust_blur.mp4,/content/drive/MyDrive/ucf_experiments/ciclo_experimental_1/data/data_crop/train/Robbery099_x264-db5a7314fa_0_hue_adjust_crop.mp4,0
5514,/content/drive/MyDrive/ucf_experiments/ciclo_experimental_1/data/data_blur/train/Abuse019_x264-0bbe2830d2_0_hue_adjust_blur.mp4,/content/drive/MyDrive/ucf_experiments/ciclo_experimental_1/data/data_crop/train/Abuse019_x264-0bbe2830d2_0_hue_adjust_crop.mp4,0
5515,/content/drive/MyDrive/ucf_experiments/ciclo_experimental_1/data/data_blur/train/Abuse017_x264-083994c7f7_1_hue_adjust_blur.mp4,/content/drive/MyDrive/ucf_experiments/ciclo_experimental_1/data/data_crop/train/Abuse017_x264-083994c7f7_1_hue_adjust_crop.mp4,1
5516,/content/drive/MyDrive/ucf_experiments/ciclo_experimental_1/data/data_blur/train/Robbery104_x264-d1ec658871_0_hue_adjust_blur.mp4,/content/drive/MyDrive/ucf_experiments/ciclo_experimental_1/data/data_crop/train/Robbery104_x264-d1ec658871_0_hue_adjust_crop.mp4,0
5517,/content/drive/MyDrive/ucf_experiments/ciclo_experimental_1/data/data_blur/train/Robbery064_x264-4fd6a643f1_1_hue_adjust_blur.mp4,/content/drive/MyDrive/ucf_experiments/ciclo_experimental_1/data/data_crop/train/Robbery064_x264-4fd6a643f1_1_hue_adjust_crop.mp4,1
5518,/content/drive/MyDrive/ucf_experiments/ciclo_experimental_1/data/data_blur/train/Fighting034_x264-50a91cf4d2_0_hue_adjust_blur.mp4,/content/drive/MyDrive/ucf_experiments/ciclo_experimental_1/data/data_crop/train/Fighting034_x264-50a91cf4d2_0_hue_adjust_crop.mp4,0
5519,/content/drive/MyDrive/ucf_experiments/ciclo_experimental_1/data/data_blur/train/Fighting004_x264-9f730a0164_1_hue_adjust_blur.mp4,/content/drive/MyDrive/ucf_experiments/ciclo_experimental_1/data/data_crop/train/Fighting004_x264-9f730a0164_1_hue_adjust_crop.mp4,1
5520,/content/drive/MyDrive/ucf_experiments/ciclo_experimental_1/data/data_blur/train/Robbery054_x264-7c432805e2_0_hue_adjust_blur.mp4,/content/drive/MyDrive/ucf_experiments/ciclo_experimental_1/data/data_crop/train/Robbery054_x264-7c432805e2_0_hue_adjust_crop.mp4,0
5521,/content/drive/MyDrive/ucf_experiments/ciclo_experimental_1/data/data_blur/train/Assault037_x264-178b6bee03_0_hue_adjust_blur.mp4,/content/drive/MyDrive/ucf_experiments/ciclo_experimental_1/data/data_crop/train/Assault037_x264-178b6bee03_0_hue_adjust_crop.mp4,0
5522,/content/drive/MyDrive/ucf_experiments/ciclo_experimental_1/data/data_blur/train/Robbery058_x264-378984a6c1_1_hue_adjust_blur.mp4,/content/drive/MyDrive/ucf_experiments/ciclo_experimental_1/data/data_crop/train/Robbery058_x264-378984a6c1_1_hue_adjust_crop.mp4,1
5523,/content/drive/MyDrive/ucf_experiments/ciclo_experimental_1/data/data_blur/train/Arrest002_x264-6961a4de64_0_hue_adjust_blur.mp4,/content/drive/MyDrive/ucf_experiments/ciclo_experimental_1/data/data_crop/train/Arrest002_x264-6961a4de64_0_hue_adjust_crop.mp4,0
5524,/content/drive/MyDrive/ucf_experiments/ciclo_experimental_1/data/data_blur/train/Fighting004_x264-6b4b5120f5_1_hue_adjust_blur.mp4,/content/drive/MyDrive/ucf_experiments/ciclo_experimental_1/data/data_crop/train/Fighting004_x264-6b4b5120f5_1_hue_adjust_crop.mp4,1
5525,/content/drive/MyDrive/ucf_experiments/ciclo_experimental_1/data/data_blur/train/Robbery053_x264-9145c63fa0_1_hue_adjust_blur.mp4,/content/drive/MyDrive/ucf_experiments/ciclo_experimental_1/data/data_crop/train/Robbery053_x264-9145c63fa0_1_hue_adjust_crop.mp4,1
5526,/content/drive/MyDrive/ucf_experiments/ciclo_experimental_1/data/data_blur/train/Robbery070_x264-1fb6d63173_1_hue_adjust_blur.mp4,/content/drive/MyDrive/ucf_experiments/ciclo_experimental_1/data/data_crop/train/Robbery070_x264-1fb6d63173_1_hue_adjust_crop.mp4,1
5527,/content/drive/MyDrive/ucf_experiments/ciclo_experimental_1/data/data_blur/train/Assault009_x264-d6dc1a5a84_0_hue_adjust_blur.mp4,/content/drive/MyDrive/ucf_experiments/ciclo_experimental_1/data/data_crop/train/Assault009_x264-d6dc1a5a84_0_hue_adjust_crop.mp4,0
5528,/content/drive/MyDrive/ucf_experiments/ciclo_experimental_1/data/data_blur/train/Robbery075_x264-d7d658a721_1_hue_adjust_blur.mp4,/content/drive/MyDrive/ucf_experiments/ciclo_experimental_1/data/data_crop/train/Robbery075_x264-d7d658a721_1_hue_adjust_crop.mp4,1
5529,/content/drive/MyDrive/ucf_experiments/ciclo_experimental_1/data/data_blur/train/Assault028_x264-74e0d1e3bb_1_hue_adjust_blur.mp4,/content/drive/MyDrive/ucf_experiments/ciclo_experimental_1/data/data_crop/train/Assault028_x264-74e0d1e3bb_1_hue_adjust_crop.mp4,1
5530,/content/drive/MyDrive/ucf_experiments/ciclo_experimental_1/data/data_blur/train/Assault031_x264-76e064f4e1_1_hue_adjust_blur.mp4,/content/drive/MyDrive/ucf_experiments/ciclo_experimental_1/data/data_crop/train/Assault031_x264-76e064f4e1_1_hue_adjust_crop.mp4,1
5531,/content/drive/MyDrive/ucf_experiments/ciclo_experimental_1/data/data_blur/train/Arrest029_x264-9f943db28d_1_hue_adjust_blur.mp4,/content/drive/MyDrive/ucf_experiments/ciclo_experimental_1/data/data_crop/train/Arrest029_x264-9f943db28d_1_hue_adjust_crop.mp4,1
5532,/content/drive/MyDrive/ucf_experiments/ciclo_experimental_1/data/data_blur/train/Robbery100_x264-7f85681fba_1_hue_adjust_blur.mp4,/content/drive/MyDrive/ucf_experiments/ciclo_experimental_1/data/data_crop/train/Robbery100_x264-7f85681fba_1_hue_adjust_crop.mp4,1
5533,/content/drive/MyDrive/ucf_experiments/ciclo_experimental_1/data/data_blur/train/Abuse026_x264-9f653d8911_0_hue_adjust_blur.mp4,/content/drive/MyDrive/ucf_experiments/ciclo_experimental_1/data/data_crop/train/Abuse026_x264-9f653d8911_0_hue_adjust_crop.mp4,0
5534,/content/drive/MyDrive/ucf_experiments/ciclo_experimental_1/data/data_blur/train/Arrest003_x264-0a1bf90ed6_0_hue_adjust_blur.mp4,/content/drive/MyDrive/ucf_experiments/ciclo_experimental_1/data/data_crop/train/Arrest003_x264-0a1bf90ed6_0_hue_adjust_crop.mp4,0
5535,/content/drive/MyDrive/ucf_experiments/ciclo_experimental_1/data/data_blur/train/Assault019_x264-67486ee081_0_hue_adjust_blur.mp4,/content/drive/MyDrive/ucf_experiments/ciclo_experimental_1/data/data_crop/train/Assault019_x264-67486ee081_0_hue_adjust_crop.mp4,0
5536,/content/drive/MyDrive/ucf_experiments/ciclo_experimental_1/data/data_blur/train/Abuse023_x264-9ab55df073_1_hue_adjust_blur.mp4,/content/drive/MyDrive/ucf_experiments/ciclo_experimental_1/data/data_crop/train/Abuse023_x264-9ab55df073_1_hue_adjust_crop.mp4,1
5537,/content/drive/MyDrive/ucf_experiments/ciclo_experimental_1/data/data_blur/train/Assault026_x264-e763675dba_1_hue_adjust_blur.mp4,/content/drive/MyDrive/ucf_experiments/ciclo_experimental_1/data/data_crop/train/Assault026_x264-e763675dba_1_hue_adjust_crop.mp4,1
5538,/content/drive/MyDrive/ucf_experiments/ciclo_experimental_1/data/data_blur/train/Robbery034_x264-4bfe778119_0_hue_adjust_blur.mp4,/content/drive/MyDrive/ucf_experiments/ciclo_experimental_1/data/data_crop/train/Robbery034_x264-4bfe778119_0_hue_adjust_crop.mp4,0
5539,/content/drive/MyDrive/ucf_experiments/ciclo_experimental_1/data/data_blur/train/Abuse043_x264-e39d37f02d_1_hue_adjust_blur.mp4,/content/drive/MyDrive/ucf_experiments/ciclo_experimental_1/data/data_crop/train/Abuse043_x264-e39d37f02d_1_hue_adjust_crop.mp4,1
5540,/content/drive/MyDrive/ucf_experiments/ciclo_experimental_1/data/data_blur/train/Fighting004_x264-c785dbb63a_1_hue_adjust_blur.mp4,/content/drive/MyDrive/ucf_experiments/ciclo_experimental_1/data/data_crop/train/Fighting004_x264-c785dbb63a_1_hue_adjust_crop.mp4,1
5541,/content/drive/MyDrive/ucf_experiments/ciclo_experimental_1/data/data_blur/train/Robbery003_x264-fa97d7605e_1_hue_adjust_blur.mp4,/content/drive/MyDrive/ucf_experiments/ciclo_experimental_1/data/data_crop/train/Robbery003_x264-fa97d7605e_1_hue_adjust_crop.mp4,1
5542,/content/drive/MyDrive/ucf_experiments/ciclo_experimental_1/data/data_blur/train/Robbery091_x264-7db20d1827_1_hue_adjust_blur.mp4,/content/drive/MyDrive/ucf_experiments/ciclo_experimental_1/data/data_crop/train/Robbery091_x264-7db20d1827_1_hue_adjust_crop.mp4,1
5543,/content/drive/MyDrive/ucf_experiments/ciclo_experimental_1/data/data_blur/train/Fighting030_x264-420a49fc62_0_hue_adjust_blur.mp4,/content/drive/MyDrive/ucf_experiments/ciclo_experimental_1/data/data_crop/train/Fighting030_x264-420a49fc62_0_hue_adjust_crop.mp4,0
5544,/content/drive/MyDrive/ucf_experiments/ciclo_experimental_1/data/data_blur/train/Abuse024_x264-d8dd79c969_0_hue_adjust_blur.mp4,/content/drive/MyDrive/ucf_experiments/ciclo_experimental_1/data/data_crop/train/Abuse024_x264-d8dd79c969_0_hue_adjust_crop.mp4,0
5545,/content/drive/MyDrive/ucf_experiments/ciclo_experimental_1/data/data_blur/train/Robbery051_x264-2da7067aac_1_hue_adjust_blur.mp4,/content/drive/MyDrive/ucf_experiments/ciclo_experimental_1/data/data_crop/train/Robbery051_x264-2da7067aac_1_hue_adjust_crop.mp4,1
5546,/content/drive/MyDrive/ucf_experiments/ciclo_experimental_1/data/data_blur/train/Arrest005_x264-e6be6e5ea0_1_hue_adjust_blur.mp4,/content/drive/MyDrive/ucf_experiments/ciclo_experimental_1/data/data_crop/train/Arrest005_x264-e6be6e5ea0_1_hue_adjust_crop.mp4,1
5547,/content/drive/MyDrive/ucf_experiments/ciclo_experimental_1/data/data_blur/train/Fighting009_x264-45e5efeec7_0_hue_adjust_blur.mp4,/content/drive/MyDrive/ucf_experiments/ciclo_experimental_1/data/data_crop/train/Fighting009_x264-45e5efeec7_0_hue_adjust_crop.mp4,0
5548,/content/drive/MyDrive/ucf_experiments/ciclo_experimental_1/data/data_blur/train/Robbery026_x264-1f9f85c197_1_hue_adjust_blur.mp4,/content/drive/MyDrive/ucf_experiments/ciclo_experimental_1/data/data_crop/train/Robbery026_x264-1f9f85c197_1_hue_adjust_crop.mp4,1
5549,/content/drive/MyDrive/ucf_experiments/ciclo_experimental_1/data/data_blur/train/Fighting013_x264-6d067ac7f5_1_hue_adjust_blur.mp4,/content/drive/MyDrive/ucf_experiments/ciclo_experimental_1/data/data_crop/train/Fighting013_x264-6d067ac7f5_1_hue_adjust_crop.mp4,1
5550,/content/drive/MyDrive/ucf_experiments/ciclo_experimental_1/data/data_blur/train/Fighting016_x264-84185cfaf1_1_hue_adjust_blur.mp4,/content/drive/MyDrive/ucf_experiments/ciclo_experimental_1/data/data_crop/train/Fighting016_x264-84185cfaf1_1_hue_adjust_crop.mp4,1
5551,/content/drive/MyDrive/ucf_experiments/ciclo_experimental_1/data/data_blur/train/Abuse008_x264-778657e7e6_0_hue_adjust_blur.mp4,/content/drive/MyDrive/ucf_experiments/ciclo_experimental_1/data/data_crop/train/Abuse008_x264-778657e7e6_0_hue_adjust_crop.mp4,0
5552,/content/drive/MyDrive/ucf_experiments/ciclo_experimental_1/data/data_blur/train/Abuse009_x264-34fb5390df_1_hue_adjust_blur.mp4,/content/drive/MyDrive/ucf_experiments/ciclo_experimental_1/data/data_crop/train/Abuse009_x264-34fb5390df_1_hue_adjust_crop.mp4,1
5553,/content/drive/MyDrive/ucf_experiments/ciclo_experimental_1/data/data_blur/train/Robbery023_x264-8a788f2fcd_1_hue_adjust_blur.mp4,/content/drive/MyDrive/ucf_experiments/ciclo_experimental_1/data/data_crop/train/Robbery023_x264-8a788f2fcd_1_hue_adjust_crop.mp4,1
5554,/content/drive/MyDrive/ucf_experiments/ciclo_experimental_1/data/data_blur/train/Robbery057_x264-0c1341f87b_0_hue_adjust_blur.mp4,/content/drive/MyDrive/ucf_experiments/ciclo_experimental_1/data/data_crop/train/Robbery057_x264-0c1341f87b_0_hue_adjust_crop.mp4,0
5555,/content/drive/MyDrive/ucf_experiments/ciclo_experimental_1/data/data_blur/train/Fighting009_x264-c2a137c793_0_hue_adjust_blur.mp4,/content/drive/MyDrive/ucf_experiments/ciclo_experimental_1/data/data_crop/train/Fighting009_x264-c2a137c793_0_hue_adjust_crop.mp4,0
5556,/content/drive/MyDrive/ucf_experiments/ciclo_experimental_1/data/data_blur/train/Assault003_x264-614ce061f2_1_hue_adjust_blur.mp4,/content/drive/MyDrive/ucf_experiments/ciclo_experimental_1/data/data_crop/train/Assault003_x264-614ce061f2_1_hue_adjust_crop.mp4,1
5557,/content/drive/MyDrive/ucf_experiments/ciclo_experimental_1/data/data_blur/train/Arrest021_x264-4246665e2f_1_hue_adjust_blur.mp4,/content/drive/MyDrive/ucf_experiments/ciclo_experimental_1/data/data_crop/train/Arrest021_x264-4246665e2f_1_hue_adjust_crop.mp4,1
5558,/content/drive/MyDrive/ucf_experiments/ciclo_experimental_1/data/data_blur/train/Arrest029_x264-72f1b8a512_1_hue_adjust_blur.mp4,/content/drive/MyDrive/ucf_experiments/ciclo_experimental_1/data/data_crop/train/Arrest029_x264-72f1b8a512_1_hue_adjust_crop.mp4,1
5559,/content/drive/MyDrive/ucf_experiments/ciclo_experimental_1/data/data_blur/train/Fighting039_x264-45ebf2d69b_0_hue_adjust_blur.mp4,/content/drive/MyDrive/ucf_experiments/ciclo_experimental_1/data/data_crop/train/Fighting039_x264-45ebf2d69b_0_hue_adjust_crop.mp4,0
5560,/content/drive/MyDrive/ucf_experiments/ciclo_experimental_1/data/data_blur/train/Abuse006_x264-38c19eb4b3_1_hue_adjust_blur.mp4,/content/drive/MyDrive/ucf_experiments/ciclo_experimental_1/data/data_crop/train/Abuse006_x264-38c19eb4b3_1_hue_adjust_crop.mp4,1
5561,/content/drive/MyDrive/ucf_experiments/ciclo_experimental_1/data/data_blur/train/Fighting044_x264-32b27e3adb_1_hue_adjust_blur.mp4,/content/drive/MyDrive/ucf_experiments/ciclo_experimental_1/data/data_crop/train/Fighting044_x264-32b27e3adb_1_hue_adjust_crop.mp4,1
5562,/content/drive/MyDrive/ucf_experiments/ciclo_experimental_1/data/data_blur/train/Robbery035_x264-f4037af0f0_0_hue_adjust_blur.mp4,/content/drive/MyDrive/ucf_experiments/ciclo_experimental_1/data/data_crop/train/Robbery035_x264-f4037af0f0_0_hue_adjust_crop.mp4,0
5563,/content/drive/MyDrive/ucf_experiments/ciclo_experimental_1/data/data_blur/train/Robbery082_x264-809580f529_0_hue_adjust_blur.mp4,/content/drive/MyDrive/ucf_experiments/ciclo_experimental_1/data/data_crop/train/Robbery082_x264-809580f529_0_hue_adjust_crop.mp4,0
5564,/content/drive/MyDrive/ucf_experiments/ciclo_experimental_1/data/data_blur/train/Arrest002_x264-c69b7bbcde_1_hue_adjust_blur.mp4,/content/drive/MyDrive/ucf_experiments/ciclo_experimental_1/data/data_crop/train/Arrest002_x264-c69b7bbcde_1_hue_adjust_crop.mp4,1
5565,/content/drive/MyDrive/ucf_experiments/ciclo_experimental_1/data/data_blur/train/Assault029_x264-8032a9e50d_1_hue_adjust_blur.mp4,/content/drive/MyDrive/ucf_experiments/ciclo_experimental_1/data/data_crop/train/Assault029_x264-8032a9e50d_1_hue_adjust_crop.mp4,1
5566,/content/drive/MyDrive/ucf_experiments/ciclo_experimental_1/data/data_blur/train/Robbery066_x264-b0897aec07_0_hue_adjust_blur.mp4,/content/drive/MyDrive/ucf_experiments/ciclo_experimental_1/data/data_crop/train/Robbery066_x264-b0897aec07_0_hue_adjust_crop.mp4,0
5567,/content/drive/MyDrive/ucf_experiments/ciclo_experimental_1/data/data_blur/train/Arrest023_x264-19a9b1809f_0_hue_adjust_blur.mp4,/content/drive/MyDrive/ucf_experiments/ciclo_experimental_1/data/data_crop/train/Arrest023_x264-19a9b1809f_0_hue_adjust_crop.mp4,0
5568,/content/drive/MyDrive/ucf_experiments/ciclo_experimental_1/data/data_blur/train/Abuse012_x264-3ccc748a7e_0_hue_adjust_blur.mp4,/content/drive/MyDrive/ucf_experiments/ciclo_experimental_1/data/data_crop/train/Abuse012_x264-3ccc748a7e_0_hue_adjust_crop.mp4,0
5569,/content/drive/MyDrive/ucf_experiments/ciclo_experimental_1/data/data_blur/train/Fighting004_x264-0defc431e4_1_hue_adjust_blur.mp4,/content/drive/MyDrive/ucf_experiments/ciclo_experimental_1/data/data_crop/train/Fighting004_x264-0defc431e4_1_hue_adjust_crop.mp4,1
5570,/content/drive/MyDrive/ucf_experiments/ciclo_experimental_1/data/data_blur/train/Arrest025_x264-00d8311c52_1_hue_adjust_blur.mp4,/content/drive/MyDrive/ucf_experiments/ciclo_experimental_1/data/data_crop/train/Arrest025_x264-00d8311c52_1_hue_adjust_crop.mp4,1
5571,/content/drive/MyDrive/ucf_experiments/ciclo_experimental_1/data/data_blur/train/Arrest033_x264-956cab5fa4_1_hue_adjust_blur.mp4,/content/drive/MyDrive/ucf_experiments/ciclo_experimental_1/data/data_crop/train/Arrest033_x264-956cab5fa4_1_hue_adjust_crop.mp4,1
5572,/content/drive/MyDrive/ucf_experiments/ciclo_experimental_1/data/data_blur/train/Assault033_x264-5de6920bac_1_hue_adjust_blur.mp4,/content/drive/MyDrive/ucf_experiments/ciclo_experimental_1/data/data_crop/train/Assault033_x264-5de6920bac_1_hue_adjust_crop.mp4,1
5573,/content/drive/MyDrive/ucf_experiments/ciclo_experimental_1/data/data_blur/train/Abuse005_x264-91dcb75c00_1_hue_adjust_blur.mp4,/content/drive/MyDrive/ucf_experiments/ciclo_experimental_1/data/data_crop/train/Abuse005_x264-91dcb75c00_1_hue_adjust_crop.mp4,1
5574,/content/drive/MyDrive/ucf_experiments/ciclo_experimental_1/data/data_blur/train/Assault001_x264-acb5cfcfdd_0_hue_adjust_blur.mp4,/content/drive/MyDrive/ucf_experiments/ciclo_experimental_1/data/data_crop/train/Assault001_x264-acb5cfcfdd_0_hue_adjust_crop.mp4,0
5575,/content/drive/MyDrive/ucf_experiments/ciclo_experimental_1/data/data_blur/train/Robbery065_x264-da69b6717f_1_hue_adjust_blur.mp4,/content/drive/MyDrive/ucf_experiments/ciclo_experimental_1/data/data_crop/train/Robbery065_x264-da69b6717f_1_hue_adjust_crop.mp4,1
5576,/content/drive/MyDrive/ucf_experiments/ciclo_experimental_1/data/data_blur/train/Arrest022_x264-4cce498255_0_hue_adjust_blur.mp4,/content/drive/MyDrive/ucf_experiments/ciclo_experimental_1/data/data_crop/train/Arrest022_x264-4cce498255_0_hue_adjust_crop.mp4,0
5577,/content/drive/MyDrive/ucf_experiments/ciclo_experimental_1/data/data_blur/train/Assault028_x264-bbc7534a81_0_hue_adjust_blur.mp4,/content/drive/MyDrive/ucf_experiments/ciclo_experimental_1/data/data_crop/train/Assault028_x264-bbc7534a81_0_hue_adjust_crop.mp4,0
5578,/content/drive/MyDrive/ucf_experiments/ciclo_experimental_1/data/data_blur/train/Abuse018_x264-007bea96b0_0_hue_adjust_blur.mp4,/content/drive/MyDrive/ucf_experiments/ciclo_experimental_1/data/data_crop/train/Abuse018_x264-007bea96b0_0_hue_adjust_crop.mp4,0
5579,/content/drive/MyDrive/ucf_experiments/ciclo_experimental_1/data/data_blur/train/Fighting016_x264-0f5acf43a1_1_hue_adjust_blur.mp4,/content/drive/MyDrive/ucf_experiments/ciclo_experimental_1/data/data_crop/train/Fighting016_x264-0f5acf43a1_1_hue_adjust_crop.mp4,1
5580,/content/drive/MyDrive/ucf_experiments/ciclo_experimental_1/data/data_blur/train/Assault027_x264-970b4e7229_1_hue_adjust_blur.mp4,/content/drive/MyDrive/ucf_experiments/ciclo_experimental_1/data/data_crop/train/Assault027_x264-970b4e7229_1_hue_adjust_crop.mp4,1
5581,/content/drive/MyDrive/ucf_experiments/ciclo_experimental_1/data/data_blur/train/Fighting043_x264-0937b3bf6b_0_hue_adjust_blur.mp4,/content/drive/MyDrive/ucf_experiments/ciclo_experimental_1/data/data_crop/train/Fighting043_x264-0937b3bf6b_0_hue_adjust_crop.mp4,0
5582,/content/drive/MyDrive/ucf_experiments/ciclo_experimental_1/data/data_blur/train/Arrest005_x264-627fdfed45_1_hue_adjust_blur.mp4,/content/drive/MyDrive/ucf_experiments/ciclo_experimental_1/data/data_crop/train/Arrest005_x264-627fdfed45_1_hue_adjust_crop.mp4,1
5583,/content/drive/MyDrive/ucf_experiments/ciclo_experimental_1/data/data_blur/train/Fighting049_x264-11837986ab_0_hue_adjust_blur.mp4,/content/drive/MyDrive/ucf_experiments/ciclo_experimental_1/data/data_crop/train/Fighting049_x264-11837986ab_0_hue_adjust_crop.mp4,0
5584,/content/drive/MyDrive/ucf_experiments/ciclo_experimental_1/data/data_blur/train/Robbery003_x264-14f75b55d7_0_hue_adjust_blur.mp4,/content/drive/MyDrive/ucf_experiments/ciclo_experimental_1/data/data_crop/train/Robbery003_x264-14f75b55d7_0_hue_adjust_crop.mp4,0
5585,/content/drive/MyDrive/ucf_experiments/ciclo_experimental_1/data/data_blur/train/Fighting034_x264-16e8980a4a_0_hue_adjust_blur.mp4,/content/drive/MyDrive/ucf_experiments/ciclo_experimental_1/data/data_crop/train/Fighting034_x264-16e8980a4a_0_hue_adjust_crop.mp4,0
5586,/content/drive/MyDrive/ucf_experiments/ciclo_experimental_1/data/data_blur/train/Robbery038_x264-f9a016ad85_1_hue_adjust_blur.mp4,/content/drive/MyDrive/ucf_experiments/ciclo_experimental_1/data/data_crop/train/Robbery038_x264-f9a016ad85_1_hue_adjust_crop.mp4,1
5587,/content/drive/MyDrive/ucf_experiments/ciclo_experimental_1/data/data_blur/train/Assault037_x264-ad3cdc5b4f_0_hue_adjust_blur.mp4,/content/drive/MyDrive/ucf_experiments/ciclo_experimental_1/data/data_crop/train/Assault037_x264-ad3cdc5b4f_0_hue_adjust_crop.mp4,0
5588,/content/drive/MyDrive/ucf_experiments/ciclo_experimental_1/data/data_blur/train/Robbery008_x264-a4872865b8_0_hue_adjust_blur.mp4,/content/drive/MyDrive/ucf_experiments/ciclo_experimental_1/data/data_crop/train/Robbery008_x264-a4872865b8_0_hue_adjust_crop.mp4,0
5589,/content/drive/MyDrive/ucf_experiments/ciclo_experimental_1/data/data_blur/train/Arrest008_x264-1df759f4b4_0_hue_adjust_blur.mp4,/content/drive/MyDrive/ucf_experiments/ciclo_experimental_1/data/data_crop/train/Arrest008_x264-1df759f4b4_0_hue_adjust_crop.mp4,0
5590,/content/drive/MyDrive/ucf_experiments/ciclo_experimental_1/data/data_blur/train/Robbery029_x264-0f043380d7_1_hue_adjust_blur.mp4,/content/drive/MyDrive/ucf_experiments/ciclo_experimental_1/data/data_crop/train/Robbery029_x264-0f043380d7_1_hue_adjust_crop.mp4,1
5591,/content/drive/MyDrive/ucf_experiments/ciclo_experimental_1/data/data_blur/train/Abuse009_x264-b5fddf5d23_0_hue_adjust_blur.mp4,/content/drive/MyDrive/ucf_experiments/ciclo_experimental_1/data/data_crop/train/Abuse009_x264-b5fddf5d23_0_hue_adjust_crop.mp4,0
5592,/content/drive/MyDrive/ucf_experiments/ciclo_experimental_1/data/data_blur/train/Assault003_x264-aa40150a1f_1_hue_adjust_blur.mp4,/content/drive/MyDrive/ucf_experiments/ciclo_experimental_1/data/data_crop/train/Assault003_x264-aa40150a1f_1_hue_adjust_crop.mp4,1
5593,/content/drive/MyDrive/ucf_experiments/ciclo_experimental_1/data/data_blur/train/Robbery041_x264-a34a6712cd_0_hue_adjust_blur.mp4,/content/drive/MyDrive/ucf_experiments/ciclo_experimental_1/data/data_crop/train/Robbery041_x264-a34a6712cd_0_hue_adjust_crop.mp4,0
5594,/content/drive/MyDrive/ucf_experiments/ciclo_experimental_1/data/data_blur/train/Assault015_x264-e265b3be1e_1_hue_adjust_blur.mp4,/content/drive/MyDrive/ucf_experiments/ciclo_experimental_1/data/data_crop/train/Assault015_x264-e265b3be1e_1_hue_adjust_crop.mp4,1
5595,/content/drive/MyDrive/ucf_experiments/ciclo_experimental_1/data/data_blur/train/Fighting034_x264-22d708d62e_1_hue_adjust_blur.mp4,/content/drive/MyDrive/ucf_experiments/ciclo_experimental_1/data/data_crop/train/Fighting034_x264-22d708d62e_1_hue_adjust_crop.mp4,1
5596,/content/drive/MyDrive/ucf_experiments/ciclo_experimental_1/data/data_blur/train/Arrest032_x264-344df1c88e_0_hue_adjust_blur.mp4,/content/drive/MyDrive/ucf_experiments/ciclo_experimental_1/data/data_crop/train/Arrest032_x264-344df1c88e_0_hue_adjust_crop.mp4,0
5597,/content/drive/MyDrive/ucf_experiments/ciclo_experimental_1/data/data_blur/train/Robbery072_x264-81fd2d4cce_0_hue_adjust_blur.mp4,/content/drive/MyDrive/ucf_experiments/ciclo_experimental_1/data/data_crop/train/Robbery072_x264-81fd2d4cce_0_hue_adjust_crop.mp4,0
5598,/content/drive/MyDrive/ucf_experiments/ciclo_experimental_1/data/data_blur/train/Fighting028_x264-8780369bf8_1_hue_adjust_blur.mp4,/content/drive/MyDrive/ucf_experiments/ciclo_experimental_1/data/data_crop/train/Fighting028_x264-8780369bf8_1_hue_adjust_crop.mp4,1
5599,/content/drive/MyDrive/ucf_experiments/ciclo_experimental_1/data/data_blur/train/Robbery034_x264-df77278f5b_1_hue_adjust_blur.mp4,/content/drive/MyDrive/ucf_experiments/ciclo_experimental_1/data/data_crop/train/Robbery034_x264-df77278f5b_1_hue_adjust_crop.mp4,1
5600,/content/drive/MyDrive/ucf_experiments/ciclo_experimental_1/data/data_blur/train/Abuse005_x264-ff6b6be69e_0_hue_adjust_blur.mp4,/content/drive/MyDrive/ucf_experiments/ciclo_experimental_1/data/data_crop/train/Abuse005_x264-ff6b6be69e_0_hue_adjust_crop.mp4,0
5601,/content/drive/MyDrive/ucf_experiments/ciclo_experimental_1/data/data_blur/train/Fighting028_x264-103af8d0af_1_hue_adjust_blur.mp4,/content/drive/MyDrive/ucf_experiments/ciclo_experimental_1/data/data_crop/train/Fighting028_x264-103af8d0af_1_hue_adjust_crop.mp4,1
5602,/content/drive/MyDrive/ucf_experiments/ciclo_experimental_1/data/data_blur/train/Abuse037_x264-444fdadd12_0_hue_adjust_blur.mp4,/content/drive/MyDrive/ucf_experiments/ciclo_experimental_1/data/data_crop/train/Abuse037_x264-444fdadd12_0_hue_adjust_crop.mp4,0
5603,/content/drive/MyDrive/ucf_experiments/ciclo_experimental_1/data/data_blur/train/Arrest002_x264-959fe8fe59_1_hue_adjust_blur.mp4,/content/drive/MyDrive/ucf_experiments/ciclo_experimental_1/data/data_crop/train/Arrest002_x264-959fe8fe59_1_hue_adjust_crop.mp4,1
5604,/content/drive/MyDrive/ucf_experiments/ciclo_experimental_1/data/data_blur/train/Robbery013_x264-ce6a9801ad_1_hue_adjust_blur.mp4,/content/drive/MyDrive/ucf_experiments/ciclo_experimental_1/data/data_crop/train/Robbery013_x264-ce6a9801ad_1_hue_adjust_crop.mp4,1
5605,/content/drive/MyDrive/ucf_experiments/ciclo_experimental_1/data/data_blur/train/Arrest029_x264-69bc6f7baa_1_hue_adjust_blur.mp4,/content/drive/MyDrive/ucf_experiments/ciclo_experimental_1/data/data_crop/train/Arrest029_x264-69bc6f7baa_1_hue_adjust_crop.mp4,1
5606,/content/drive/MyDrive/ucf_experiments/ciclo_experimental_1/data/data_blur/train/Fighting008_x264-64bd8127e6_0_hue_adjust_blur.mp4,/content/drive/MyDrive/ucf_experiments/ciclo_experimental_1/data/data_crop/train/Fighting008_x264-64bd8127e6_0_hue_adjust_crop.mp4,0
5607,/content/drive/MyDrive/ucf_experiments/ciclo_experimental_1/data/data_blur/train/Assault045_x264-cf3e3c00ed_0_hue_adjust_blur.mp4,/content/drive/MyDrive/ucf_experiments/ciclo_experimental_1/data/data_crop/train/Assault045_x264-cf3e3c00ed_0_hue_adjust_crop.mp4,0
5608,/content/drive/MyDrive/ucf_experiments/ciclo_experimental_1/data/data_blur/train/Robbery043_x264-afe4fa4cf3_0_hue_adjust_blur.mp4,/content/drive/MyDrive/ucf_experiments/ciclo_experimental_1/data/data_crop/train/Robbery043_x264-afe4fa4cf3_0_hue_adjust_crop.mp4,0
5609,/content/drive/MyDrive/ucf_experiments/ciclo_experimental_1/data/data_blur/train/Abuse048_x264-fa4a880da7_1_hue_adjust_blur.mp4,/content/drive/MyDrive/ucf_experiments/ciclo_experimental_1/data/data_crop/train/Abuse048_x264-fa4a880da7_1_hue_adjust_crop.mp4,1
5610,/content/drive/MyDrive/ucf_experiments/ciclo_experimental_1/data/data_blur/train/Robbery018_x264-9a1bd1309a_1_hue_adjust_blur.mp4,/content/drive/MyDrive/ucf_experiments/ciclo_experimental_1/data/data_crop/train/Robbery018_x264-9a1bd1309a_1_hue_adjust_crop.mp4,1
5611,/content/drive/MyDrive/ucf_experiments/ciclo_experimental_1/data/data_blur/train/Arrest050_x264-d05bf2cada_0_hue_adjust_blur.mp4,/content/drive/MyDrive/ucf_experiments/ciclo_experimental_1/data/data_crop/train/Arrest050_x264-d05bf2cada_0_hue_adjust_crop.mp4,0
5612,/content/drive/MyDrive/ucf_experiments/ciclo_experimental_1/data/data_blur/train/Arrest006_x264-88c2efaf47_1_hue_adjust_blur.mp4,/content/drive/MyDrive/ucf_experiments/ciclo_experimental_1/data/data_crop/train/Arrest006_x264-88c2efaf47_1_hue_adjust_crop.mp4,1
5613,/content/drive/MyDrive/ucf_experiments/ciclo_experimental_1/data/data_blur/train/Robbery051_x264-afadea77fa_1_hue_adjust_blur.mp4,/content/drive/MyDrive/ucf_experiments/ciclo_experimental_1/data/data_crop/train/Robbery051_x264-afadea77fa_1_hue_adjust_crop.mp4,1
5614,/content/drive/MyDrive/ucf_experiments/ciclo_experimental_1/data/data_blur/train/Robbery100_x264-c34cc5b9b3_1_hue_adjust_blur.mp4,/content/drive/MyDrive/ucf_experiments/ciclo_experimental_1/data/data_crop/train/Robbery100_x264-c34cc5b9b3_1_hue_adjust_crop.mp4,1
5615,/content/drive/MyDrive/ucf_experiments/ciclo_experimental_1/data/data_blur/train/Abuse050_x264-fc1ba0c82e_1_hue_adjust_blur.mp4,/content/drive/MyDrive/ucf_experiments/ciclo_experimental_1/data/data_crop/train/Abuse050_x264-fc1ba0c82e_1_hue_adjust_crop.mp4,1
5616,/content/drive/MyDrive/ucf_experiments/ciclo_experimental_1/data/data_blur/train/Assault036_x264-3738fc966c_1_hue_adjust_blur.mp4,/content/drive/MyDrive/ucf_experiments/ciclo_experimental_1/data/data_crop/train/Assault036_x264-3738fc966c_1_hue_adjust_crop.mp4,1
5617,/content/drive/MyDrive/ucf_experiments/ciclo_experimental_1/data/data_blur/train/Abuse043_x264-15b69f4a88_1_hue_adjust_blur.mp4,/content/drive/MyDrive/ucf_experiments/ciclo_experimental_1/data/data_crop/train/Abuse043_x264-15b69f4a88_1_hue_adjust_crop.mp4,1
5618,/content/drive/MyDrive/ucf_experiments/ciclo_experimental_1/data/data_blur/train/Robbery100_x264-7c7c59d36f_0_hue_adjust_blur.mp4,/content/drive/MyDrive/ucf_experiments/ciclo_experimental_1/data/data_crop/train/Robbery100_x264-7c7c59d36f_0_hue_adjust_crop.mp4,0
5619,/content/drive/MyDrive/ucf_experiments/ciclo_experimental_1/data/data_blur/train/Fighting002_x264-20aa996825_0_hue_adjust_blur.mp4,/content/drive/MyDrive/ucf_experiments/ciclo_experimental_1/data/data_crop/train/Fighting002_x264-20aa996825_0_hue_adjust_crop.mp4,0
5620,/content/drive/MyDrive/ucf_experiments/ciclo_experimental_1/data/data_blur/train/Abuse011_x264-4f98b98544_1_hue_adjust_blur.mp4,/content/drive/MyDrive/ucf_experiments/ciclo_experimental_1/data/data_crop/train/Abuse011_x264-4f98b98544_1_hue_adjust_crop.mp4,1
5621,/content/drive/MyDrive/ucf_experiments/ciclo_experimental_1/data/data_blur/train/Abuse033_x264-54a72759ce_1_hue_adjust_blur.mp4,/content/drive/MyDrive/ucf_experiments/ciclo_experimental_1/data/data_crop/train/Abuse033_x264-54a72759ce_1_hue_adjust_crop.mp4,1
5622,/content/drive/MyDrive/ucf_experiments/ciclo_experimental_1/data/data_blur/train/Arrest038_x264-9849d55792_0_hue_adjust_blur.mp4,/content/drive/MyDrive/ucf_experiments/ciclo_experimental_1/data/data_crop/train/Arrest038_x264-9849d55792_0_hue_adjust_crop.mp4,0
5623,/content/drive/MyDrive/ucf_experiments/ciclo_experimental_1/data/data_blur/train/Abuse009_x264-fc0ccb4ab0_1_hue_adjust_blur.mp4,/content/drive/MyDrive/ucf_experiments/ciclo_experimental_1/data/data_crop/train/Abuse009_x264-fc0ccb4ab0_1_hue_adjust_crop.mp4,1
5624,/content/drive/MyDrive/ucf_experiments/ciclo_experimental_1/data/data_blur/train/Robbery035_x264-c98692a488_0_hue_adjust_blur.mp4,/content/drive/MyDrive/ucf_experiments/ciclo_experimental_1/data/data_crop/train/Robbery035_x264-c98692a488_0_hue_adjust_crop.mp4,0
5625,/content/drive/MyDrive/ucf_experiments/ciclo_experimental_1/data/data_blur/train/Fighting026_x264-285e37a81a_1_hue_adjust_blur.mp4,/content/drive/MyDrive/ucf_experiments/ciclo_experimental_1/data/data_crop/train/Fighting026_x264-285e37a81a_1_hue_adjust_crop.mp4,1
5626,/content/drive/MyDrive/ucf_experiments/ciclo_experimental_1/data/data_blur/train/Arrest034_x264-eb0029bd3b_0_hue_adjust_blur.mp4,/content/drive/MyDrive/ucf_experiments/ciclo_experimental_1/data/data_crop/train/Arrest034_x264-eb0029bd3b_0_hue_adjust_crop.mp4,0
5627,/content/drive/MyDrive/ucf_experiments/ciclo_experimental_1/data/data_blur/train/Fighting006_x264-107f8eafa7_0_hue_adjust_blur.mp4,/content/drive/MyDrive/ucf_experiments/ciclo_experimental_1/data/data_crop/train/Fighting006_x264-107f8eafa7_0_hue_adjust_crop.mp4,0
5628,/content/drive/MyDrive/ucf_experiments/ciclo_experimental_1/data/data_blur/train/Assault004_x264-b599619fad_1_hue_adjust_blur.mp4,/content/drive/MyDrive/ucf_experiments/ciclo_experimental_1/data/data_crop/train/Assault004_x264-b599619fad_1_hue_adjust_crop.mp4,1
5629,/content/drive/MyDrive/ucf_experiments/ciclo_experimental_1/data/data_blur/train/Fighting040_x264-646de39a06_1_hue_adjust_blur.mp4,/content/drive/MyDrive/ucf_experiments/ciclo_experimental_1/data/data_crop/train/Fighting040_x264-646de39a06_1_hue_adjust_crop.mp4,1
5630,/content/drive/MyDrive/ucf_experiments/ciclo_experimental_1/data/data_blur/train/Robbery082_x264-2140931775_0_hue_adjust_blur.mp4,/content/drive/MyDrive/ucf_experiments/ciclo_experimental_1/data/data_crop/train/Robbery082_x264-2140931775_0_hue_adjust_crop.mp4,0
5631,/content/drive/MyDrive/ucf_experiments/ciclo_experimental_1/data/data_blur/train/Arrest033_x264-61dd99f1c9_1_hue_adjust_blur.mp4,/content/drive/MyDrive/ucf_experiments/ciclo_experimental_1/data/data_crop/train/Arrest033_x264-61dd99f1c9_1_hue_adjust_crop.mp4,1
5632,/content/drive/MyDrive/ucf_experiments/ciclo_experimental_1/data/data_blur/train/Abuse007_x264-d9ae74b113_0_hue_adjust_blur.mp4,/content/drive/MyDrive/ucf_experiments/ciclo_experimental_1/data/data_crop/train/Abuse007_x264-d9ae74b113_0_hue_adjust_crop.mp4,0
5633,/content/drive/MyDrive/ucf_experiments/ciclo_experimental_1/data/data_blur/train/Robbery046_x264-c991bb468b_1_hue_adjust_blur.mp4,/content/drive/MyDrive/ucf_experiments/ciclo_experimental_1/data/data_crop/train/Robbery046_x264-c991bb468b_1_hue_adjust_crop.mp4,1
5634,/content/drive/MyDrive/ucf_experiments/ciclo_experimental_1/data/data_blur/train/Fighting006_x264-7709554ffd_0_hue_adjust_blur.mp4,/content/drive/MyDrive/ucf_experiments/ciclo_experimental_1/data/data_crop/train/Fighting006_x264-7709554ffd_0_hue_adjust_crop.mp4,0
5635,/content/drive/MyDrive/ucf_experiments/ciclo_experimental_1/data/data_blur/train/Robbery034_x264-521c8342ad_0_hue_adjust_blur.mp4,/content/drive/MyDrive/ucf_experiments/ciclo_experimental_1/data/data_crop/train/Robbery034_x264-521c8342ad_0_hue_adjust_crop.mp4,0
5636,/content/drive/MyDrive/ucf_experiments/ciclo_experimental_1/data/data_blur/train/Arrest026_x264-be5f65177c_1_hue_adjust_blur.mp4,/content/drive/MyDrive/ucf_experiments/ciclo_experimental_1/data/data_crop/train/Arrest026_x264-be5f65177c_1_hue_adjust_crop.mp4,1
5637,/content/drive/MyDrive/ucf_experiments/ciclo_experimental_1/data/data_blur/train/Abuse006_x264-d29a5bbe5e_0_hue_adjust_blur.mp4,/content/drive/MyDrive/ucf_experiments/ciclo_experimental_1/data/data_crop/train/Abuse006_x264-d29a5bbe5e_0_hue_adjust_crop.mp4,0
5638,/content/drive/MyDrive/ucf_experiments/ciclo_experimental_1/data/data_blur/train/Arrest029_x264-4965491dd2_1_hue_adjust_blur.mp4,/content/drive/MyDrive/ucf_experiments/ciclo_experimental_1/data/data_crop/train/Arrest029_x264-4965491dd2_1_hue_adjust_crop.mp4,1
5639,/content/drive/MyDrive/ucf_experiments/ciclo_experimental_1/data/data_blur/train/Arrest016_x264-0794a486d7_1_hue_adjust_blur.mp4,/content/drive/MyDrive/ucf_experiments/ciclo_experimental_1/data/data_crop/train/Arrest016_x264-0794a486d7_1_hue_adjust_crop.mp4,1
5640,/content/drive/MyDrive/ucf_experiments/ciclo_experimental_1/data/data_blur/train/Robbery002_x264-44fffc4c5e_1_hue_adjust_blur.mp4,/content/drive/MyDrive/ucf_experiments/ciclo_experimental_1/data/data_crop/train/Robbery002_x264-44fffc4c5e_1_hue_adjust_crop.mp4,1
5641,/content/drive/MyDrive/ucf_experiments/ciclo_experimental_1/data/data_blur/train/Abuse004_x264-2e2950ce4e_1_hue_adjust_blur.mp4,/content/drive/MyDrive/ucf_experiments/ciclo_experimental_1/data/data_crop/train/Abuse004_x264-2e2950ce4e_1_hue_adjust_crop.mp4,1
5642,/content/drive/MyDrive/ucf_experiments/ciclo_experimental_1/data/data_blur/train/Robbery064_x264-65de5112c7_0_hue_adjust_blur.mp4,/content/drive/MyDrive/ucf_experiments/ciclo_experimental_1/data/data_crop/train/Robbery064_x264-65de5112c7_0_hue_adjust_crop.mp4,0
5643,/content/drive/MyDrive/ucf_experiments/ciclo_experimental_1/data/data_blur/train/Abuse050_x264-3dd11a9fb1_1_hue_adjust_blur.mp4,/content/drive/MyDrive/ucf_experiments/ciclo_experimental_1/data/data_crop/train/Abuse050_x264-3dd11a9fb1_1_hue_adjust_crop.mp4,1
5644,/content/drive/MyDrive/ucf_experiments/ciclo_experimental_1/data/data_blur/train/Fighting010_x264-5e36b0ef95_0_hue_adjust_blur.mp4,/content/drive/MyDrive/ucf_experiments/ciclo_experimental_1/data/data_crop/train/Fighting010_x264-5e36b0ef95_0_hue_adjust_crop.mp4,0
5645,/content/drive/MyDrive/ucf_experiments/ciclo_experimental_1/data/data_blur/train/Assault015_x264-6957b6afbb_1_hue_adjust_blur.mp4,/content/drive/MyDrive/ucf_experiments/ciclo_experimental_1/data/data_crop/train/Assault015_x264-6957b6afbb_1_hue_adjust_crop.mp4,1
5646,/content/drive/MyDrive/ucf_experiments/ciclo_experimental_1/data/data_blur/train/Assault016_x264-aee3c06c72_1_hue_adjust_blur.mp4,/content/drive/MyDrive/ucf_experiments/ciclo_experimental_1/data/data_crop/train/Assault016_x264-aee3c06c72_1_hue_adjust_crop.mp4,1
5647,/content/drive/MyDrive/ucf_experiments/ciclo_experimental_1/data/data_blur/train/Robbery040_x264-5801f9dceb_0_hue_adjust_blur.mp4,/content/drive/MyDrive/ucf_experiments/ciclo_experimental_1/data/data_crop/train/Robbery040_x264-5801f9dceb_0_hue_adjust_crop.mp4,0
5648,/content/drive/MyDrive/ucf_experiments/ciclo_experimental_1/data/data_blur/train/Robbery020_x264-6700c6048b_1_hue_adjust_blur.mp4,/content/drive/MyDrive/ucf_experiments/ciclo_experimental_1/data/data_crop/train/Robbery020_x264-6700c6048b_1_hue_adjust_crop.mp4,1
5649,/content/drive/MyDrive/ucf_experiments/ciclo_experimental_1/data/data_blur/train/Robbery011_x264-759a28b23a_0_hue_adjust_blur.mp4,/content/drive/MyDrive/ucf_experiments/ciclo_experimental_1/data/data_crop/train/Robbery011_x264-759a28b23a_0_hue_adjust_crop.mp4,0
5650,/content/drive/MyDrive/ucf_experiments/ciclo_experimental_1/data/data_blur/train/Fighting030_x264-f424a4f804_0_hue_adjust_blur.mp4,/content/drive/MyDrive/ucf_experiments/ciclo_experimental_1/data/data_crop/train/Fighting030_x264-f424a4f804_0_hue_adjust_crop.mp4,0
5651,/content/drive/MyDrive/ucf_experiments/ciclo_experimental_1/data/data_blur/train/Fighting007_x264-f531d58703_0_hue_adjust_blur.mp4,/content/drive/MyDrive/ucf_experiments/ciclo_experimental_1/data/data_crop/train/Fighting007_x264-f531d58703_0_hue_adjust_crop.mp4,0
5652,/content/drive/MyDrive/ucf_experiments/ciclo_experimental_1/data/data_blur/train/Abuse006_x264-43eff2ef21_1_hue_adjust_blur.mp4,/content/drive/MyDrive/ucf_experiments/ciclo_experimental_1/data/data_crop/train/Abuse006_x264-43eff2ef21_1_hue_adjust_crop.mp4,1
5653,/content/drive/MyDrive/ucf_experiments/ciclo_experimental_1/data/data_blur/train/Fighting039_x264-d3f8dcd0a7_0_hue_adjust_blur.mp4,/content/drive/MyDrive/ucf_experiments/ciclo_experimental_1/data/data_crop/train/Fighting039_x264-d3f8dcd0a7_0_hue_adjust_crop.mp4,0
5654,/content/drive/MyDrive/ucf_experiments/ciclo_experimental_1/data/data_blur/train/Robbery086_x264-17eb1f152e_1_hue_adjust_blur.mp4,/content/drive/MyDrive/ucf_experiments/ciclo_experimental_1/data/data_crop/train/Robbery086_x264-17eb1f152e_1_hue_adjust_crop.mp4,1
5655,/content/drive/MyDrive/ucf_experiments/ciclo_experimental_1/data/data_blur/train/Assault035_x264-3af9c95b3e_1_hue_adjust_blur.mp4,/content/drive/MyDrive/ucf_experiments/ciclo_experimental_1/data/data_crop/train/Assault035_x264-3af9c95b3e_1_hue_adjust_crop.mp4,1
5656,/content/drive/MyDrive/ucf_experiments/ciclo_experimental_1/data/data_blur/train/Robbery076_x264-6e28401896_0_hue_adjust_blur.mp4,/content/drive/MyDrive/ucf_experiments/ciclo_experimental_1/data/data_crop/train/Robbery076_x264-6e28401896_0_hue_adjust_crop.mp4,0
5657,/content/drive/MyDrive/ucf_experiments/ciclo_experimental_1/data/data_blur/train/Robbery059_x264-2a579783cc_0_hue_adjust_blur.mp4,/content/drive/MyDrive/ucf_experiments/ciclo_experimental_1/data/data_crop/train/Robbery059_x264-2a579783cc_0_hue_adjust_crop.mp4,0
5658,/content/drive/MyDrive/ucf_experiments/ciclo_experimental_1/data/data_blur/train/Robbery045_x264-0eb1e8a185_0_hue_adjust_blur.mp4,/content/drive/MyDrive/ucf_experiments/ciclo_experimental_1/data/data_crop/train/Robbery045_x264-0eb1e8a185_0_hue_adjust_crop.mp4,0
5659,/content/drive/MyDrive/ucf_experiments/ciclo_experimental_1/data/data_blur/train/Fighting039_x264-bb29e925cc_0_hue_adjust_blur.mp4,/content/drive/MyDrive/ucf_experiments/ciclo_experimental_1/data/data_crop/train/Fighting039_x264-bb29e925cc_0_hue_adjust_crop.mp4,0
5660,/content/drive/MyDrive/ucf_experiments/ciclo_experimental_1/data/data_blur/train/Assault013_x264-900534fde5_1_hue_adjust_blur.mp4,/content/drive/MyDrive/ucf_experiments/ciclo_experimental_1/data/data_crop/train/Assault013_x264-900534fde5_1_hue_adjust_crop.mp4,1
5661,/content/drive/MyDrive/ucf_experiments/ciclo_experimental_1/data/data_blur/train/Abuse026_x264-d8718141d2_1_hue_adjust_blur.mp4,/content/drive/MyDrive/ucf_experiments/ciclo_experimental_1/data/data_crop/train/Abuse026_x264-d8718141d2_1_hue_adjust_crop.mp4,1
5662,/content/drive/MyDrive/ucf_experiments/ciclo_experimental_1/data/data_blur/train/Fighting039_x264-7eb9baff6f_0_hue_adjust_blur.mp4,/content/drive/MyDrive/ucf_experiments/ciclo_experimental_1/data/data_crop/train/Fighting039_x264-7eb9baff6f_0_hue_adjust_crop.mp4,0
5663,/content/drive/MyDrive/ucf_experiments/ciclo_experimental_1/data/data_blur/train/Abuse029_x264-5a01932b3f_0_hue_adjust_blur.mp4,/content/drive/MyDrive/ucf_experiments/ciclo_experimental_1/data/data_crop/train/Abuse029_x264-5a01932b3f_0_hue_adjust_crop.mp4,0
5664,/content/drive/MyDrive/ucf_experiments/ciclo_experimental_1/data/data_blur/train/Fighting025_x264-d9bd64a227_0_hue_adjust_blur.mp4,/content/drive/MyDrive/ucf_experiments/ciclo_experimental_1/data/data_crop/train/Fighting025_x264-d9bd64a227_0_hue_adjust_crop.mp4,0
5665,/content/drive/MyDrive/ucf_experiments/ciclo_experimental_1/data/data_blur/train/Assault048_x264-5dd9f7b302_0_hue_adjust_blur.mp4,/content/drive/MyDrive/ucf_experiments/ciclo_experimental_1/data/data_crop/train/Assault048_x264-5dd9f7b302_0_hue_adjust_crop.mp4,0
5666,/content/drive/MyDrive/ucf_experiments/ciclo_experimental_1/data/data_blur/train/Robbery086_x264-b97905aa4f_1_hue_adjust_blur.mp4,/content/drive/MyDrive/ucf_experiments/ciclo_experimental_1/data/data_crop/train/Robbery086_x264-b97905aa4f_1_hue_adjust_crop.mp4,1
5667,/content/drive/MyDrive/ucf_experiments/ciclo_experimental_1/data/data_blur/train/Abuse018_x264-7d7144a1df_0_hue_adjust_blur.mp4,/content/drive/MyDrive/ucf_experiments/ciclo_experimental_1/data/data_crop/train/Abuse018_x264-7d7144a1df_0_hue_adjust_crop.mp4,0
5668,/content/drive/MyDrive/ucf_experiments/ciclo_experimental_1/data/data_blur/train/Fighting020_x264-d7d23a99e9_1_hue_adjust_blur.mp4,/content/drive/MyDrive/ucf_experiments/ciclo_experimental_1/data/data_crop/train/Fighting020_x264-d7d23a99e9_1_hue_adjust_crop.mp4,1
5669,/content/drive/MyDrive/ucf_experiments/ciclo_experimental_1/data/data_blur/train/Abuse023_x264-984cd116c2_1_hue_adjust_blur.mp4,/content/drive/MyDrive/ucf_experiments/ciclo_experimental_1/data/data_crop/train/Abuse023_x264-984cd116c2_1_hue_adjust_crop.mp4,1
5670,/content/drive/MyDrive/ucf_experiments/ciclo_experimental_1/data/data_blur/train/Assault012_x264-f08591fd50_1_hue_adjust_blur.mp4,/content/drive/MyDrive/ucf_experiments/ciclo_experimental_1/data/data_crop/train/Assault012_x264-f08591fd50_1_hue_adjust_crop.mp4,1
5671,/content/drive/MyDrive/ucf_experiments/ciclo_experimental_1/data/data_blur/train/Abuse006_x264-b9c4a250ac_1_hue_adjust_blur.mp4,/content/drive/MyDrive/ucf_experiments/ciclo_experimental_1/data/data_crop/train/Abuse006_x264-b9c4a250ac_1_hue_adjust_crop.mp4,1
5672,/content/drive/MyDrive/ucf_experiments/ciclo_experimental_1/data/data_blur/train/Fighting008_x264-f03dd3c981_0_hue_adjust_blur.mp4,/content/drive/MyDrive/ucf_experiments/ciclo_experimental_1/data/data_crop/train/Fighting008_x264-f03dd3c981_0_hue_adjust_crop.mp4,0
5673,/content/drive/MyDrive/ucf_experiments/ciclo_experimental_1/data/data_blur/train/Abuse025_x264-043cd47778_0_hue_adjust_blur.mp4,/content/drive/MyDrive/ucf_experiments/ciclo_experimental_1/data/data_crop/train/Abuse025_x264-043cd47778_0_hue_adjust_crop.mp4,0
5674,/content/drive/MyDrive/ucf_experiments/ciclo_experimental_1/data/data_blur/train/Robbery054_x264-65104c2729_0_hue_adjust_blur.mp4,/content/drive/MyDrive/ucf_experiments/ciclo_experimental_1/data/data_crop/train/Robbery054_x264-65104c2729_0_hue_adjust_crop.mp4,0
5675,/content/drive/MyDrive/ucf_experiments/ciclo_experimental_1/data/data_blur/train/Abuse026_x264-5b83724060_0_hue_adjust_blur.mp4,/content/drive/MyDrive/ucf_experiments/ciclo_experimental_1/data/data_crop/train/Abuse026_x264-5b83724060_0_hue_adjust_crop.mp4,0
5676,/content/drive/MyDrive/ucf_experiments/ciclo_experimental_1/data/data_blur/train/Abuse046_x264-9826ee0757_0_hue_adjust_blur.mp4,/content/drive/MyDrive/ucf_experiments/ciclo_experimental_1/data/data_crop/train/Abuse046_x264-9826ee0757_0_hue_adjust_crop.mp4,0
5677,/content/drive/MyDrive/ucf_experiments/ciclo_experimental_1/data/data_blur/train/Robbery030_x264-0d2cff35ab_0_hue_adjust_blur.mp4,/content/drive/MyDrive/ucf_experiments/ciclo_experimental_1/data/data_crop/train/Robbery030_x264-0d2cff35ab_0_hue_adjust_crop.mp4,0
5678,/content/drive/MyDrive/ucf_experiments/ciclo_experimental_1/data/data_blur/train/Robbery002_x264-bf419f4058_1_hue_adjust_blur.mp4,/content/drive/MyDrive/ucf_experiments/ciclo_experimental_1/data/data_crop/train/Robbery002_x264-bf419f4058_1_hue_adjust_crop.mp4,1
5679,/content/drive/MyDrive/ucf_experiments/ciclo_experimental_1/data/data_blur/train/Assault008_x264-99fc9f3255_0_hue_adjust_blur.mp4,/content/drive/MyDrive/ucf_experiments/ciclo_experimental_1/data/data_crop/train/Assault008_x264-99fc9f3255_0_hue_adjust_crop.mp4,0
5680,/content/drive/MyDrive/ucf_experiments/ciclo_experimental_1/data/data_blur/train/Fighting026_x264-d0c662b750_1_hue_adjust_blur.mp4,/content/drive/MyDrive/ucf_experiments/ciclo_experimental_1/data/data_crop/train/Fighting026_x264-d0c662b750_1_hue_adjust_crop.mp4,1
5681,/content/drive/MyDrive/ucf_experiments/ciclo_experimental_1/data/data_blur/train/Robbery100_x264-55e50bb700_1_hue_adjust_blur.mp4,/content/drive/MyDrive/ucf_experiments/ciclo_experimental_1/data/data_crop/train/Robbery100_x264-55e50bb700_1_hue_adjust_crop.mp4,1
5682,/content/drive/MyDrive/ucf_experiments/ciclo_experimental_1/data/data_blur/train/Robbery047_x264-3c4420b510_1_hue_adjust_blur.mp4,/content/drive/MyDrive/ucf_experiments/ciclo_experimental_1/data/data_crop/train/Robbery047_x264-3c4420b510_1_hue_adjust_crop.mp4,1
5683,/content/drive/MyDrive/ucf_experiments/ciclo_experimental_1/data/data_blur/train/Abuse029_x264-2cee453a52_0_hue_adjust_blur.mp4,/content/drive/MyDrive/ucf_experiments/ciclo_experimental_1/data/data_crop/train/Abuse029_x264-2cee453a52_0_hue_adjust_crop.mp4,0
5684,/content/drive/MyDrive/ucf_experiments/ciclo_experimental_1/data/data_blur/train/Fighting011_x264-b5bb3ffd55_0_hue_adjust_blur.mp4,/content/drive/MyDrive/ucf_experiments/ciclo_experimental_1/data/data_crop/train/Fighting011_x264-b5bb3ffd55_0_hue_adjust_crop.mp4,0
5685,/content/drive/MyDrive/ucf_experiments/ciclo_experimental_1/data/data_blur/train/Fighting040_x264-e801655ace_0_hue_adjust_blur.mp4,/content/drive/MyDrive/ucf_experiments/ciclo_experimental_1/data/data_crop/train/Fighting040_x264-e801655ace_0_hue_adjust_crop.mp4,0
5686,/content/drive/MyDrive/ucf_experiments/ciclo_experimental_1/data/data_blur/train/Robbery057_x264-fca5729740_0_hue_adjust_blur.mp4,/content/drive/MyDrive/ucf_experiments/ciclo_experimental_1/data/data_crop/train/Robbery057_x264-fca5729740_0_hue_adjust_crop.mp4,0
5687,/content/drive/MyDrive/ucf_experiments/ciclo_experimental_1/data/data_blur/train/Robbery073_x264-3e9c5c9a98_1_hue_adjust_blur.mp4,/content/drive/MyDrive/ucf_experiments/ciclo_experimental_1/data/data_crop/train/Robbery073_x264-3e9c5c9a98_1_hue_adjust_crop.mp4,1
5688,/content/drive/MyDrive/ucf_experiments/ciclo_experimental_1/data/data_blur/train/Robbery025_x264-a0e22e2b3d_1_hue_adjust_blur.mp4,/content/drive/MyDrive/ucf_experiments/ciclo_experimental_1/data/data_crop/train/Robbery025_x264-a0e22e2b3d_1_hue_adjust_crop.mp4,1
5689,/content/drive/MyDrive/ucf_experiments/ciclo_experimental_1/data/data_blur/train/Fighting008_x264-6fb314c12f_0_hue_adjust_blur.mp4,/content/drive/MyDrive/ucf_experiments/ciclo_experimental_1/data/data_crop/train/Fighting008_x264-6fb314c12f_0_hue_adjust_crop.mp4,0
5690,/content/drive/MyDrive/ucf_experiments/ciclo_experimental_1/data/data_blur/train/Robbery081_x264-0d66875a1e_0_hue_adjust_blur.mp4,/content/drive/MyDrive/ucf_experiments/ciclo_experimental_1/data/data_crop/train/Robbery081_x264-0d66875a1e_0_hue_adjust_crop.mp4,0
5691,/content/drive/MyDrive/ucf_experiments/ciclo_experimental_1/data/data_blur/train/Arrest022_x264-22257867bb_0_hue_adjust_blur.mp4,/content/drive/MyDrive/ucf_experiments/ciclo_experimental_1/data/data_crop/train/Arrest022_x264-22257867bb_0_hue_adjust_crop.mp4,0
5692,/content/drive/MyDrive/ucf_experiments/ciclo_experimental_1/data/data_blur/train/Fighting016_x264-1b0d8df39b_0_hue_adjust_blur.mp4,/content/drive/MyDrive/ucf_experiments/ciclo_experimental_1/data/data_crop/train/Fighting016_x264-1b0d8df39b_0_hue_adjust_crop.mp4,0
5693,/content/drive/MyDrive/ucf_experiments/ciclo_experimental_1/data/data_blur/train/Robbery060_x264-2bd9ae289b_1_hue_adjust_blur.mp4,/content/drive/MyDrive/ucf_experiments/ciclo_experimental_1/data/data_crop/train/Robbery060_x264-2bd9ae289b_1_hue_adjust_crop.mp4,1
5694,/content/drive/MyDrive/ucf_experiments/ciclo_experimental_1/data/data_blur/train/Fighting036_x264-79b3a291bd_0_hue_adjust_blur.mp4,/content/drive/MyDrive/ucf_experiments/ciclo_experimental_1/data/data_crop/train/Fighting036_x264-79b3a291bd_0_hue_adjust_crop.mp4,0
5695,/content/drive/MyDrive/ucf_experiments/ciclo_experimental_1/data/data_blur/train/Arrest023_x264-e44c638eaa_0_hue_adjust_blur.mp4,/content/drive/MyDrive/ucf_experiments/ciclo_experimental_1/data/data_crop/train/Arrest023_x264-e44c638eaa_0_hue_adjust_crop.mp4,0
5696,/content/drive/MyDrive/ucf_experiments/ciclo_experimental_1/data/data_blur/train/Robbery098_x264-db1b21239e_0_hue_adjust_blur.mp4,/content/drive/MyDrive/ucf_experiments/ciclo_experimental_1/data/data_crop/train/Robbery098_x264-db1b21239e_0_hue_adjust_crop.mp4,0
5697,/content/drive/MyDrive/ucf_experiments/ciclo_experimental_1/data/data_blur/train/Fighting013_x264-33dfb0d928_1_hue_adjust_blur.mp4,/content/drive/MyDrive/ucf_experiments/ciclo_experimental_1/data/data_crop/train/Fighting013_x264-33dfb0d928_1_hue_adjust_crop.mp4,1
5698,/content/drive/MyDrive/ucf_experiments/ciclo_experimental_1/data/data_blur/train/Arrest031_x264-649ea68f72_1_hue_adjust_blur.mp4,/content/drive/MyDrive/ucf_experiments/ciclo_experimental_1/data/data_crop/train/Arrest031_x264-649ea68f72_1_hue_adjust_crop.mp4,1
5699,/content/drive/MyDrive/ucf_experiments/ciclo_experimental_1/data/data_blur/train/Robbery060_x264-09197f97d8_1_hue_adjust_blur.mp4,/content/drive/MyDrive/ucf_experiments/ciclo_experimental_1/data/data_crop/train/Robbery060_x264-09197f97d8_1_hue_adjust_crop.mp4,1
5700,/content/drive/MyDrive/ucf_experiments/ciclo_experimental_1/data/data_blur/train/Fighting051_x264-e334978348_0_hue_adjust_blur.mp4,/content/drive/MyDrive/ucf_experiments/ciclo_experimental_1/data/data_crop/train/Fighting051_x264-e334978348_0_hue_adjust_crop.mp4,0
5701,/content/drive/MyDrive/ucf_experiments/ciclo_experimental_1/data/data_blur/train/Robbery003_x264-65d4b9766a_1_hue_adjust_blur.mp4,/content/drive/MyDrive/ucf_experiments/ciclo_experimental_1/data/data_crop/train/Robbery003_x264-65d4b9766a_1_hue_adjust_crop.mp4,1
5702,/content/drive/MyDrive/ucf_experiments/ciclo_experimental_1/data/data_blur/train/Abuse004_x264-4e3fa570c8_0_hue_adjust_blur.mp4,/content/drive/MyDrive/ucf_experiments/ciclo_experimental_1/data/data_crop/train/Abuse004_x264-4e3fa570c8_0_hue_adjust_crop.mp4,0
5703,/content/drive/MyDrive/ucf_experiments/ciclo_experimental_1/data/data_blur/train/Arrest006_x264-100daf8e60_0_hue_adjust_blur.mp4,/content/drive/MyDrive/ucf_experiments/ciclo_experimental_1/data/data_crop/train/Arrest006_x264-100daf8e60_0_hue_adjust_crop.mp4,0
5704,/content/drive/MyDrive/ucf_experiments/ciclo_experimental_1/data/data_blur/train/Robbery082_x264-3e05cbc51f_0_hue_adjust_blur.mp4,/content/drive/MyDrive/ucf_experiments/ciclo_experimental_1/data/data_crop/train/Robbery082_x264-3e05cbc51f_0_hue_adjust_crop.mp4,0
5705,/content/drive/MyDrive/ucf_experiments/ciclo_experimental_1/data/data_blur/train/Assault051_x264-cb8a8ab36c_1_hue_adjust_blur.mp4,/content/drive/MyDrive/ucf_experiments/ciclo_experimental_1/data/data_crop/train/Assault051_x264-cb8a8ab36c_1_hue_adjust_crop.mp4,1
5706,/content/drive/MyDrive/ucf_experiments/ciclo_experimental_1/data/data_blur/train/Fighting036_x264-d9e94ba153_1_hue_adjust_blur.mp4,/content/drive/MyDrive/ucf_experiments/ciclo_experimental_1/data/data_crop/train/Fighting036_x264-d9e94ba153_1_hue_adjust_crop.mp4,1
5707,/content/drive/MyDrive/ucf_experiments/ciclo_experimental_1/data/data_blur/train/Arrest005_x264-c0bc61ca81_1_hue_adjust_blur.mp4,/content/drive/MyDrive/ucf_experiments/ciclo_experimental_1/data/data_crop/train/Arrest005_x264-c0bc61ca81_1_hue_adjust_crop.mp4,1
5708,/content/drive/MyDrive/ucf_experiments/ciclo_experimental_1/data/data_blur/train/Robbery026_x264-c3f7c90bb6_0_hue_adjust_blur.mp4,/content/drive/MyDrive/ucf_experiments/ciclo_experimental_1/data/data_crop/train/Robbery026_x264-c3f7c90bb6_0_hue_adjust_crop.mp4,0
5709,/content/drive/MyDrive/ucf_experiments/ciclo_experimental_1/data/data_blur/train/Fighting019_x264-c0dc53feba_0_hue_adjust_blur.mp4,/content/drive/MyDrive/ucf_experiments/ciclo_experimental_1/data/data_crop/train/Fighting019_x264-c0dc53feba_0_hue_adjust_crop.mp4,0
5710,/content/drive/MyDrive/ucf_experiments/ciclo_experimental_1/data/data_blur/train/Robbery021_x264-a9064a78bb_0_hue_adjust_blur.mp4,/content/drive/MyDrive/ucf_experiments/ciclo_experimental_1/data/data_crop/train/Robbery021_x264-a9064a78bb_0_hue_adjust_crop.mp4,0
5711,/content/drive/MyDrive/ucf_experiments/ciclo_experimental_1/data/data_blur/train/Robbery031_x264-03aac3ecf1_0_hue_adjust_blur.mp4,/content/drive/MyDrive/ucf_experiments/ciclo_experimental_1/data/data_crop/train/Robbery031_x264-03aac3ecf1_0_hue_adjust_crop.mp4,0
5712,/content/drive/MyDrive/ucf_experiments/ciclo_experimental_1/data/data_blur/train/Robbery020_x264-8751caacfe_1_hue_adjust_blur.mp4,/content/drive/MyDrive/ucf_experiments/ciclo_experimental_1/data/data_crop/train/Robbery020_x264-8751caacfe_1_hue_adjust_crop.mp4,1
5713,/content/drive/MyDrive/ucf_experiments/ciclo_experimental_1/data/data_blur/train/Assault044_x264-54c54aa701_1_hue_adjust_blur.mp4,/content/drive/MyDrive/ucf_experiments/ciclo_experimental_1/data/data_crop/train/Assault044_x264-54c54aa701_1_hue_adjust_crop.mp4,1
5714,/content/drive/MyDrive/ucf_experiments/ciclo_experimental_1/data/data_blur/train/Fighting035_x264-26b98dc86e_1_hue_adjust_blur.mp4,/content/drive/MyDrive/ucf_experiments/ciclo_experimental_1/data/data_crop/train/Fighting035_x264-26b98dc86e_1_hue_adjust_crop.mp4,1
5715,/content/drive/MyDrive/ucf_experiments/ciclo_experimental_1/data/data_blur/train/Robbery033_x264-55bb1315f8_1_hue_adjust_blur.mp4,/content/drive/MyDrive/ucf_experiments/ciclo_experimental_1/data/data_crop/train/Robbery033_x264-55bb1315f8_1_hue_adjust_crop.mp4,1
5716,/content/drive/MyDrive/ucf_experiments/ciclo_experimental_1/data/data_blur/train/Assault001_x264-4f097c0d1c_1_hue_adjust_blur.mp4,/content/drive/MyDrive/ucf_experiments/ciclo_experimental_1/data/data_crop/train/Assault001_x264-4f097c0d1c_1_hue_adjust_crop.mp4,1
5717,/content/drive/MyDrive/ucf_experiments/ciclo_experimental_1/data/data_blur/train/Abuse038_x264-551c79532a_0_hue_adjust_blur.mp4,/content/drive/MyDrive/ucf_experiments/ciclo_experimental_1/data/data_crop/train/Abuse038_x264-551c79532a_0_hue_adjust_crop.mp4,0
5718,/content/drive/MyDrive/ucf_experiments/ciclo_experimental_1/data/data_blur/train/Abuse033_x264-5117b99e75_0_hue_adjust_blur.mp4,/content/drive/MyDrive/ucf_experiments/ciclo_experimental_1/data/data_crop/train/Abuse033_x264-5117b99e75_0_hue_adjust_crop.mp4,0
5719,/content/drive/MyDrive/ucf_experiments/ciclo_experimental_1/data/data_blur/train/Arrest023_x264-fd9c16b167_0_hue_adjust_blur.mp4,/content/drive/MyDrive/ucf_experiments/ciclo_experimental_1/data/data_crop/train/Arrest023_x264-fd9c16b167_0_hue_adjust_crop.mp4,0
5720,/content/drive/MyDrive/ucf_experiments/ciclo_experimental_1/data/data_blur/train/Assault008_x264-4c8f128184_0_hue_adjust_blur.mp4,/content/drive/MyDrive/ucf_experiments/ciclo_experimental_1/data/data_crop/train/Assault008_x264-4c8f128184_0_hue_adjust_crop.mp4,0
5721,/content/drive/MyDrive/ucf_experiments/ciclo_experimental_1/data/data_blur/train/Abuse011_x264-5364e197c1_1_hue_adjust_blur.mp4,/content/drive/MyDrive/ucf_experiments/ciclo_experimental_1/data/data_crop/train/Abuse011_x264-5364e197c1_1_hue_adjust_crop.mp4,1
5722,/content/drive/MyDrive/ucf_experiments/ciclo_experimental_1/data/data_blur/train/Arrest029_x264-e14e1841aa_0_hue_adjust_blur.mp4,/content/drive/MyDrive/ucf_experiments/ciclo_experimental_1/data/data_crop/train/Arrest029_x264-e14e1841aa_0_hue_adjust_crop.mp4,0
5723,/content/drive/MyDrive/ucf_experiments/ciclo_experimental_1/data/data_blur/train/Robbery067_x264-4499855429_0_hue_adjust_blur.mp4,/content/drive/MyDrive/ucf_experiments/ciclo_experimental_1/data/data_crop/train/Robbery067_x264-4499855429_0_hue_adjust_crop.mp4,0
5724,/content/drive/MyDrive/ucf_experiments/ciclo_experimental_1/data/data_blur/train/Fighting044_x264-0d08e5dc3d_1_hue_adjust_blur.mp4,/content/drive/MyDrive/ucf_experiments/ciclo_experimental_1/data/data_crop/train/Fighting044_x264-0d08e5dc3d_1_hue_adjust_crop.mp4,1
5725,/content/drive/MyDrive/ucf_experiments/ciclo_experimental_1/data/data_blur/train/Fighting030_x264-3ddbacaf97_1_hue_adjust_blur.mp4,/content/drive/MyDrive/ucf_experiments/ciclo_experimental_1/data/data_crop/train/Fighting030_x264-3ddbacaf97_1_hue_adjust_crop.mp4,1
5726,/content/drive/MyDrive/ucf_experiments/ciclo_experimental_1/data/data_blur/train/Abuse039_x264-f07127e3c1_1_hue_adjust_blur.mp4,/content/drive/MyDrive/ucf_experiments/ciclo_experimental_1/data/data_crop/train/Abuse039_x264-f07127e3c1_1_hue_adjust_crop.mp4,1
5727,/content/drive/MyDrive/ucf_experiments/ciclo_experimental_1/data/data_blur/train/Fighting039_x264-224397b1b5_1_hue_adjust_blur.mp4,/content/drive/MyDrive/ucf_experiments/ciclo_experimental_1/data/data_crop/train/Fighting039_x264-224397b1b5_1_hue_adjust_crop.mp4,1
5728,/content/drive/MyDrive/ucf_experiments/ciclo_experimental_1/data/data_blur/train/Robbery051_x264-d1c16a10ac_1_hue_adjust_blur.mp4,/content/drive/MyDrive/ucf_experiments/ciclo_experimental_1/data/data_crop/train/Robbery051_x264-d1c16a10ac_1_hue_adjust_crop.mp4,1
5729,/content/drive/MyDrive/ucf_experiments/ciclo_experimental_1/data/data_blur/train/Robbery056_x264-8bc0961c59_1_hue_adjust_blur.mp4,/content/drive/MyDrive/ucf_experiments/ciclo_experimental_1/data/data_crop/train/Robbery056_x264-8bc0961c59_1_hue_adjust_crop.mp4,1
5730,/content/drive/MyDrive/ucf_experiments/ciclo_experimental_1/data/data_blur/train/Robbery088_x264-e3f8eb3b26_1_hue_adjust_blur.mp4,/content/drive/MyDrive/ucf_experiments/ciclo_experimental_1/data/data_crop/train/Robbery088_x264-e3f8eb3b26_1_hue_adjust_crop.mp4,1
5731,/content/drive/MyDrive/ucf_experiments/ciclo_experimental_1/data/data_blur/train/Fighting010_x264-38eeae1a8a_0_hue_adjust_blur.mp4,/content/drive/MyDrive/ucf_experiments/ciclo_experimental_1/data/data_crop/train/Fighting010_x264-38eeae1a8a_0_hue_adjust_crop.mp4,0
5732,/content/drive/MyDrive/ucf_experiments/ciclo_experimental_1/data/data_blur/train/Assault031_x264-b12dc5f35e_0_hue_adjust_blur.mp4,/content/drive/MyDrive/ucf_experiments/ciclo_experimental_1/data/data_crop/train/Assault031_x264-b12dc5f35e_0_hue_adjust_crop.mp4,0
5733,/content/drive/MyDrive/ucf_experiments/ciclo_experimental_1/data/data_blur/train/Fighting004_x264-0bcba16fdc_1_hue_adjust_blur.mp4,/content/drive/MyDrive/ucf_experiments/ciclo_experimental_1/data/data_crop/train/Fighting004_x264-0bcba16fdc_1_hue_adjust_crop.mp4,1
5734,/content/drive/MyDrive/ucf_experiments/ciclo_experimental_1/data/data_blur/train/Robbery095_x264-35b8efbd14_0_hue_adjust_blur.mp4,/content/drive/MyDrive/ucf_experiments/ciclo_experimental_1/data/data_crop/train/Robbery095_x264-35b8efbd14_0_hue_adjust_crop.mp4,0
5735,/content/drive/MyDrive/ucf_experiments/ciclo_experimental_1/data/data_blur/train/Abuse036_x264-6bb9f4b1a4_0_hue_adjust_blur.mp4,/content/drive/MyDrive/ucf_experiments/ciclo_experimental_1/data/data_crop/train/Abuse036_x264-6bb9f4b1a4_0_hue_adjust_crop.mp4,0
5736,/content/drive/MyDrive/ucf_experiments/ciclo_experimental_1/data/data_blur/train/Arrest004_x264-59d220c04a_0_hue_adjust_blur.mp4,/content/drive/MyDrive/ucf_experiments/ciclo_experimental_1/data/data_crop/train/Arrest004_x264-59d220c04a_0_hue_adjust_crop.mp4,0
5737,/content/drive/MyDrive/ucf_experiments/ciclo_experimental_1/data/data_blur/train/Robbery088_x264-667c7832df_1_hue_adjust_blur.mp4,/content/drive/MyDrive/ucf_experiments/ciclo_experimental_1/data/data_crop/train/Robbery088_x264-667c7832df_1_hue_adjust_crop.mp4,1
5738,/content/drive/MyDrive/ucf_experiments/ciclo_experimental_1/data/data_blur/train/Abuse010_x264-ddd002addc_1_hue_adjust_blur.mp4,/content/drive/MyDrive/ucf_experiments/ciclo_experimental_1/data/data_crop/train/Abuse010_x264-ddd002addc_1_hue_adjust_crop.mp4,1
5739,/content/drive/MyDrive/ucf_experiments/ciclo_experimental_1/data/data_blur/train/Fighting008_x264-a8669f958e_0_hue_adjust_blur.mp4,/content/drive/MyDrive/ucf_experiments/ciclo_experimental_1/data/data_crop/train/Fighting008_x264-a8669f958e_0_hue_adjust_crop.mp4,0
5740,/content/drive/MyDrive/ucf_experiments/ciclo_experimental_1/data/data_blur/train/Arrest048_x264-1c31266664_1_hue_adjust_blur.mp4,/content/drive/MyDrive/ucf_experiments/ciclo_experimental_1/data/data_crop/train/Arrest048_x264-1c31266664_1_hue_adjust_crop.mp4,1
5741,/content/drive/MyDrive/ucf_experiments/ciclo_experimental_1/data/data_blur/train/Abuse009_x264-dda806d7b9_1_hue_adjust_blur.mp4,/content/drive/MyDrive/ucf_experiments/ciclo_experimental_1/data/data_crop/train/Abuse009_x264-dda806d7b9_1_hue_adjust_crop.mp4,1
5742,/content/drive/MyDrive/ucf_experiments/ciclo_experimental_1/data/data_blur/train/Assault026_x264-4c7019318a_1_hue_adjust_blur.mp4,/content/drive/MyDrive/ucf_experiments/ciclo_experimental_1/data/data_crop/train/Assault026_x264-4c7019318a_1_hue_adjust_crop.mp4,1
5743,/content/drive/MyDrive/ucf_experiments/ciclo_experimental_1/data/data_blur/train/Robbery011_x264-e398ff144c_1_hue_adjust_blur.mp4,/content/drive/MyDrive/ucf_experiments/ciclo_experimental_1/data/data_crop/train/Robbery011_x264-e398ff144c_1_hue_adjust_crop.mp4,1
5744,/content/drive/MyDrive/ucf_experiments/ciclo_experimental_1/data/data_blur/train/Robbery099_x264-a4a95dcb9d_1_hue_adjust_blur.mp4,/content/drive/MyDrive/ucf_experiments/ciclo_experimental_1/data/data_crop/train/Robbery099_x264-a4a95dcb9d_1_hue_adjust_crop.mp4,1
5745,/content/drive/MyDrive/ucf_experiments/ciclo_experimental_1/data/data_blur/train/Robbery030_x264-c0d537457a_0_hue_adjust_blur.mp4,/content/drive/MyDrive/ucf_experiments/ciclo_experimental_1/data/data_crop/train/Robbery030_x264-c0d537457a_0_hue_adjust_crop.mp4,0
5746,/content/drive/MyDrive/ucf_experiments/ciclo_experimental_1/data/data_blur/train/Abuse048_x264-8cf129ddc4_1_hue_adjust_blur.mp4,/content/drive/MyDrive/ucf_experiments/ciclo_experimental_1/data/data_crop/train/Abuse048_x264-8cf129ddc4_1_hue_adjust_crop.mp4,1
5747,/content/drive/MyDrive/ucf_experiments/ciclo_experimental_1/data/data_blur/train/Abuse048_x264-af141b3b8b_0_hue_adjust_blur.mp4,/content/drive/MyDrive/ucf_experiments/ciclo_experimental_1/data/data_crop/train/Abuse048_x264-af141b3b8b_0_hue_adjust_crop.mp4,0
5748,/content/drive/MyDrive/ucf_experiments/ciclo_experimental_1/data/data_blur/train/Assault022_x264-be80edba41_0_hue_adjust_blur.mp4,/content/drive/MyDrive/ucf_experiments/ciclo_experimental_1/data/data_crop/train/Assault022_x264-be80edba41_0_hue_adjust_crop.mp4,0
5749,/content/drive/MyDrive/ucf_experiments/ciclo_experimental_1/data/data_blur/train/Arrest018_x264-d4ecf13e38_0_hue_adjust_blur.mp4,/content/drive/MyDrive/ucf_experiments/ciclo_experimental_1/data/data_crop/train/Arrest018_x264-d4ecf13e38_0_hue_adjust_crop.mp4,0
5750,/content/drive/MyDrive/ucf_experiments/ciclo_experimental_1/data/data_blur/train/Abuse015_x264-76dad8cb2c_1_hue_adjust_blur.mp4,/content/drive/MyDrive/ucf_experiments/ciclo_experimental_1/data/data_crop/train/Abuse015_x264-76dad8cb2c_1_hue_adjust_crop.mp4,1
5751,/content/drive/MyDrive/ucf_experiments/ciclo_experimental_1/data/data_blur/train/Robbery071_x264-6784de9f91_0_hue_adjust_blur.mp4,/content/drive/MyDrive/ucf_experiments/ciclo_experimental_1/data/data_crop/train/Robbery071_x264-6784de9f91_0_hue_adjust_crop.mp4,0
5752,/content/drive/MyDrive/ucf_experiments/ciclo_experimental_1/data/data_blur/train/Robbery033_x264-21f22a0a69_1_hue_adjust_blur.mp4,/content/drive/MyDrive/ucf_experiments/ciclo_experimental_1/data/data_crop/train/Robbery033_x264-21f22a0a69_1_hue_adjust_crop.mp4,1
5753,/content/drive/MyDrive/ucf_experiments/ciclo_experimental_1/data/data_blur/train/Abuse040_x264-4cc9915cf9_1_hue_adjust_blur.mp4,/content/drive/MyDrive/ucf_experiments/ciclo_experimental_1/data/data_crop/train/Abuse040_x264-4cc9915cf9_1_hue_adjust_crop.mp4,1
5754,/content/drive/MyDrive/ucf_experiments/ciclo_experimental_1/data/data_blur/train/Assault022_x264-6211eb8e23_0_hue_adjust_blur.mp4,/content/drive/MyDrive/ucf_experiments/ciclo_experimental_1/data/data_crop/train/Assault022_x264-6211eb8e23_0_hue_adjust_crop.mp4,0
5755,/content/drive/MyDrive/ucf_experiments/ciclo_experimental_1/data/data_blur/train/Assault003_x264-cd1d47fc16_1_hue_adjust_blur.mp4,/content/drive/MyDrive/ucf_experiments/ciclo_experimental_1/data/data_crop/train/Assault003_x264-cd1d47fc16_1_hue_adjust_crop.mp4,1
5756,/content/drive/MyDrive/ucf_experiments/ciclo_experimental_1/data/data_blur/train/Abuse016_x264-66aea6007f_0_hue_adjust_blur.mp4,/content/drive/MyDrive/ucf_experiments/ciclo_experimental_1/data/data_crop/train/Abuse016_x264-66aea6007f_0_hue_adjust_crop.mp4,0
5757,/content/drive/MyDrive/ucf_experiments/ciclo_experimental_1/data/data_blur/train/Abuse008_x264-5e990dbd0a_1_hue_adjust_blur.mp4,/content/drive/MyDrive/ucf_experiments/ciclo_experimental_1/data/data_crop/train/Abuse008_x264-5e990dbd0a_1_hue_adjust_crop.mp4,1
5758,/content/drive/MyDrive/ucf_experiments/ciclo_experimental_1/data/data_blur/train/Robbery051_x264-82fc216669_1_hue_adjust_blur.mp4,/content/drive/MyDrive/ucf_experiments/ciclo_experimental_1/data/data_crop/train/Robbery051_x264-82fc216669_1_hue_adjust_crop.mp4,1
5759,/content/drive/MyDrive/ucf_experiments/ciclo_experimental_1/data/data_blur/train/Robbery058_x264-1d5197f3c7_1_hue_adjust_blur.mp4,/content/drive/MyDrive/ucf_experiments/ciclo_experimental_1/data/data_crop/train/Robbery058_x264-1d5197f3c7_1_hue_adjust_crop.mp4,1
5760,/content/drive/MyDrive/ucf_experiments/ciclo_experimental_1/data/data_blur/train/Robbery100_x264-e382443a4a_1_hue_adjust_blur.mp4,/content/drive/MyDrive/ucf_experiments/ciclo_experimental_1/data/data_crop/train/Robbery100_x264-e382443a4a_1_hue_adjust_crop.mp4,1
5761,/content/drive/MyDrive/ucf_experiments/ciclo_experimental_1/data/data_blur/train/Arrest037_x264-6af21a52df_1_hue_adjust_blur.mp4,/content/drive/MyDrive/ucf_experiments/ciclo_experimental_1/data/data_crop/train/Arrest037_x264-6af21a52df_1_hue_adjust_crop.mp4,1
5762,/content/drive/MyDrive/ucf_experiments/ciclo_experimental_1/data/data_blur/train/Robbery060_x264-8e020f66be_0_hue_adjust_blur.mp4,/content/drive/MyDrive/ucf_experiments/ciclo_experimental_1/data/data_crop/train/Robbery060_x264-8e020f66be_0_hue_adjust_crop.mp4,0
5763,/content/drive/MyDrive/ucf_experiments/ciclo_experimental_1/data/data_blur/train/Assault041_x264-65d1f0c973_0_hue_adjust_blur.mp4,/content/drive/MyDrive/ucf_experiments/ciclo_experimental_1/data/data_crop/train/Assault041_x264-65d1f0c973_0_hue_adjust_crop.mp4,0
5764,/content/drive/MyDrive/ucf_experiments/ciclo_experimental_1/data/data_blur/train/Assault047_x264-418cc941f5_0_hue_adjust_blur.mp4,/content/drive/MyDrive/ucf_experiments/ciclo_experimental_1/data/data_crop/train/Assault047_x264-418cc941f5_0_hue_adjust_crop.mp4,0
5765,/content/drive/MyDrive/ucf_experiments/ciclo_experimental_1/data/data_blur/train/Robbery032_x264-3a3716db97_0_hue_adjust_blur.mp4,/content/drive/MyDrive/ucf_experiments/ciclo_experimental_1/data/data_crop/train/Robbery032_x264-3a3716db97_0_hue_adjust_crop.mp4,0
5766,/content/drive/MyDrive/ucf_experiments/ciclo_experimental_1/data/data_blur/train/Fighting050_x264-1c382de5de_1_hue_adjust_blur.mp4,/content/drive/MyDrive/ucf_experiments/ciclo_experimental_1/data/data_crop/train/Fighting050_x264-1c382de5de_1_hue_adjust_crop.mp4,1
5767,/content/drive/MyDrive/ucf_experiments/ciclo_experimental_1/data/data_blur/train/Fighting024_x264-9aa8b32ca7_1_hue_adjust_blur.mp4,/content/drive/MyDrive/ucf_experiments/ciclo_experimental_1/data/data_crop/train/Fighting024_x264-9aa8b32ca7_1_hue_adjust_crop.mp4,1
5768,/content/drive/MyDrive/ucf_experiments/ciclo_experimental_1/data/data_blur/train/Robbery057_x264-95022cdf33_0_hue_adjust_blur.mp4,/content/drive/MyDrive/ucf_experiments/ciclo_experimental_1/data/data_crop/train/Robbery057_x264-95022cdf33_0_hue_adjust_crop.mp4,0
5769,/content/drive/MyDrive/ucf_experiments/ciclo_experimental_1/data/data_blur/train/Assault042_x264-229b6e106d_1_hue_adjust_blur.mp4,/content/drive/MyDrive/ucf_experiments/ciclo_experimental_1/data/data_crop/train/Assault042_x264-229b6e106d_1_hue_adjust_crop.mp4,1
5770,/content/drive/MyDrive/ucf_experiments/ciclo_experimental_1/data/data_blur/train/Assault029_x264-8549abf900_1_hue_adjust_blur.mp4,/content/drive/MyDrive/ucf_experiments/ciclo_experimental_1/data/data_crop/train/Assault029_x264-8549abf900_1_hue_adjust_crop.mp4,1
5771,/content/drive/MyDrive/ucf_experiments/ciclo_experimental_1/data/data_blur/train/Assault016_x264-c55088a2f8_1_hue_adjust_blur.mp4,/content/drive/MyDrive/ucf_experiments/ciclo_experimental_1/data/data_crop/train/Assault016_x264-c55088a2f8_1_hue_adjust_crop.mp4,1
5772,/content/drive/MyDrive/ucf_experiments/ciclo_experimental_1/data/data_blur/train/Abuse044_x264-9e89969b1a_0_hue_adjust_blur.mp4,/content/drive/MyDrive/ucf_experiments/ciclo_experimental_1/data/data_crop/train/Abuse044_x264-9e89969b1a_0_hue_adjust_crop.mp4,0
5773,/content/drive/MyDrive/ucf_experiments/ciclo_experimental_1/data/data_blur/train/Robbery087_x264-5f666d5c8f_0_hue_adjust_blur.mp4,/content/drive/MyDrive/ucf_experiments/ciclo_experimental_1/data/data_crop/train/Robbery087_x264-5f666d5c8f_0_hue_adjust_crop.mp4,0
5774,/content/drive/MyDrive/ucf_experiments/ciclo_experimental_1/data/data_blur/train/Robbery001_x264-37aa434464_0_hue_adjust_blur.mp4,/content/drive/MyDrive/ucf_experiments/ciclo_experimental_1/data/data_crop/train/Robbery001_x264-37aa434464_0_hue_adjust_crop.mp4,0
5775,/content/drive/MyDrive/ucf_experiments/ciclo_experimental_1/data/data_blur/train/Abuse027_x264-28f7d53058_0_hue_adjust_blur.mp4,/content/drive/MyDrive/ucf_experiments/ciclo_experimental_1/data/data_crop/train/Abuse027_x264-28f7d53058_0_hue_adjust_crop.mp4,0
5776,/content/drive/MyDrive/ucf_experiments/ciclo_experimental_1/data/data_blur/train/Fighting040_x264-becb09a288_0_hue_adjust_blur.mp4,/content/drive/MyDrive/ucf_experiments/ciclo_experimental_1/data/data_crop/train/Fighting040_x264-becb09a288_0_hue_adjust_crop.mp4,0
5777,/content/drive/MyDrive/ucf_experiments/ciclo_experimental_1/data/data_blur/train/Robbery085_x264-2fc9df1e50_0_hue_adjust_blur.mp4,/content/drive/MyDrive/ucf_experiments/ciclo_experimental_1/data/data_crop/train/Robbery085_x264-2fc9df1e50_0_hue_adjust_crop.mp4,0
5778,/content/drive/MyDrive/ucf_experiments/ciclo_experimental_1/data/data_blur/train/Robbery056_x264-e38edc8997_1_hue_adjust_blur.mp4,/content/drive/MyDrive/ucf_experiments/ciclo_experimental_1/data/data_crop/train/Robbery056_x264-e38edc8997_1_hue_adjust_crop.mp4,1
5779,/content/drive/MyDrive/ucf_experiments/ciclo_experimental_1/data/data_blur/train/Assault019_x264-31f63ff158_1_hue_adjust_blur.mp4,/content/drive/MyDrive/ucf_experiments/ciclo_experimental_1/data/data_crop/train/Assault019_x264-31f63ff158_1_hue_adjust_crop.mp4,1
5780,/content/drive/MyDrive/ucf_experiments/ciclo_experimental_1/data/data_blur/train/Robbery002_x264-18c60636d4_0_hue_adjust_blur.mp4,/content/drive/MyDrive/ucf_experiments/ciclo_experimental_1/data/data_crop/train/Robbery002_x264-18c60636d4_0_hue_adjust_crop.mp4,0
5781,/content/drive/MyDrive/ucf_experiments/ciclo_experimental_1/data/data_blur/train/Assault049_x264-cca4198d9f_1_hue_adjust_blur.mp4,/content/drive/MyDrive/ucf_experiments/ciclo_experimental_1/data/data_crop/train/Assault049_x264-cca4198d9f_1_hue_adjust_crop.mp4,1
5782,/content/drive/MyDrive/ucf_experiments/ciclo_experimental_1/data/data_blur/train/Robbery033_x264-fbb0ea74a3_1_hue_adjust_blur.mp4,/content/drive/MyDrive/ucf_experiments/ciclo_experimental_1/data/data_crop/train/Robbery033_x264-fbb0ea74a3_1_hue_adjust_crop.mp4,1
5783,/content/drive/MyDrive/ucf_experiments/ciclo_experimental_1/data/data_blur/train/Robbery019_x264-b7592a57f7_1_hue_adjust_blur.mp4,/content/drive/MyDrive/ucf_experiments/ciclo_experimental_1/data/data_crop/train/Robbery019_x264-b7592a57f7_1_hue_adjust_crop.mp4,1
5784,/content/drive/MyDrive/ucf_experiments/ciclo_experimental_1/data/data_blur/train/Fighting036_x264-6791180231_1_hue_adjust_blur.mp4,/content/drive/MyDrive/ucf_experiments/ciclo_experimental_1/data/data_crop/train/Fighting036_x264-6791180231_1_hue_adjust_crop.mp4,1
5785,/content/drive/MyDrive/ucf_experiments/ciclo_experimental_1/data/data_blur/train/Arrest049_x264-b2a18e2050_1_hue_adjust_blur.mp4,/content/drive/MyDrive/ucf_experiments/ciclo_experimental_1/data/data_crop/train/Arrest049_x264-b2a18e2050_1_hue_adjust_crop.mp4,1
5786,/content/drive/MyDrive/ucf_experiments/ciclo_experimental_1/data/data_blur/train/Robbery049_x264-6e75454af5_1_hue_adjust_blur.mp4,/content/drive/MyDrive/ucf_experiments/ciclo_experimental_1/data/data_crop/train/Robbery049_x264-6e75454af5_1_hue_adjust_crop.mp4,1
5787,/content/drive/MyDrive/ucf_experiments/ciclo_experimental_1/data/data_blur/train/Arrest006_x264-adf5e604f7_1_hue_adjust_blur.mp4,/content/drive/MyDrive/ucf_experiments/ciclo_experimental_1/data/data_crop/train/Arrest006_x264-adf5e604f7_1_hue_adjust_crop.mp4,1
5788,/content/drive/MyDrive/ucf_experiments/ciclo_experimental_1/data/data_blur/train/Assault014_x264-577dd633ca_0_hue_adjust_blur.mp4,/content/drive/MyDrive/ucf_experiments/ciclo_experimental_1/data/data_crop/train/Assault014_x264-577dd633ca_0_hue_adjust_crop.mp4,0
5789,/content/drive/MyDrive/ucf_experiments/ciclo_experimental_1/data/data_blur/train/Abuse038_x264-118a689a5c_0_hue_adjust_blur.mp4,/content/drive/MyDrive/ucf_experiments/ciclo_experimental_1/data/data_crop/train/Abuse038_x264-118a689a5c_0_hue_adjust_crop.mp4,0
5790,/content/drive/MyDrive/ucf_experiments/ciclo_experimental_1/data/data_blur/train/Robbery062_x264-d8ac59cac0_0_hue_adjust_blur.mp4,/content/drive/MyDrive/ucf_experiments/ciclo_experimental_1/data/data_crop/train/Robbery062_x264-d8ac59cac0_0_hue_adjust_crop.mp4,0
5791,/content/drive/MyDrive/ucf_experiments/ciclo_experimental_1/data/data_blur/train/Arrest023_x264-5a7e886df6_1_hue_adjust_blur.mp4,/content/drive/MyDrive/ucf_experiments/ciclo_experimental_1/data/data_crop/train/Arrest023_x264-5a7e886df6_1_hue_adjust_crop.mp4,1
5792,/content/drive/MyDrive/ucf_experiments/ciclo_experimental_1/data/data_blur/train/Robbery058_x264-26d6dcd320_1_hue_adjust_blur.mp4,/content/drive/MyDrive/ucf_experiments/ciclo_experimental_1/data/data_crop/train/Robbery058_x264-26d6dcd320_1_hue_adjust_crop.mp4,1
5793,/content/drive/MyDrive/ucf_experiments/ciclo_experimental_1/data/data_blur/train/Fighting013_x264-32befaedc8_1_hue_adjust_blur.mp4,/content/drive/MyDrive/ucf_experiments/ciclo_experimental_1/data/data_crop/train/Fighting013_x264-32befaedc8_1_hue_adjust_crop.mp4,1
5794,/content/drive/MyDrive/ucf_experiments/ciclo_experimental_1/data/data_blur/train/Assault005_x264-025ce08e94_1_hue_adjust_blur.mp4,/content/drive/MyDrive/ucf_experiments/ciclo_experimental_1/data/data_crop/train/Assault005_x264-025ce08e94_1_hue_adjust_crop.mp4,1
5795,/content/drive/MyDrive/ucf_experiments/ciclo_experimental_1/data/data_blur/train/Robbery020_x264-188d1cdf8a_0_hue_adjust_blur.mp4,/content/drive/MyDrive/ucf_experiments/ciclo_experimental_1/data/data_crop/train/Robbery020_x264-188d1cdf8a_0_hue_adjust_crop.mp4,0
5796,/content/drive/MyDrive/ucf_experiments/ciclo_experimental_1/data/data_blur/train/Fighting010_x264-a7b2773a94_0_hue_adjust_blur.mp4,/content/drive/MyDrive/ucf_experiments/ciclo_experimental_1/data/data_crop/train/Fighting010_x264-a7b2773a94_0_hue_adjust_crop.mp4,0
5797,/content/drive/MyDrive/ucf_experiments/ciclo_experimental_1/data/data_blur/train/Robbery076_x264-3cf59c83f5_0_hue_adjust_blur.mp4,/content/drive/MyDrive/ucf_experiments/ciclo_experimental_1/data/data_crop/train/Robbery076_x264-3cf59c83f5_0_hue_adjust_crop.mp4,0
5798,/content/drive/MyDrive/ucf_experiments/ciclo_experimental_1/data/data_blur/train/Robbery009_x264-11121674e6_0_hue_adjust_blur.mp4,/content/drive/MyDrive/ucf_experiments/ciclo_experimental_1/data/data_crop/train/Robbery009_x264-11121674e6_0_hue_adjust_crop.mp4,0
5799,/content/drive/MyDrive/ucf_experiments/ciclo_experimental_1/data/data_blur/train/Fighting049_x264-8fe2bd670e_0_hue_adjust_blur.mp4,/content/drive/MyDrive/ucf_experiments/ciclo_experimental_1/data/data_crop/train/Fighting049_x264-8fe2bd670e_0_hue_adjust_crop.mp4,0
5800,/content/drive/MyDrive/ucf_experiments/ciclo_experimental_1/data/data_blur/train/Assault017_x264-c49f9dbba1_1_hue_adjust_blur.mp4,/content/drive/MyDrive/ucf_experiments/ciclo_experimental_1/data/data_crop/train/Assault017_x264-c49f9dbba1_1_hue_adjust_crop.mp4,1
5801,/content/drive/MyDrive/ucf_experiments/ciclo_experimental_1/data/data_blur/train/Assault035_x264-1ccad2277c_1_hue_adjust_blur.mp4,/content/drive/MyDrive/ucf_experiments/ciclo_experimental_1/data/data_crop/train/Assault035_x264-1ccad2277c_1_hue_adjust_crop.mp4,1
5802,/content/drive/MyDrive/ucf_experiments/ciclo_experimental_1/data/data_blur/train/Robbery030_x264-ee5ac8800b_0_hue_adjust_blur.mp4,/content/drive/MyDrive/ucf_experiments/ciclo_experimental_1/data/data_crop/train/Robbery030_x264-ee5ac8800b_0_hue_adjust_crop.mp4,0
5803,/content/drive/MyDrive/ucf_experiments/ciclo_experimental_1/data/data_blur/train/Robbery081_x264-dcf4ac20cf_1_hue_adjust_blur.mp4,/content/drive/MyDrive/ucf_experiments/ciclo_experimental_1/data/data_crop/train/Robbery081_x264-dcf4ac20cf_1_hue_adjust_crop.mp4,1
5804,/content/drive/MyDrive/ucf_experiments/ciclo_experimental_1/data/data_blur/train/Abuse006_x264-7031db04a1_1_hue_adjust_blur.mp4,/content/drive/MyDrive/ucf_experiments/ciclo_experimental_1/data/data_crop/train/Abuse006_x264-7031db04a1_1_hue_adjust_crop.mp4,1
5805,/content/drive/MyDrive/ucf_experiments/ciclo_experimental_1/data/data_blur/train/Fighting006_x264-76c8fb1161_1_hue_adjust_blur.mp4,/content/drive/MyDrive/ucf_experiments/ciclo_experimental_1/data/data_crop/train/Fighting006_x264-76c8fb1161_1_hue_adjust_crop.mp4,1
5806,/content/drive/MyDrive/ucf_experiments/ciclo_experimental_1/data/data_blur/train/Abuse003_x264-dc31398af2_0_hue_adjust_blur.mp4,/content/drive/MyDrive/ucf_experiments/ciclo_experimental_1/data/data_crop/train/Abuse003_x264-dc31398af2_0_hue_adjust_crop.mp4,0
5807,/content/drive/MyDrive/ucf_experiments/ciclo_experimental_1/data/data_blur/train/Robbery051_x264-9f18e2b5a3_1_hue_adjust_blur.mp4,/content/drive/MyDrive/ucf_experiments/ciclo_experimental_1/data/data_crop/train/Robbery051_x264-9f18e2b5a3_1_hue_adjust_crop.mp4,1
5808,/content/drive/MyDrive/ucf_experiments/ciclo_experimental_1/data/data_blur/train/Assault008_x264-4383dbb861_0_hue_adjust_blur.mp4,/content/drive/MyDrive/ucf_experiments/ciclo_experimental_1/data/data_crop/train/Assault008_x264-4383dbb861_0_hue_adjust_crop.mp4,0
5809,/content/drive/MyDrive/ucf_experiments/ciclo_experimental_1/data/data_blur/train/Arrest005_x264-9bf9ff4974_1_hue_adjust_blur.mp4,/content/drive/MyDrive/ucf_experiments/ciclo_experimental_1/data/data_crop/train/Arrest005_x264-9bf9ff4974_1_hue_adjust_crop.mp4,1
5810,/content/drive/MyDrive/ucf_experiments/ciclo_experimental_1/data/data_blur/train/Fighting027_x264-ab925d5b2e_1_hue_adjust_blur.mp4,/content/drive/MyDrive/ucf_experiments/ciclo_experimental_1/data/data_crop/train/Fighting027_x264-ab925d5b2e_1_hue_adjust_crop.mp4,1
5811,/content/drive/MyDrive/ucf_experiments/ciclo_experimental_1/data/data_blur/train/Robbery072_x264-e9628ff95e_0_hue_adjust_blur.mp4,/content/drive/MyDrive/ucf_experiments/ciclo_experimental_1/data/data_crop/train/Robbery072_x264-e9628ff95e_0_hue_adjust_crop.mp4,0
5812,/content/drive/MyDrive/ucf_experiments/ciclo_experimental_1/data/data_blur/train/Robbery008_x264-5437db2d6f_1_hue_adjust_blur.mp4,/content/drive/MyDrive/ucf_experiments/ciclo_experimental_1/data/data_crop/train/Robbery008_x264-5437db2d6f_1_hue_adjust_crop.mp4,1
5813,/content/drive/MyDrive/ucf_experiments/ciclo_experimental_1/data/data_blur/train/Abuse031_x264-52d977cec6_1_hue_adjust_blur.mp4,/content/drive/MyDrive/ucf_experiments/ciclo_experimental_1/data/data_crop/train/Abuse031_x264-52d977cec6_1_hue_adjust_crop.mp4,1
5814,/content/drive/MyDrive/ucf_experiments/ciclo_experimental_1/data/data_blur/train/Arrest023_x264-06cbce305c_1_hue_adjust_blur.mp4,/content/drive/MyDrive/ucf_experiments/ciclo_experimental_1/data/data_crop/train/Arrest023_x264-06cbce305c_1_hue_adjust_crop.mp4,1
5815,/content/drive/MyDrive/ucf_experiments/ciclo_experimental_1/data/data_blur/train/Fighting036_x264-30d297d6ad_1_hue_adjust_blur.mp4,/content/drive/MyDrive/ucf_experiments/ciclo_experimental_1/data/data_crop/train/Fighting036_x264-30d297d6ad_1_hue_adjust_crop.mp4,1
5816,/content/drive/MyDrive/ucf_experiments/ciclo_experimental_1/data/data_blur/train/Fighting036_x264-0c22ec2f81_1_hue_adjust_blur.mp4,/content/drive/MyDrive/ucf_experiments/ciclo_experimental_1/data/data_crop/train/Fighting036_x264-0c22ec2f81_1_hue_adjust_crop.mp4,1
5817,/content/drive/MyDrive/ucf_experiments/ciclo_experimental_1/data/data_blur/train/Arrest017_x264-11e9f19b6f_0_hue_adjust_blur.mp4,/content/drive/MyDrive/ucf_experiments/ciclo_experimental_1/data/data_crop/train/Arrest017_x264-11e9f19b6f_0_hue_adjust_crop.mp4,0
5818,/content/drive/MyDrive/ucf_experiments/ciclo_experimental_1/data/data_blur/train/Robbery043_x264-f81f06ab6e_1_hue_adjust_blur.mp4,/content/drive/MyDrive/ucf_experiments/ciclo_experimental_1/data/data_crop/train/Robbery043_x264-f81f06ab6e_1_hue_adjust_crop.mp4,1
5819,/content/drive/MyDrive/ucf_experiments/ciclo_experimental_1/data/data_blur/train/Arrest018_x264-a8d8a8c252_0_hue_adjust_blur.mp4,/content/drive/MyDrive/ucf_experiments/ciclo_experimental_1/data/data_crop/train/Arrest018_x264-a8d8a8c252_0_hue_adjust_crop.mp4,0
5820,/content/drive/MyDrive/ucf_experiments/ciclo_experimental_1/data/data_blur/train/Robbery034_x264-d0c64043c3_1_hue_adjust_blur.mp4,/content/drive/MyDrive/ucf_experiments/ciclo_experimental_1/data/data_crop/train/Robbery034_x264-d0c64043c3_1_hue_adjust_crop.mp4,1
5821,/content/drive/MyDrive/ucf_experiments/ciclo_experimental_1/data/data_blur/train/Assault016_x264-d6f6e93f20_0_hue_adjust_blur.mp4,/content/drive/MyDrive/ucf_experiments/ciclo_experimental_1/data/data_crop/train/Assault016_x264-d6f6e93f20_0_hue_adjust_crop.mp4,0
5822,/content/drive/MyDrive/ucf_experiments/ciclo_experimental_1/data/data_blur/train/Abuse010_x264-729e827f95_1_hue_adjust_blur.mp4,/content/drive/MyDrive/ucf_experiments/ciclo_experimental_1/data/data_crop/train/Abuse010_x264-729e827f95_1_hue_adjust_crop.mp4,1
5823,/content/drive/MyDrive/ucf_experiments/ciclo_experimental_1/data/data_blur/train/Abuse008_x264-cdf84593a6_0_hue_adjust_blur.mp4,/content/drive/MyDrive/ucf_experiments/ciclo_experimental_1/data/data_crop/train/Abuse008_x264-cdf84593a6_0_hue_adjust_crop.mp4,0
5824,/content/drive/MyDrive/ucf_experiments/ciclo_experimental_1/data/data_blur/train/Fighting024_x264-d5d1e34eab_0_hue_adjust_blur.mp4,/content/drive/MyDrive/ucf_experiments/ciclo_experimental_1/data/data_crop/train/Fighting024_x264-d5d1e34eab_0_hue_adjust_crop.mp4,0
5825,/content/drive/MyDrive/ucf_experiments/ciclo_experimental_1/data/data_blur/train/Robbery051_x264-2327144036_1_hue_adjust_blur.mp4,/content/drive/MyDrive/ucf_experiments/ciclo_experimental_1/data/data_crop/train/Robbery051_x264-2327144036_1_hue_adjust_crop.mp4,1
5826,/content/drive/MyDrive/ucf_experiments/ciclo_experimental_1/data/data_blur/train/Robbery031_x264-e0cf4710b6_1_hue_adjust_blur.mp4,/content/drive/MyDrive/ucf_experiments/ciclo_experimental_1/data/data_crop/train/Robbery031_x264-e0cf4710b6_1_hue_adjust_crop.mp4,1
5827,/content/drive/MyDrive/ucf_experiments/ciclo_experimental_1/data/data_blur/train/Robbery042_x264-05da91e803_0_hue_adjust_blur.mp4,/content/drive/MyDrive/ucf_experiments/ciclo_experimental_1/data/data_crop/train/Robbery042_x264-05da91e803_0_hue_adjust_crop.mp4,0
5828,/content/drive/MyDrive/ucf_experiments/ciclo_experimental_1/data/data_blur/train/Arrest026_x264-b2e2d1d2cf_1_hue_adjust_blur.mp4,/content/drive/MyDrive/ucf_experiments/ciclo_experimental_1/data/data_crop/train/Arrest026_x264-b2e2d1d2cf_1_hue_adjust_crop.mp4,1
5829,/content/drive/MyDrive/ucf_experiments/ciclo_experimental_1/data/data_blur/train/Fighting008_x264-5abde5d4aa_1_hue_adjust_blur.mp4,/content/drive/MyDrive/ucf_experiments/ciclo_experimental_1/data/data_crop/train/Fighting008_x264-5abde5d4aa_1_hue_adjust_crop.mp4,1
5830,/content/drive/MyDrive/ucf_experiments/ciclo_experimental_1/data/data_blur/train/Arrest028_x264-4763949347_1_hue_adjust_blur.mp4,/content/drive/MyDrive/ucf_experiments/ciclo_experimental_1/data/data_crop/train/Arrest028_x264-4763949347_1_hue_adjust_crop.mp4,1
5831,/content/drive/MyDrive/ucf_experiments/ciclo_experimental_1/data/data_blur/train/Fighting049_x264-e47b62aee6_1_hue_adjust_blur.mp4,/content/drive/MyDrive/ucf_experiments/ciclo_experimental_1/data/data_crop/train/Fighting049_x264-e47b62aee6_1_hue_adjust_crop.mp4,1
5832,/content/drive/MyDrive/ucf_experiments/ciclo_experimental_1/data/data_blur/train/Fighting004_x264-925cbe4f52_1_hue_adjust_blur.mp4,/content/drive/MyDrive/ucf_experiments/ciclo_experimental_1/data/data_crop/train/Fighting004_x264-925cbe4f52_1_hue_adjust_crop.mp4,1
5833,/content/drive/MyDrive/ucf_experiments/ciclo_experimental_1/data/data_blur/train/Abuse020_x264-1dc06e8811_0_hue_adjust_blur.mp4,/content/drive/MyDrive/ucf_experiments/ciclo_experimental_1/data/data_crop/train/Abuse020_x264-1dc06e8811_0_hue_adjust_crop.mp4,0
5834,/content/drive/MyDrive/ucf_experiments/ciclo_experimental_1/data/data_blur/train/Fighting020_x264-dc1ec29414_1_hue_adjust_blur.mp4,/content/drive/MyDrive/ucf_experiments/ciclo_experimental_1/data/data_crop/train/Fighting020_x264-dc1ec29414_1_hue_adjust_crop.mp4,1
5835,/content/drive/MyDrive/ucf_experiments/ciclo_experimental_1/data/data_blur/train/Fighting049_x264-d63ae91b2d_1_hue_adjust_blur.mp4,/content/drive/MyDrive/ucf_experiments/ciclo_experimental_1/data/data_crop/train/Fighting049_x264-d63ae91b2d_1_hue_adjust_crop.mp4,1
5836,/content/drive/MyDrive/ucf_experiments/ciclo_experimental_1/data/data_blur/train/Assault019_x264-d70b6d6cc4_0_hue_adjust_blur.mp4,/content/drive/MyDrive/ucf_experiments/ciclo_experimental_1/data/data_crop/train/Assault019_x264-d70b6d6cc4_0_hue_adjust_crop.mp4,0
5837,/content/drive/MyDrive/ucf_experiments/ciclo_experimental_1/data/data_blur/train/Abuse005_x264-bae2f3d2d0_1_hue_adjust_blur.mp4,/content/drive/MyDrive/ucf_experiments/ciclo_experimental_1/data/data_crop/train/Abuse005_x264-bae2f3d2d0_1_hue_adjust_crop.mp4,1
5838,/content/drive/MyDrive/ucf_experiments/ciclo_experimental_1/data/data_blur/train/Arrest043_x264-d3ecd2b7f6_1_hue_adjust_blur.mp4,/content/drive/MyDrive/ucf_experiments/ciclo_experimental_1/data/data_crop/train/Arrest043_x264-d3ecd2b7f6_1_hue_adjust_crop.mp4,1
5839,/content/drive/MyDrive/ucf_experiments/ciclo_experimental_1/data/data_blur/train/Robbery006_x264-e16d1b3a28_1_hue_adjust_blur.mp4,/content/drive/MyDrive/ucf_experiments/ciclo_experimental_1/data/data_crop/train/Robbery006_x264-e16d1b3a28_1_hue_adjust_crop.mp4,1
5840,/content/drive/MyDrive/ucf_experiments/ciclo_experimental_1/data/data_blur/train/Abuse011_x264-749cdb0281_0_hue_adjust_blur.mp4,/content/drive/MyDrive/ucf_experiments/ciclo_experimental_1/data/data_crop/train/Abuse011_x264-749cdb0281_0_hue_adjust_crop.mp4,0
5841,/content/drive/MyDrive/ucf_experiments/ciclo_experimental_1/data/data_blur/train/Arrest002_x264-03253e7beb_1_hue_adjust_blur.mp4,/content/drive/MyDrive/ucf_experiments/ciclo_experimental_1/data/data_crop/train/Arrest002_x264-03253e7beb_1_hue_adjust_crop.mp4,1
5842,/content/drive/MyDrive/ucf_experiments/ciclo_experimental_1/data/data_blur/train/Fighting050_x264-76f0ffbb47_0_hue_adjust_blur.mp4,/content/drive/MyDrive/ucf_experiments/ciclo_experimental_1/data/data_crop/train/Fighting050_x264-76f0ffbb47_0_hue_adjust_crop.mp4,0
5843,/content/drive/MyDrive/ucf_experiments/ciclo_experimental_1/data/data_blur/train/Assault048_x264-691e708ed5_0_hue_adjust_blur.mp4,/content/drive/MyDrive/ucf_experiments/ciclo_experimental_1/data/data_crop/train/Assault048_x264-691e708ed5_0_hue_adjust_crop.mp4,0
5844,/content/drive/MyDrive/ucf_experiments/ciclo_experimental_1/data/data_blur/train/Robbery057_x264-a99eea4b5e_0_hue_adjust_blur.mp4,/content/drive/MyDrive/ucf_experiments/ciclo_experimental_1/data/data_crop/train/Robbery057_x264-a99eea4b5e_0_hue_adjust_crop.mp4,0
5845,/content/drive/MyDrive/ucf_experiments/ciclo_experimental_1/data/data_blur/train/Arrest051_x264-7443200ef4_0_hue_adjust_blur.mp4,/content/drive/MyDrive/ucf_experiments/ciclo_experimental_1/data/data_crop/train/Arrest051_x264-7443200ef4_0_hue_adjust_crop.mp4,0
5846,/content/drive/MyDrive/ucf_experiments/ciclo_experimental_1/data/data_blur/train/Assault008_x264-33afc907ca_1_hue_adjust_blur.mp4,/content/drive/MyDrive/ucf_experiments/ciclo_experimental_1/data/data_crop/train/Assault008_x264-33afc907ca_1_hue_adjust_crop.mp4,1
5847,/content/drive/MyDrive/ucf_experiments/ciclo_experimental_1/data/data_blur/train/Arrest025_x264-a51ec28fad_1_hue_adjust_blur.mp4,/content/drive/MyDrive/ucf_experiments/ciclo_experimental_1/data/data_crop/train/Arrest025_x264-a51ec28fad_1_hue_adjust_crop.mp4,1
5848,/content/drive/MyDrive/ucf_experiments/ciclo_experimental_1/data/data_blur/train/Fighting008_x264-6dc4ccac13_0_hue_adjust_blur.mp4,/content/drive/MyDrive/ucf_experiments/ciclo_experimental_1/data/data_crop/train/Fighting008_x264-6dc4ccac13_0_hue_adjust_crop.mp4,0
5849,/content/drive/MyDrive/ucf_experiments/ciclo_experimental_1/data/data_blur/train/Robbery056_x264-3a29436610_1_hue_adjust_blur.mp4,/content/drive/MyDrive/ucf_experiments/ciclo_experimental_1/data/data_crop/train/Robbery056_x264-3a29436610_1_hue_adjust_crop.mp4,1
5850,/content/drive/MyDrive/ucf_experiments/ciclo_experimental_1/data/data_blur/train/Arrest009_x264-36d34e6861_0_hue_adjust_blur.mp4,/content/drive/MyDrive/ucf_experiments/ciclo_experimental_1/data/data_crop/train/Arrest009_x264-36d34e6861_0_hue_adjust_crop.mp4,0
5851,/content/drive/MyDrive/ucf_experiments/ciclo_experimental_1/data/data_blur/train/Robbery011_x264-eb6703ec92_1_hue_adjust_blur.mp4,/content/drive/MyDrive/ucf_experiments/ciclo_experimental_1/data/data_crop/train/Robbery011_x264-eb6703ec92_1_hue_adjust_crop.mp4,1
5852,/content/drive/MyDrive/ucf_experiments/ciclo_experimental_1/data/data_blur/train/Robbery023_x264-64e6a990ce_1_hue_adjust_blur.mp4,/content/drive/MyDrive/ucf_experiments/ciclo_experimental_1/data/data_crop/train/Robbery023_x264-64e6a990ce_1_hue_adjust_crop.mp4,1
5853,/content/drive/MyDrive/ucf_experiments/ciclo_experimental_1/data/data_blur/train/Robbery105_x264-3232bc5458_1_hue_adjust_blur.mp4,/content/drive/MyDrive/ucf_experiments/ciclo_experimental_1/data/data_crop/train/Robbery105_x264-3232bc5458_1_hue_adjust_crop.mp4,1
5854,/content/drive/MyDrive/ucf_experiments/ciclo_experimental_1/data/data_blur/train/Assault031_x264-8a531d0594_1_hue_adjust_blur.mp4,/content/drive/MyDrive/ucf_experiments/ciclo_experimental_1/data/data_crop/train/Assault031_x264-8a531d0594_1_hue_adjust_crop.mp4,1
5855,/content/drive/MyDrive/ucf_experiments/ciclo_experimental_1/data/data_blur/train/Arrest023_x264-17eaec475c_1_hue_adjust_blur.mp4,/content/drive/MyDrive/ucf_experiments/ciclo_experimental_1/data/data_crop/train/Arrest023_x264-17eaec475c_1_hue_adjust_crop.mp4,1
5856,/content/drive/MyDrive/ucf_experiments/ciclo_experimental_1/data/data_blur/train/Arrest034_x264-3a16b68bb2_0_hue_adjust_blur.mp4,/content/drive/MyDrive/ucf_experiments/ciclo_experimental_1/data/data_crop/train/Arrest034_x264-3a16b68bb2_0_hue_adjust_crop.mp4,0
5857,/content/drive/MyDrive/ucf_experiments/ciclo_experimental_1/data/data_blur/train/Robbery099_x264-84eb5d284b_1_hue_adjust_blur.mp4,/content/drive/MyDrive/ucf_experiments/ciclo_experimental_1/data/data_crop/train/Robbery099_x264-84eb5d284b_1_hue_adjust_crop.mp4,1
5858,/content/drive/MyDrive/ucf_experiments/ciclo_experimental_1/data/data_blur/train/Arrest033_x264-e2a4b65987_1_hue_adjust_blur.mp4,/content/drive/MyDrive/ucf_experiments/ciclo_experimental_1/data/data_crop/train/Arrest033_x264-e2a4b65987_1_hue_adjust_crop.mp4,1
5859,/content/drive/MyDrive/ucf_experiments/ciclo_experimental_1/data/data_blur/train/Abuse041_x264-b506d8449b_1_hue_adjust_blur.mp4,/content/drive/MyDrive/ucf_experiments/ciclo_experimental_1/data/data_crop/train/Abuse041_x264-b506d8449b_1_hue_adjust_crop.mp4,1
5860,/content/drive/MyDrive/ucf_experiments/ciclo_experimental_1/data/data_blur/train/Fighting027_x264-a8d320478e_1_hue_adjust_blur.mp4,/content/drive/MyDrive/ucf_experiments/ciclo_experimental_1/data/data_crop/train/Fighting027_x264-a8d320478e_1_hue_adjust_crop.mp4,1
5861,/content/drive/MyDrive/ucf_experiments/ciclo_experimental_1/data/data_blur/train/Robbery101_x264-fd9caf4f2b_1_hue_adjust_blur.mp4,/content/drive/MyDrive/ucf_experiments/ciclo_experimental_1/data/data_crop/train/Robbery101_x264-fd9caf4f2b_1_hue_adjust_crop.mp4,1
5862,/content/drive/MyDrive/ucf_experiments/ciclo_experimental_1/data/data_blur/train/Robbery100_x264-88d3796d58_0_hue_adjust_blur.mp4,/content/drive/MyDrive/ucf_experiments/ciclo_experimental_1/data/data_crop/train/Robbery100_x264-88d3796d58_0_hue_adjust_crop.mp4,0
5863,/content/drive/MyDrive/ucf_experiments/ciclo_experimental_1/data/data_blur/train/Robbery035_x264-49a82e9918_0_hue_adjust_blur.mp4,/content/drive/MyDrive/ucf_experiments/ciclo_experimental_1/data/data_crop/train/Robbery035_x264-49a82e9918_0_hue_adjust_crop.mp4,0
5864,/content/drive/MyDrive/ucf_experiments/ciclo_experimental_1/data/data_blur/train/Robbery038_x264-7c77c2e1d1_1_hue_adjust_blur.mp4,/content/drive/MyDrive/ucf_experiments/ciclo_experimental_1/data/data_crop/train/Robbery038_x264-7c77c2e1d1_1_hue_adjust_crop.mp4,1
5865,/content/drive/MyDrive/ucf_experiments/ciclo_experimental_1/data/data_blur/train/Robbery031_x264-8b51f34f6e_0_hue_adjust_blur.mp4,/content/drive/MyDrive/ucf_experiments/ciclo_experimental_1/data/data_crop/train/Robbery031_x264-8b51f34f6e_0_hue_adjust_crop.mp4,0
5866,/content/drive/MyDrive/ucf_experiments/ciclo_experimental_1/data/data_blur/train/Robbery056_x264-8ba2d9e6bb_1_hue_adjust_blur.mp4,/content/drive/MyDrive/ucf_experiments/ciclo_experimental_1/data/data_crop/train/Robbery056_x264-8ba2d9e6bb_1_hue_adjust_crop.mp4,1
5867,/content/drive/MyDrive/ucf_experiments/ciclo_experimental_1/data/data_blur/train/Fighting011_x264-4e804c7fc3_0_hue_adjust_blur.mp4,/content/drive/MyDrive/ucf_experiments/ciclo_experimental_1/data/data_crop/train/Fighting011_x264-4e804c7fc3_0_hue_adjust_crop.mp4,0
5868,/content/drive/MyDrive/ucf_experiments/ciclo_experimental_1/data/data_blur/train/Robbery060_x264-79c53dd0ed_1_hue_adjust_blur.mp4,/content/drive/MyDrive/ucf_experiments/ciclo_experimental_1/data/data_crop/train/Robbery060_x264-79c53dd0ed_1_hue_adjust_crop.mp4,1
5869,/content/drive/MyDrive/ucf_experiments/ciclo_experimental_1/data/data_blur/train/Robbery008_x264-1d56dc65fb_0_hue_adjust_blur.mp4,/content/drive/MyDrive/ucf_experiments/ciclo_experimental_1/data/data_crop/train/Robbery008_x264-1d56dc65fb_0_hue_adjust_crop.mp4,0
5870,/content/drive/MyDrive/ucf_experiments/ciclo_experimental_1/data/data_blur/train/Assault048_x264-e6f156c160_0_hue_adjust_blur.mp4,/content/drive/MyDrive/ucf_experiments/ciclo_experimental_1/data/data_crop/train/Assault048_x264-e6f156c160_0_hue_adjust_crop.mp4,0
5871,/content/drive/MyDrive/ucf_experiments/ciclo_experimental_1/data/data_blur/train/Abuse008_x264-52638c1df0_1_hue_adjust_blur.mp4,/content/drive/MyDrive/ucf_experiments/ciclo_experimental_1/data/data_crop/train/Abuse008_x264-52638c1df0_1_hue_adjust_crop.mp4,1
5872,/content/drive/MyDrive/ucf_experiments/ciclo_experimental_1/data/data_blur/train/Assault026_x264-6caf08e474_1_hue_adjust_blur.mp4,/content/drive/MyDrive/ucf_experiments/ciclo_experimental_1/data/data_crop/train/Assault026_x264-6caf08e474_1_hue_adjust_crop.mp4,1
5873,/content/drive/MyDrive/ucf_experiments/ciclo_experimental_1/data/data_blur/train/Arrest034_x264-67d48f0500_0_hue_adjust_blur.mp4,/content/drive/MyDrive/ucf_experiments/ciclo_experimental_1/data/data_crop/train/Arrest034_x264-67d48f0500_0_hue_adjust_crop.mp4,0
5874,/content/drive/MyDrive/ucf_experiments/ciclo_experimental_1/data/data_blur/train/Assault013_x264-aa96f28dd0_0_hue_adjust_blur.mp4,/content/drive/MyDrive/ucf_experiments/ciclo_experimental_1/data/data_crop/train/Assault013_x264-aa96f28dd0_0_hue_adjust_crop.mp4,0
5875,/content/drive/MyDrive/ucf_experiments/ciclo_experimental_1/data/data_blur/train/Fighting021_x264-c98556046c_0_hue_adjust_blur.mp4,/content/drive/MyDrive/ucf_experiments/ciclo_experimental_1/data/data_crop/train/Fighting021_x264-c98556046c_0_hue_adjust_crop.mp4,0
5876,/content/drive/MyDrive/ucf_experiments/ciclo_experimental_1/data/data_blur/train/Fighting044_x264-8b60ebf4e7_1_hue_adjust_blur.mp4,/content/drive/MyDrive/ucf_experiments/ciclo_experimental_1/data/data_crop/train/Fighting044_x264-8b60ebf4e7_1_hue_adjust_crop.mp4,1
5877,/content/drive/MyDrive/ucf_experiments/ciclo_experimental_1/data/data_blur/train/Robbery071_x264-c88ffbca4c_0_hue_adjust_blur.mp4,/content/drive/MyDrive/ucf_experiments/ciclo_experimental_1/data/data_crop/train/Robbery071_x264-c88ffbca4c_0_hue_adjust_crop.mp4,0
5878,/content/drive/MyDrive/ucf_experiments/ciclo_experimental_1/data/data_blur/train/Fighting025_x264-801a37d425_0_hue_adjust_blur.mp4,/content/drive/MyDrive/ucf_experiments/ciclo_experimental_1/data/data_crop/train/Fighting025_x264-801a37d425_0_hue_adjust_crop.mp4,0
5879,/content/drive/MyDrive/ucf_experiments/ciclo_experimental_1/data/data_blur/train/Robbery091_x264-4f79ca2cc2_1_hue_adjust_blur.mp4,/content/drive/MyDrive/ucf_experiments/ciclo_experimental_1/data/data_crop/train/Robbery091_x264-4f79ca2cc2_1_hue_adjust_crop.mp4,1
5880,/content/drive/MyDrive/ucf_experiments/ciclo_experimental_1/data/data_blur/train/Robbery082_x264-c636202795_0_hue_adjust_blur.mp4,/content/drive/MyDrive/ucf_experiments/ciclo_experimental_1/data/data_crop/train/Robbery082_x264-c636202795_0_hue_adjust_crop.mp4,0
5881,/content/drive/MyDrive/ucf_experiments/ciclo_experimental_1/data/data_blur/train/Robbery055_x264-2d46ee4bba_0_hue_adjust_blur.mp4,/content/drive/MyDrive/ucf_experiments/ciclo_experimental_1/data/data_crop/train/Robbery055_x264-2d46ee4bba_0_hue_adjust_crop.mp4,0
5882,/content/drive/MyDrive/ucf_experiments/ciclo_experimental_1/data/data_blur/train/Assault050_x264-41aa44b438_1_hue_adjust_blur.mp4,/content/drive/MyDrive/ucf_experiments/ciclo_experimental_1/data/data_crop/train/Assault050_x264-41aa44b438_1_hue_adjust_crop.mp4,1
5883,/content/drive/MyDrive/ucf_experiments/ciclo_experimental_1/data/data_blur/train/Abuse004_x264-345752d169_1_hue_adjust_blur.mp4,/content/drive/MyDrive/ucf_experiments/ciclo_experimental_1/data/data_crop/train/Abuse004_x264-345752d169_1_hue_adjust_crop.mp4,1
5884,/content/drive/MyDrive/ucf_experiments/ciclo_experimental_1/data/data_blur/train/Abuse050_x264-e6da1c9a3f_1_hue_adjust_blur.mp4,/content/drive/MyDrive/ucf_experiments/ciclo_experimental_1/data/data_crop/train/Abuse050_x264-e6da1c9a3f_1_hue_adjust_crop.mp4,1
5885,/content/drive/MyDrive/ucf_experiments/ciclo_experimental_1/data/data_blur/train/Assault048_x264-2642329c77_0_hue_adjust_blur.mp4,/content/drive/MyDrive/ucf_experiments/ciclo_experimental_1/data/data_crop/train/Assault048_x264-2642329c77_0_hue_adjust_crop.mp4,0
5886,/content/drive/MyDrive/ucf_experiments/ciclo_experimental_1/data/data_blur/train/Robbery098_x264-a60c35da1e_0_hue_adjust_blur.mp4,/content/drive/MyDrive/ucf_experiments/ciclo_experimental_1/data/data_crop/train/Robbery098_x264-a60c35da1e_0_hue_adjust_crop.mp4,0
5887,/content/drive/MyDrive/ucf_experiments/ciclo_experimental_1/data/data_blur/train/Robbery057_x264-f62ba5f952_0_hue_adjust_blur.mp4,/content/drive/MyDrive/ucf_experiments/ciclo_experimental_1/data/data_crop/train/Robbery057_x264-f62ba5f952_0_hue_adjust_crop.mp4,0
5888,/content/drive/MyDrive/ucf_experiments/ciclo_experimental_1/data/data_blur/train/Fighting049_x264-4560f11da2_0_hue_adjust_blur.mp4,/content/drive/MyDrive/ucf_experiments/ciclo_experimental_1/data/data_crop/train/Fighting049_x264-4560f11da2_0_hue_adjust_crop.mp4,0
5889,/content/drive/MyDrive/ucf_experiments/ciclo_experimental_1/data/data_blur/train/Abuse024_x264-bbcaad622b_0_hue_adjust_blur.mp4,/content/drive/MyDrive/ucf_experiments/ciclo_experimental_1/data/data_crop/train/Abuse024_x264-bbcaad622b_0_hue_adjust_crop.mp4,0
5890,/content/drive/MyDrive/ucf_experiments/ciclo_experimental_1/data/data_blur/train/Abuse014_x264-61bbc50fb5_0_hue_adjust_blur.mp4,/content/drive/MyDrive/ucf_experiments/ciclo_experimental_1/data/data_crop/train/Abuse014_x264-61bbc50fb5_0_hue_adjust_crop.mp4,0
5891,/content/drive/MyDrive/ucf_experiments/ciclo_experimental_1/data/data_blur/train/Robbery046_x264-1b2d83b1dd_1_hue_adjust_blur.mp4,/content/drive/MyDrive/ucf_experiments/ciclo_experimental_1/data/data_crop/train/Robbery046_x264-1b2d83b1dd_1_hue_adjust_crop.mp4,1
5892,/content/drive/MyDrive/ucf_experiments/ciclo_experimental_1/data/data_blur/train/Abuse011_x264-6accfc05fe_1_hue_adjust_blur.mp4,/content/drive/MyDrive/ucf_experiments/ciclo_experimental_1/data/data_crop/train/Abuse011_x264-6accfc05fe_1_hue_adjust_crop.mp4,1
5893,/content/drive/MyDrive/ucf_experiments/ciclo_experimental_1/data/data_blur/train/Fighting035_x264-ce9928bc1d_0_hue_adjust_blur.mp4,/content/drive/MyDrive/ucf_experiments/ciclo_experimental_1/data/data_crop/train/Fighting035_x264-ce9928bc1d_0_hue_adjust_crop.mp4,0
5894,/content/drive/MyDrive/ucf_experiments/ciclo_experimental_1/data/data_blur/train/Robbery009_x264-4a21a126aa_1_hue_adjust_blur.mp4,/content/drive/MyDrive/ucf_experiments/ciclo_experimental_1/data/data_crop/train/Robbery009_x264-4a21a126aa_1_hue_adjust_crop.mp4,1
5895,/content/drive/MyDrive/ucf_experiments/ciclo_experimental_1/data/data_blur/train/Fighting024_x264-a24c46c882_1_hue_adjust_blur.mp4,/content/drive/MyDrive/ucf_experiments/ciclo_experimental_1/data/data_crop/train/Fighting024_x264-a24c46c882_1_hue_adjust_crop.mp4,1
5896,/content/drive/MyDrive/ucf_experiments/ciclo_experimental_1/data/data_blur/train/Fighting036_x264-bbc83f3845_0_hue_adjust_blur.mp4,/content/drive/MyDrive/ucf_experiments/ciclo_experimental_1/data/data_crop/train/Fighting036_x264-bbc83f3845_0_hue_adjust_crop.mp4,0
5897,/content/drive/MyDrive/ucf_experiments/ciclo_experimental_1/data/data_blur/train/Fighting025_x264-07b37d56ca_0_hue_adjust_blur.mp4,/content/drive/MyDrive/ucf_experiments/ciclo_experimental_1/data/data_crop/train/Fighting025_x264-07b37d56ca_0_hue_adjust_crop.mp4,0
5898,/content/drive/MyDrive/ucf_experiments/ciclo_experimental_1/data/data_blur/train/Assault051_x264-f43311e2ce_1_hue_adjust_blur.mp4,/content/drive/MyDrive/ucf_experiments/ciclo_experimental_1/data/data_crop/train/Assault051_x264-f43311e2ce_1_hue_adjust_crop.mp4,1
5899,/content/drive/MyDrive/ucf_experiments/ciclo_experimental_1/data/data_blur/train/Abuse023_x264-9834adb4d8_1_hue_adjust_blur.mp4,/content/drive/MyDrive/ucf_experiments/ciclo_experimental_1/data/data_crop/train/Abuse023_x264-9834adb4d8_1_hue_adjust_crop.mp4,1
5900,/content/drive/MyDrive/ucf_experiments/ciclo_experimental_1/data/data_blur/train/Robbery080_x264-01729cb005_0_hue_adjust_blur.mp4,/content/drive/MyDrive/ucf_experiments/ciclo_experimental_1/data/data_crop/train/Robbery080_x264-01729cb005_0_hue_adjust_crop.mp4,0
5901,/content/drive/MyDrive/ucf_experiments/ciclo_experimental_1/data/data_blur/train/Robbery035_x264-5f91638474_0_hue_adjust_blur.mp4,/content/drive/MyDrive/ucf_experiments/ciclo_experimental_1/data/data_crop/train/Robbery035_x264-5f91638474_0_hue_adjust_crop.mp4,0
5902,/content/drive/MyDrive/ucf_experiments/ciclo_experimental_1/data/data_blur/train/Robbery087_x264-604a662766_1_hue_adjust_blur.mp4,/content/drive/MyDrive/ucf_experiments/ciclo_experimental_1/data/data_crop/train/Robbery087_x264-604a662766_1_hue_adjust_crop.mp4,1
5903,/content/drive/MyDrive/ucf_experiments/ciclo_experimental_1/data/data_blur/train/Robbery078_x264-536c58f642_1_hue_adjust_blur.mp4,/content/drive/MyDrive/ucf_experiments/ciclo_experimental_1/data/data_crop/train/Robbery078_x264-536c58f642_1_hue_adjust_crop.mp4,1
5904,/content/drive/MyDrive/ucf_experiments/ciclo_experimental_1/data/data_blur/train/Fighting016_x264-f92e5174bf_0_hue_adjust_blur.mp4,/content/drive/MyDrive/ucf_experiments/ciclo_experimental_1/data/data_crop/train/Fighting016_x264-f92e5174bf_0_hue_adjust_crop.mp4,0
5905,/content/drive/MyDrive/ucf_experiments/ciclo_experimental_1/data/data_blur/train/Arrest013_x264-e26d415df8_0_hue_adjust_blur.mp4,/content/drive/MyDrive/ucf_experiments/ciclo_experimental_1/data/data_crop/train/Arrest013_x264-e26d415df8_0_hue_adjust_crop.mp4,0
5906,/content/drive/MyDrive/ucf_experiments/ciclo_experimental_1/data/data_blur/train/Abuse017_x264-f74d7c6e2d_1_hue_adjust_blur.mp4,/content/drive/MyDrive/ucf_experiments/ciclo_experimental_1/data/data_crop/train/Abuse017_x264-f74d7c6e2d_1_hue_adjust_crop.mp4,1
5907,/content/drive/MyDrive/ucf_experiments/ciclo_experimental_1/data/data_blur/train/Abuse012_x264-e4a8fffaea_0_hue_adjust_blur.mp4,/content/drive/MyDrive/ucf_experiments/ciclo_experimental_1/data/data_crop/train/Abuse012_x264-e4a8fffaea_0_hue_adjust_crop.mp4,0
5908,/content/drive/MyDrive/ucf_experiments/ciclo_experimental_1/data/data_blur/train/Robbery049_x264-a17275ba68_0_hue_adjust_blur.mp4,/content/drive/MyDrive/ucf_experiments/ciclo_experimental_1/data/data_crop/train/Robbery049_x264-a17275ba68_0_hue_adjust_crop.mp4,0
5909,/content/drive/MyDrive/ucf_experiments/ciclo_experimental_1/data/data_blur/train/Robbery078_x264-658d92cc61_0_hue_adjust_blur.mp4,/content/drive/MyDrive/ucf_experiments/ciclo_experimental_1/data/data_crop/train/Robbery078_x264-658d92cc61_0_hue_adjust_crop.mp4,0
5910,/content/drive/MyDrive/ucf_experiments/ciclo_experimental_1/data/data_blur/train/Assault026_x264-a10feb72c2_0_hue_adjust_blur.mp4,/content/drive/MyDrive/ucf_experiments/ciclo_experimental_1/data/data_crop/train/Assault026_x264-a10feb72c2_0_hue_adjust_crop.mp4,0
5911,/content/drive/MyDrive/ucf_experiments/ciclo_experimental_1/data/data_blur/train/Fighting040_x264-bc42c8082c_0_hue_adjust_blur.mp4,/content/drive/MyDrive/ucf_experiments/ciclo_experimental_1/data/data_crop/train/Fighting040_x264-bc42c8082c_0_hue_adjust_crop.mp4,0
5912,/content/drive/MyDrive/ucf_experiments/ciclo_experimental_1/data/data_blur/train/Assault048_x264-9684194bac_0_hue_adjust_blur.mp4,/content/drive/MyDrive/ucf_experiments/ciclo_experimental_1/data/data_crop/train/Assault048_x264-9684194bac_0_hue_adjust_crop.mp4,0
5913,/content/drive/MyDrive/ucf_experiments/ciclo_experimental_1/data/data_blur/train/Fighting007_x264-30af9857da_1_hue_adjust_blur.mp4,/content/drive/MyDrive/ucf_experiments/ciclo_experimental_1/data/data_crop/train/Fighting007_x264-30af9857da_1_hue_adjust_crop.mp4,1
5914,/content/drive/MyDrive/ucf_experiments/ciclo_experimental_1/data/data_blur/train/Fighting036_x264-7d6c744ed7_1_hue_adjust_blur.mp4,/content/drive/MyDrive/ucf_experiments/ciclo_experimental_1/data/data_crop/train/Fighting036_x264-7d6c744ed7_1_hue_adjust_crop.mp4,1
5915,/content/drive/MyDrive/ucf_experiments/ciclo_experimental_1/data/data_blur/train/Fighting020_x264-2e7976722e_1_hue_adjust_blur.mp4,/content/drive/MyDrive/ucf_experiments/ciclo_experimental_1/data/data_crop/train/Fighting020_x264-2e7976722e_1_hue_adjust_crop.mp4,1
5916,/content/drive/MyDrive/ucf_experiments/ciclo_experimental_1/data/data_blur/train/Assault008_x264-50110bd29e_1_hue_adjust_blur.mp4,/content/drive/MyDrive/ucf_experiments/ciclo_experimental_1/data/data_crop/train/Assault008_x264-50110bd29e_1_hue_adjust_crop.mp4,1
5917,/content/drive/MyDrive/ucf_experiments/ciclo_experimental_1/data/data_blur/train/Fighting049_x264-9ada27cb1f_0_hue_adjust_blur.mp4,/content/drive/MyDrive/ucf_experiments/ciclo_experimental_1/data/data_crop/train/Fighting049_x264-9ada27cb1f_0_hue_adjust_crop.mp4,0
5918,/content/drive/MyDrive/ucf_experiments/ciclo_experimental_1/data/data_blur/train/Arrest008_x264-ecbd346b84_0_hue_adjust_blur.mp4,/content/drive/MyDrive/ucf_experiments/ciclo_experimental_1/data/data_crop/train/Arrest008_x264-ecbd346b84_0_hue_adjust_crop.mp4,0
5919,/content/drive/MyDrive/ucf_experiments/ciclo_experimental_1/data/data_blur/train/Robbery094_x264-62a5429d15_0_hue_adjust_blur.mp4,/content/drive/MyDrive/ucf_experiments/ciclo_experimental_1/data/data_crop/train/Robbery094_x264-62a5429d15_0_hue_adjust_crop.mp4,0
5920,/content/drive/MyDrive/ucf_experiments/ciclo_experimental_1/data/data_blur/train/Abuse024_x264-2bf9baa3b1_1_hue_adjust_blur.mp4,/content/drive/MyDrive/ucf_experiments/ciclo_experimental_1/data/data_crop/train/Abuse024_x264-2bf9baa3b1_1_hue_adjust_crop.mp4,1
5921,/content/drive/MyDrive/ucf_experiments/ciclo_experimental_1/data/data_blur/train/Fighting010_x264-7f1525f705_0_hue_adjust_blur.mp4,/content/drive/MyDrive/ucf_experiments/ciclo_experimental_1/data/data_crop/train/Fighting010_x264-7f1525f705_0_hue_adjust_crop.mp4,0
5922,/content/drive/MyDrive/ucf_experiments/ciclo_experimental_1/data/data_blur/train/Robbery059_x264-4952c22a76_0_hue_adjust_blur.mp4,/content/drive/MyDrive/ucf_experiments/ciclo_experimental_1/data/data_crop/train/Robbery059_x264-4952c22a76_0_hue_adjust_crop.mp4,0
5923,/content/drive/MyDrive/ucf_experiments/ciclo_experimental_1/data/data_blur/train/Robbery037_x264-2fea3f1314_0_hue_adjust_blur.mp4,/content/drive/MyDrive/ucf_experiments/ciclo_experimental_1/data/data_crop/train/Robbery037_x264-2fea3f1314_0_hue_adjust_crop.mp4,0
5924,/content/drive/MyDrive/ucf_experiments/ciclo_experimental_1/data/data_blur/train/Robbery031_x264-0349779bc9_0_hue_adjust_blur.mp4,/content/drive/MyDrive/ucf_experiments/ciclo_experimental_1/data/data_crop/train/Robbery031_x264-0349779bc9_0_hue_adjust_crop.mp4,0
5925,/content/drive/MyDrive/ucf_experiments/ciclo_experimental_1/data/data_blur/train/Assault007_x264-f567054a7a_0_hue_adjust_blur.mp4,/content/drive/MyDrive/ucf_experiments/ciclo_experimental_1/data/data_crop/train/Assault007_x264-f567054a7a_0_hue_adjust_crop.mp4,0
5926,/content/drive/MyDrive/ucf_experiments/ciclo_experimental_1/data/data_blur/train/Fighting049_x264-815f0678bc_1_hue_adjust_blur.mp4,/content/drive/MyDrive/ucf_experiments/ciclo_experimental_1/data/data_crop/train/Fighting049_x264-815f0678bc_1_hue_adjust_crop.mp4,1
5927,/content/drive/MyDrive/ucf_experiments/ciclo_experimental_1/data/data_blur/train/Fighting016_x264-d42fe8f126_1_hue_adjust_blur.mp4,/content/drive/MyDrive/ucf_experiments/ciclo_experimental_1/data/data_crop/train/Fighting016_x264-d42fe8f126_1_hue_adjust_crop.mp4,1
5928,/content/drive/MyDrive/ucf_experiments/ciclo_experimental_1/data/data_blur/train/Robbery060_x264-10f3e0fd01_1_hue_adjust_blur.mp4,/content/drive/MyDrive/ucf_experiments/ciclo_experimental_1/data/data_crop/train/Robbery060_x264-10f3e0fd01_1_hue_adjust_crop.mp4,1
5929,/content/drive/MyDrive/ucf_experiments/ciclo_experimental_1/data/data_blur/train/Robbery032_x264-19a685ffda_1_hue_adjust_blur.mp4,/content/drive/MyDrive/ucf_experiments/ciclo_experimental_1/data/data_crop/train/Robbery032_x264-19a685ffda_1_hue_adjust_crop.mp4,1
5930,/content/drive/MyDrive/ucf_experiments/ciclo_experimental_1/data/data_blur/train/Fighting008_x264-a4f0a4ba45_0_hue_adjust_blur.mp4,/content/drive/MyDrive/ucf_experiments/ciclo_experimental_1/data/data_crop/train/Fighting008_x264-a4f0a4ba45_0_hue_adjust_crop.mp4,0
5931,/content/drive/MyDrive/ucf_experiments/ciclo_experimental_1/data/data_blur/train/Assault046_x264-443bfdccca_1_hue_adjust_blur.mp4,/content/drive/MyDrive/ucf_experiments/ciclo_experimental_1/data/data_crop/train/Assault046_x264-443bfdccca_1_hue_adjust_crop.mp4,1
5932,/content/drive/MyDrive/ucf_experiments/ciclo_experimental_1/data/data_blur/train/Robbery060_x264-1a9a615acb_0_hue_adjust_blur.mp4,/content/drive/MyDrive/ucf_experiments/ciclo_experimental_1/data/data_crop/train/Robbery060_x264-1a9a615acb_0_hue_adjust_crop.mp4,0
5933,/content/drive/MyDrive/ucf_experiments/ciclo_experimental_1/data/data_blur/train/Abuse024_x264-c5a794bc72_1_hue_adjust_blur.mp4,/content/drive/MyDrive/ucf_experiments/ciclo_experimental_1/data/data_crop/train/Abuse024_x264-c5a794bc72_1_hue_adjust_crop.mp4,1
5934,/content/drive/MyDrive/ucf_experiments/ciclo_experimental_1/data/data_blur/train/Arrest011_x264-83d47b4b1b_1_hue_adjust_blur.mp4,/content/drive/MyDrive/ucf_experiments/ciclo_experimental_1/data/data_crop/train/Arrest011_x264-83d47b4b1b_1_hue_adjust_crop.mp4,1
5935,/content/drive/MyDrive/ucf_experiments/ciclo_experimental_1/data/data_blur/train/Fighting032_x264-1263c0ec4c_1_hue_adjust_blur.mp4,/content/drive/MyDrive/ucf_experiments/ciclo_experimental_1/data/data_crop/train/Fighting032_x264-1263c0ec4c_1_hue_adjust_crop.mp4,1
5936,/content/drive/MyDrive/ucf_experiments/ciclo_experimental_1/data/data_blur/train/Assault007_x264-58f8d28899_0_hue_adjust_blur.mp4,/content/drive/MyDrive/ucf_experiments/ciclo_experimental_1/data/data_crop/train/Assault007_x264-58f8d28899_0_hue_adjust_crop.mp4,0
5937,/content/drive/MyDrive/ucf_experiments/ciclo_experimental_1/data/data_blur/train/Assault040_x264-06c3b9c544_0_hue_adjust_blur.mp4,/content/drive/MyDrive/ucf_experiments/ciclo_experimental_1/data/data_crop/train/Assault040_x264-06c3b9c544_0_hue_adjust_crop.mp4,0
5938,/content/drive/MyDrive/ucf_experiments/ciclo_experimental_1/data/data_blur/train/Robbery104_x264-7d71713ada_0_hue_adjust_blur.mp4,/content/drive/MyDrive/ucf_experiments/ciclo_experimental_1/data/data_crop/train/Robbery104_x264-7d71713ada_0_hue_adjust_crop.mp4,0
5939,/content/drive/MyDrive/ucf_experiments/ciclo_experimental_1/data/data_blur/train/Abuse031_x264-b951fc1bd2_0_hue_adjust_blur.mp4,/content/drive/MyDrive/ucf_experiments/ciclo_experimental_1/data/data_crop/train/Abuse031_x264-b951fc1bd2_0_hue_adjust_crop.mp4,0
5940,/content/drive/MyDrive/ucf_experiments/ciclo_experimental_1/data/data_blur/train/Arrest035_x264-e6a0c00b29_1_hue_adjust_blur.mp4,/content/drive/MyDrive/ucf_experiments/ciclo_experimental_1/data/data_crop/train/Arrest035_x264-e6a0c00b29_1_hue_adjust_crop.mp4,1
5941,/content/drive/MyDrive/ucf_experiments/ciclo_experimental_1/data/data_blur/train/Robbery009_x264-1b6d7b31ec_1_hue_adjust_blur.mp4,/content/drive/MyDrive/ucf_experiments/ciclo_experimental_1/data/data_crop/train/Robbery009_x264-1b6d7b31ec_1_hue_adjust_crop.mp4,1
5942,/content/drive/MyDrive/ucf_experiments/ciclo_experimental_1/data/data_blur/train/Arrest041_x264-8ff3f19ea5_1_hue_adjust_blur.mp4,/content/drive/MyDrive/ucf_experiments/ciclo_experimental_1/data/data_crop/train/Arrest041_x264-8ff3f19ea5_1_hue_adjust_crop.mp4,1
5943,/content/drive/MyDrive/ucf_experiments/ciclo_experimental_1/data/data_blur/train/Assault022_x264-df064da829_0_hue_adjust_blur.mp4,/content/drive/MyDrive/ucf_experiments/ciclo_experimental_1/data/data_crop/train/Assault022_x264-df064da829_0_hue_adjust_crop.mp4,0
5944,/content/drive/MyDrive/ucf_experiments/ciclo_experimental_1/data/data_blur/train/Robbery038_x264-2327d1b9a1_1_hue_adjust_blur.mp4,/content/drive/MyDrive/ucf_experiments/ciclo_experimental_1/data/data_crop/train/Robbery038_x264-2327d1b9a1_1_hue_adjust_crop.mp4,1
5945,/content/drive/MyDrive/ucf_experiments/ciclo_experimental_1/data/data_blur/train/Assault026_x264-e1d4c2f2e5_1_hue_adjust_blur.mp4,/content/drive/MyDrive/ucf_experiments/ciclo_experimental_1/data/data_crop/train/Assault026_x264-e1d4c2f2e5_1_hue_adjust_crop.mp4,1
5946,/content/drive/MyDrive/ucf_experiments/ciclo_experimental_1/data/data_blur/train/Assault041_x264-6f9ea93ab0_0_hue_adjust_blur.mp4,/content/drive/MyDrive/ucf_experiments/ciclo_experimental_1/data/data_crop/train/Assault041_x264-6f9ea93ab0_0_hue_adjust_crop.mp4,0
5947,/content/drive/MyDrive/ucf_experiments/ciclo_experimental_1/data/data_blur/train/Fighting013_x264-8130ba9c7a_1_hue_adjust_blur.mp4,/content/drive/MyDrive/ucf_experiments/ciclo_experimental_1/data/data_crop/train/Fighting013_x264-8130ba9c7a_1_hue_adjust_crop.mp4,1
5948,/content/drive/MyDrive/ucf_experiments/ciclo_experimental_1/data/data_blur/train/Abuse013_x264-a34ea0ecf0_0_hue_adjust_blur.mp4,/content/drive/MyDrive/ucf_experiments/ciclo_experimental_1/data/data_crop/train/Abuse013_x264-a34ea0ecf0_0_hue_adjust_crop.mp4,0
5949,/content/drive/MyDrive/ucf_experiments/ciclo_experimental_1/data/data_blur/train/Assault026_x264-0b1b5b34e4_1_hue_adjust_blur.mp4,/content/drive/MyDrive/ucf_experiments/ciclo_experimental_1/data/data_crop/train/Assault026_x264-0b1b5b34e4_1_hue_adjust_crop.mp4,1
5950,/content/drive/MyDrive/ucf_experiments/ciclo_experimental_1/data/data_blur/train/Robbery018_x264-53ad98b434_1_hue_adjust_blur.mp4,/content/drive/MyDrive/ucf_experiments/ciclo_experimental_1/data/data_crop/train/Robbery018_x264-53ad98b434_1_hue_adjust_crop.mp4,1
5951,/content/drive/MyDrive/ucf_experiments/ciclo_experimental_1/data/data_blur/train/Abuse005_x264-392b5d5268_0_hue_adjust_blur.mp4,/content/drive/MyDrive/ucf_experiments/ciclo_experimental_1/data/data_crop/train/Abuse005_x264-392b5d5268_0_hue_adjust_crop.mp4,0
5952,/content/drive/MyDrive/ucf_experiments/ciclo_experimental_1/data/data_blur/train/Assault020_x264-a608a95735_1_hue_adjust_blur.mp4,/content/drive/MyDrive/ucf_experiments/ciclo_experimental_1/data/data_crop/train/Assault020_x264-a608a95735_1_hue_adjust_crop.mp4,1
5953,/content/drive/MyDrive/ucf_experiments/ciclo_experimental_1/data/data_blur/train/Arrest028_x264-e099f06178_0_hue_adjust_blur.mp4,/content/drive/MyDrive/ucf_experiments/ciclo_experimental_1/data/data_crop/train/Arrest028_x264-e099f06178_0_hue_adjust_crop.mp4,0
5954,/content/drive/MyDrive/ucf_experiments/ciclo_experimental_1/data/data_blur/train/Fighting030_x264-d6836a387c_0_hue_adjust_blur.mp4,/content/drive/MyDrive/ucf_experiments/ciclo_experimental_1/data/data_crop/train/Fighting030_x264-d6836a387c_0_hue_adjust_crop.mp4,0
5955,/content/drive/MyDrive/ucf_experiments/ciclo_experimental_1/data/data_blur/train/Robbery003_x264-f2f8d90581_1_hue_adjust_blur.mp4,/content/drive/MyDrive/ucf_experiments/ciclo_experimental_1/data/data_crop/train/Robbery003_x264-f2f8d90581_1_hue_adjust_crop.mp4,1
5956,/content/drive/MyDrive/ucf_experiments/ciclo_experimental_1/data/data_blur/train/Fighting011_x264-61031914d3_0_hue_adjust_blur.mp4,/content/drive/MyDrive/ucf_experiments/ciclo_experimental_1/data/data_crop/train/Fighting011_x264-61031914d3_0_hue_adjust_crop.mp4,0
5957,/content/drive/MyDrive/ucf_experiments/ciclo_experimental_1/data/data_blur/train/Assault018_x264-62ea8b1df3_1_hue_adjust_blur.mp4,/content/drive/MyDrive/ucf_experiments/ciclo_experimental_1/data/data_crop/train/Assault018_x264-62ea8b1df3_1_hue_adjust_crop.mp4,1
5958,/content/drive/MyDrive/ucf_experiments/ciclo_experimental_1/data/data_blur/train/Robbery032_x264-12f0641f82_0_hue_adjust_blur.mp4,/content/drive/MyDrive/ucf_experiments/ciclo_experimental_1/data/data_crop/train/Robbery032_x264-12f0641f82_0_hue_adjust_crop.mp4,0
5959,/content/drive/MyDrive/ucf_experiments/ciclo_experimental_1/data/data_blur/train/Arrest003_x264-a90144fc3d_0_hue_adjust_blur.mp4,/content/drive/MyDrive/ucf_experiments/ciclo_experimental_1/data/data_crop/train/Arrest003_x264-a90144fc3d_0_hue_adjust_crop.mp4,0
5960,/content/drive/MyDrive/ucf_experiments/ciclo_experimental_1/data/data_blur/train/Robbery011_x264-ee15a4e4d8_1_hue_adjust_blur.mp4,/content/drive/MyDrive/ucf_experiments/ciclo_experimental_1/data/data_crop/train/Robbery011_x264-ee15a4e4d8_1_hue_adjust_crop.mp4,1
5961,/content/drive/MyDrive/ucf_experiments/ciclo_experimental_1/data/data_blur/train/Fighting034_x264-082b58013b_1_hue_adjust_blur.mp4,/content/drive/MyDrive/ucf_experiments/ciclo_experimental_1/data/data_crop/train/Fighting034_x264-082b58013b_1_hue_adjust_crop.mp4,1
5962,/content/drive/MyDrive/ucf_experiments/ciclo_experimental_1/data/data_blur/train/Fighting008_x264-d24c955173_0_hue_adjust_blur.mp4,/content/drive/MyDrive/ucf_experiments/ciclo_experimental_1/data/data_crop/train/Fighting008_x264-d24c955173_0_hue_adjust_crop.mp4,0
5963,/content/drive/MyDrive/ucf_experiments/ciclo_experimental_1/data/data_blur/train/Assault003_x264-2732263a93_0_hue_adjust_blur.mp4,/content/drive/MyDrive/ucf_experiments/ciclo_experimental_1/data/data_crop/train/Assault003_x264-2732263a93_0_hue_adjust_crop.mp4,0
5964,/content/drive/MyDrive/ucf_experiments/ciclo_experimental_1/data/data_blur/train/Robbery006_x264-c02fea95cf_1_hue_adjust_blur.mp4,/content/drive/MyDrive/ucf_experiments/ciclo_experimental_1/data/data_crop/train/Robbery006_x264-c02fea95cf_1_hue_adjust_crop.mp4,1
5965,/content/drive/MyDrive/ucf_experiments/ciclo_experimental_1/data/data_blur/train/Assault009_x264-0d46ea6585_1_hue_adjust_blur.mp4,/content/drive/MyDrive/ucf_experiments/ciclo_experimental_1/data/data_crop/train/Assault009_x264-0d46ea6585_1_hue_adjust_crop.mp4,1
5966,/content/drive/MyDrive/ucf_experiments/ciclo_experimental_1/data/data_blur/train/Arrest035_x264-76519d329a_0_hue_adjust_blur.mp4,/content/drive/MyDrive/ucf_experiments/ciclo_experimental_1/data/data_crop/train/Arrest035_x264-76519d329a_0_hue_adjust_crop.mp4,0
5967,/content/drive/MyDrive/ucf_experiments/ciclo_experimental_1/data/data_blur/train/Abuse011_x264-42637edb44_1_hue_adjust_blur.mp4,/content/drive/MyDrive/ucf_experiments/ciclo_experimental_1/data/data_crop/train/Abuse011_x264-42637edb44_1_hue_adjust_crop.mp4,1
5968,/content/drive/MyDrive/ucf_experiments/ciclo_experimental_1/data/data_blur/train/Fighting036_x264-a75242679f_1_hue_adjust_blur.mp4,/content/drive/MyDrive/ucf_experiments/ciclo_experimental_1/data/data_crop/train/Fighting036_x264-a75242679f_1_hue_adjust_crop.mp4,1
5969,/content/drive/MyDrive/ucf_experiments/ciclo_experimental_1/data/data_blur/train/Arrest011_x264-e0a61605bb_1_hue_adjust_blur.mp4,/content/drive/MyDrive/ucf_experiments/ciclo_experimental_1/data/data_crop/train/Arrest011_x264-e0a61605bb_1_hue_adjust_crop.mp4,1
5970,/content/drive/MyDrive/ucf_experiments/ciclo_experimental_1/data/data_blur/train/Assault035_x264-51d7e4e10c_0_hue_adjust_blur.mp4,/content/drive/MyDrive/ucf_experiments/ciclo_experimental_1/data/data_crop/train/Assault035_x264-51d7e4e10c_0_hue_adjust_crop.mp4,0
5971,/content/drive/MyDrive/ucf_experiments/ciclo_experimental_1/data/data_blur/train/Arrest033_x264-6563cd1155_0_hue_adjust_blur.mp4,/content/drive/MyDrive/ucf_experiments/ciclo_experimental_1/data/data_crop/train/Arrest033_x264-6563cd1155_0_hue_adjust_crop.mp4,0
5972,/content/drive/MyDrive/ucf_experiments/ciclo_experimental_1/data/data_blur/train/Robbery093_x264-3d68e6e2e4_0_hue_adjust_blur.mp4,/content/drive/MyDrive/ucf_experiments/ciclo_experimental_1/data/data_crop/train/Robbery093_x264-3d68e6e2e4_0_hue_adjust_crop.mp4,0
5973,/content/drive/MyDrive/ucf_experiments/ciclo_experimental_1/data/data_blur/train/Abuse026_x264-945fc94305_0_hue_adjust_blur.mp4,/content/drive/MyDrive/ucf_experiments/ciclo_experimental_1/data/data_crop/train/Abuse026_x264-945fc94305_0_hue_adjust_crop.mp4,0
5974,/content/drive/MyDrive/ucf_experiments/ciclo_experimental_1/data/data_blur/train/Fighting009_x264-54c9101491_0_hue_adjust_blur.mp4,/content/drive/MyDrive/ucf_experiments/ciclo_experimental_1/data/data_crop/train/Fighting009_x264-54c9101491_0_hue_adjust_crop.mp4,0
5975,/content/drive/MyDrive/ucf_experiments/ciclo_experimental_1/data/data_blur/train/Fighting036_x264-331f898709_1_hue_adjust_blur.mp4,/content/drive/MyDrive/ucf_experiments/ciclo_experimental_1/data/data_crop/train/Fighting036_x264-331f898709_1_hue_adjust_crop.mp4,1
5976,/content/drive/MyDrive/ucf_experiments/ciclo_experimental_1/data/data_blur/train/Robbery071_x264-2e74c91d76_0_hue_adjust_blur.mp4,/content/drive/MyDrive/ucf_experiments/ciclo_experimental_1/data/data_crop/train/Robbery071_x264-2e74c91d76_0_hue_adjust_crop.mp4,0
5977,/content/drive/MyDrive/ucf_experiments/ciclo_experimental_1/data/data_blur/train/Abuse036_x264-9b4ccc0933_0_hue_adjust_blur.mp4,/content/drive/MyDrive/ucf_experiments/ciclo_experimental_1/data/data_crop/train/Abuse036_x264-9b4ccc0933_0_hue_adjust_crop.mp4,0
5978,/content/drive/MyDrive/ucf_experiments/ciclo_experimental_1/data/data_blur/train/Arrest021_x264-61b92681df_1_hue_adjust_blur.mp4,/content/drive/MyDrive/ucf_experiments/ciclo_experimental_1/data/data_crop/train/Arrest021_x264-61b92681df_1_hue_adjust_crop.mp4,1
5979,/content/drive/MyDrive/ucf_experiments/ciclo_experimental_1/data/data_blur/train/Robbery026_x264-02d77041f5_0_hue_adjust_blur.mp4,/content/drive/MyDrive/ucf_experiments/ciclo_experimental_1/data/data_crop/train/Robbery026_x264-02d77041f5_0_hue_adjust_crop.mp4,0
5980,/content/drive/MyDrive/ucf_experiments/ciclo_experimental_1/data/data_blur/train/Robbery003_x264-06decf02e8_1_hue_adjust_blur.mp4,/content/drive/MyDrive/ucf_experiments/ciclo_experimental_1/data/data_crop/train/Robbery003_x264-06decf02e8_1_hue_adjust_crop.mp4,1
5981,/content/drive/MyDrive/ucf_experiments/ciclo_experimental_1/data/data_blur/train/Fighting020_x264-0a64f0ff81_1_hue_adjust_blur.mp4,/content/drive/MyDrive/ucf_experiments/ciclo_experimental_1/data/data_crop/train/Fighting020_x264-0a64f0ff81_1_hue_adjust_crop.mp4,1
5982,/content/drive/MyDrive/ucf_experiments/ciclo_experimental_1/data/data_blur/train/Assault017_x264-b210488e17_1_hue_adjust_blur.mp4,/content/drive/MyDrive/ucf_experiments/ciclo_experimental_1/data/data_crop/train/Assault017_x264-b210488e17_1_hue_adjust_crop.mp4,1
5983,/content/drive/MyDrive/ucf_experiments/ciclo_experimental_1/data/data_blur/train/Fighting006_x264-86eac713b4_0_hue_adjust_blur.mp4,/content/drive/MyDrive/ucf_experiments/ciclo_experimental_1/data/data_crop/train/Fighting006_x264-86eac713b4_0_hue_adjust_crop.mp4,0
5984,/content/drive/MyDrive/ucf_experiments/ciclo_experimental_1/data/data_blur/train/Assault027_x264-719eb16a67_0_hue_adjust_blur.mp4,/content/drive/MyDrive/ucf_experiments/ciclo_experimental_1/data/data_crop/train/Assault027_x264-719eb16a67_0_hue_adjust_crop.mp4,0
5985,/content/drive/MyDrive/ucf_experiments/ciclo_experimental_1/data/data_blur/train/Robbery016_x264-7d117fd34d_1_hue_adjust_blur.mp4,/content/drive/MyDrive/ucf_experiments/ciclo_experimental_1/data/data_crop/train/Robbery016_x264-7d117fd34d_1_hue_adjust_crop.mp4,1
5986,/content/drive/MyDrive/ucf_experiments/ciclo_experimental_1/data/data_blur/train/Assault026_x264-bd3ba49268_1_hue_adjust_blur.mp4,/content/drive/MyDrive/ucf_experiments/ciclo_experimental_1/data/data_crop/train/Assault026_x264-bd3ba49268_1_hue_adjust_crop.mp4,1
5987,/content/drive/MyDrive/ucf_experiments/ciclo_experimental_1/data/data_blur/train/Fighting007_x264-b58169e81f_1_hue_adjust_blur.mp4,/content/drive/MyDrive/ucf_experiments/ciclo_experimental_1/data/data_crop/train/Fighting007_x264-b58169e81f_1_hue_adjust_crop.mp4,1
5988,/content/drive/MyDrive/ucf_experiments/ciclo_experimental_1/data/data_blur/train/Fighting049_x264-35481b3a79_1_hue_adjust_blur.mp4,/content/drive/MyDrive/ucf_experiments/ciclo_experimental_1/data/data_crop/train/Fighting049_x264-35481b3a79_1_hue_adjust_crop.mp4,1
5989,/content/drive/MyDrive/ucf_experiments/ciclo_experimental_1/data/data_blur/train/Assault045_x264-7d70067014_0_hue_adjust_blur.mp4,/content/drive/MyDrive/ucf_experiments/ciclo_experimental_1/data/data_crop/train/Assault045_x264-7d70067014_0_hue_adjust_crop.mp4,0
5990,/content/drive/MyDrive/ucf_experiments/ciclo_experimental_1/data/data_blur/train/Abuse038_x264-fddda7d105_0_hue_adjust_blur.mp4,/content/drive/MyDrive/ucf_experiments/ciclo_experimental_1/data/data_crop/train/Abuse038_x264-fddda7d105_0_hue_adjust_crop.mp4,0
5991,/content/drive/MyDrive/ucf_experiments/ciclo_experimental_1/data/data_blur/train/Robbery023_x264-797b76a7e6_1_hue_adjust_blur.mp4,/content/drive/MyDrive/ucf_experiments/ciclo_experimental_1/data/data_crop/train/Robbery023_x264-797b76a7e6_1_hue_adjust_crop.mp4,1
5992,/content/drive/MyDrive/ucf_experiments/ciclo_experimental_1/data/data_blur/train/Robbery028_x264-4a8ecebbe5_0_hue_adjust_blur.mp4,/content/drive/MyDrive/ucf_experiments/ciclo_experimental_1/data/data_crop/train/Robbery028_x264-4a8ecebbe5_0_hue_adjust_crop.mp4,0
5993,/content/drive/MyDrive/ucf_experiments/ciclo_experimental_1/data/data_blur/train/Fighting021_x264-cebf4ea24a_0_hue_adjust_blur.mp4,/content/drive/MyDrive/ucf_experiments/ciclo_experimental_1/data/data_crop/train/Fighting021_x264-cebf4ea24a_0_hue_adjust_crop.mp4,0
5994,/content/drive/MyDrive/ucf_experiments/ciclo_experimental_1/data/data_blur/train/Abuse046_x264-bd3ea2fe8d_0_hue_adjust_blur.mp4,/content/drive/MyDrive/ucf_experiments/ciclo_experimental_1/data/data_crop/train/Abuse046_x264-bd3ea2fe8d_0_hue_adjust_crop.mp4,0
5995,/content/drive/MyDrive/ucf_experiments/ciclo_experimental_1/data/data_blur/train/Abuse003_x264-8ab01d5f81_1_hue_adjust_blur.mp4,/content/drive/MyDrive/ucf_experiments/ciclo_experimental_1/data/data_crop/train/Abuse003_x264-8ab01d5f81_1_hue_adjust_crop.mp4,1
5996,/content/drive/MyDrive/ucf_experiments/ciclo_experimental_1/data/data_blur/train/Arrest028_x264-19460397b5_0_hue_adjust_blur.mp4,/content/drive/MyDrive/ucf_experiments/ciclo_experimental_1/data/data_crop/train/Arrest028_x264-19460397b5_0_hue_adjust_crop.mp4,0
5997,/content/drive/MyDrive/ucf_experiments/ciclo_experimental_1/data/data_blur/train/Robbery051_x264-9de2607871_0_hue_adjust_blur.mp4,/content/drive/MyDrive/ucf_experiments/ciclo_experimental_1/data/data_crop/train/Robbery051_x264-9de2607871_0_hue_adjust_crop.mp4,0
5998,/content/drive/MyDrive/ucf_experiments/ciclo_experimental_1/data/data_blur/train/Abuse021_x264-ca47c31e3f_0_hue_adjust_blur.mp4,/content/drive/MyDrive/ucf_experiments/ciclo_experimental_1/data/data_crop/train/Abuse021_x264-ca47c31e3f_0_hue_adjust_crop.mp4,0
5999,/content/drive/MyDrive/ucf_experiments/ciclo_experimental_1/data/data_blur/train/Arrest026_x264-a5cde913b8_1_hue_adjust_blur.mp4,/content/drive/MyDrive/ucf_experiments/ciclo_experimental_1/data/data_crop/train/Arrest026_x264-a5cde913b8_1_hue_adjust_crop.mp4,1
6000,/content/drive/MyDrive/ucf_experiments/ciclo_experimental_1/data/data_blur/train/Fighting039_x264-7691a92fde_0_hue_adjust_blur.mp4,/content/drive/MyDrive/ucf_experiments/ciclo_experimental_1/data/data_crop/train/Fighting039_x264-7691a92fde_0_hue_adjust_crop.mp4,0
6001,/content/drive/MyDrive/ucf_experiments/ciclo_experimental_1/data/data_blur/train/Robbery041_x264-0d0f8d8a19_1_hue_adjust_blur.mp4,/content/drive/MyDrive/ucf_experiments/ciclo_experimental_1/data/data_crop/train/Robbery041_x264-0d0f8d8a19_1_hue_adjust_crop.mp4,1
6002,/content/drive/MyDrive/ucf_experiments/ciclo_experimental_1/data/data_blur/train/Robbery023_x264-47dac00e8b_1_hue_adjust_blur.mp4,/content/drive/MyDrive/ucf_experiments/ciclo_experimental_1/data/data_crop/train/Robbery023_x264-47dac00e8b_1_hue_adjust_crop.mp4,1
6003,/content/drive/MyDrive/ucf_experiments/ciclo_experimental_1/data/data_blur/train/Assault019_x264-8702a9def7_1_hue_adjust_blur.mp4,/content/drive/MyDrive/ucf_experiments/ciclo_experimental_1/data/data_crop/train/Assault019_x264-8702a9def7_1_hue_adjust_crop.mp4,1
6004,/content/drive/MyDrive/ucf_experiments/ciclo_experimental_1/data/data_blur/train/Robbery042_x264-f3f4dfb4f1_0_hue_adjust_blur.mp4,/content/drive/MyDrive/ucf_experiments/ciclo_experimental_1/data/data_crop/train/Robbery042_x264-f3f4dfb4f1_0_hue_adjust_crop.mp4,0
6005,/content/drive/MyDrive/ucf_experiments/ciclo_experimental_1/data/data_blur/train/Assault028_x264-e65bc0e5e3_0_hue_adjust_blur.mp4,/content/drive/MyDrive/ucf_experiments/ciclo_experimental_1/data/data_crop/train/Assault028_x264-e65bc0e5e3_0_hue_adjust_crop.mp4,0
6006,/content/drive/MyDrive/ucf_experiments/ciclo_experimental_1/data/data_blur/train/Robbery072_x264-c19eee04b2_0_hue_adjust_blur.mp4,/content/drive/MyDrive/ucf_experiments/ciclo_experimental_1/data/data_crop/train/Robbery072_x264-c19eee04b2_0_hue_adjust_crop.mp4,0
6007,/content/drive/MyDrive/ucf_experiments/ciclo_experimental_1/data/data_blur/train/Fighting025_x264-b65a872d5c_1_hue_adjust_blur.mp4,/content/drive/MyDrive/ucf_experiments/ciclo_experimental_1/data/data_crop/train/Fighting025_x264-b65a872d5c_1_hue_adjust_crop.mp4,1
6008,/content/drive/MyDrive/ucf_experiments/ciclo_experimental_1/data/data_blur/train/Assault052_x264-3378a90f68_1_hue_adjust_blur.mp4,/content/drive/MyDrive/ucf_experiments/ciclo_experimental_1/data/data_crop/train/Assault052_x264-3378a90f68_1_hue_adjust_crop.mp4,1
6009,/content/drive/MyDrive/ucf_experiments/ciclo_experimental_1/data/data_blur/train/Fighting039_x264-ff624a5039_1_hue_adjust_blur.mp4,/content/drive/MyDrive/ucf_experiments/ciclo_experimental_1/data/data_crop/train/Fighting039_x264-ff624a5039_1_hue_adjust_crop.mp4,1
6010,/content/drive/MyDrive/ucf_experiments/ciclo_experimental_1/data/data_blur/train/Assault050_x264-7d0e16751b_1_hue_adjust_blur.mp4,/content/drive/MyDrive/ucf_experiments/ciclo_experimental_1/data/data_crop/train/Assault050_x264-7d0e16751b_1_hue_adjust_crop.mp4,1
6011,/content/drive/MyDrive/ucf_experiments/ciclo_experimental_1/data/data_blur/train/Fighting040_x264-0bea9677f1_1_hue_adjust_blur.mp4,/content/drive/MyDrive/ucf_experiments/ciclo_experimental_1/data/data_crop/train/Fighting040_x264-0bea9677f1_1_hue_adjust_crop.mp4,1
6012,/content/drive/MyDrive/ucf_experiments/ciclo_experimental_1/data/data_blur/train/Arrest020_x264-475878aaa3_0_hue_adjust_blur.mp4,/content/drive/MyDrive/ucf_experiments/ciclo_experimental_1/data/data_crop/train/Arrest020_x264-475878aaa3_0_hue_adjust_crop.mp4,0
6013,/content/drive/MyDrive/ucf_experiments/ciclo_experimental_1/data/data_blur/train/Robbery062_x264-6e6afc4e0f_1_hue_adjust_blur.mp4,/content/drive/MyDrive/ucf_experiments/ciclo_experimental_1/data/data_crop/train/Robbery062_x264-6e6afc4e0f_1_hue_adjust_crop.mp4,1
6014,/content/drive/MyDrive/ucf_experiments/ciclo_experimental_1/data/data_blur/train/Robbery003_x264-d89ccc7ea4_1_hue_adjust_blur.mp4,/content/drive/MyDrive/ucf_experiments/ciclo_experimental_1/data/data_crop/train/Robbery003_x264-d89ccc7ea4_1_hue_adjust_crop.mp4,1
6015,/content/drive/MyDrive/ucf_experiments/ciclo_experimental_1/data/data_blur/train/Assault002_x264-f9277e07dd_0_hue_adjust_blur.mp4,/content/drive/MyDrive/ucf_experiments/ciclo_experimental_1/data/data_crop/train/Assault002_x264-f9277e07dd_0_hue_adjust_crop.mp4,0
6016,/content/drive/MyDrive/ucf_experiments/ciclo_experimental_1/data/data_blur/train/Robbery009_x264-4552d72359_1_hue_adjust_blur.mp4,/content/drive/MyDrive/ucf_experiments/ciclo_experimental_1/data/data_crop/train/Robbery009_x264-4552d72359_1_hue_adjust_crop.mp4,1
6017,/content/drive/MyDrive/ucf_experiments/ciclo_experimental_1/data/data_blur/train/Assault022_x264-cee9db80bd_0_hue_adjust_blur.mp4,/content/drive/MyDrive/ucf_experiments/ciclo_experimental_1/data/data_crop/train/Assault022_x264-cee9db80bd_0_hue_adjust_crop.mp4,0
6018,/content/drive/MyDrive/ucf_experiments/ciclo_experimental_1/data/data_blur/train/Fighting006_x264-1c5a86640a_1_hue_adjust_blur.mp4,/content/drive/MyDrive/ucf_experiments/ciclo_experimental_1/data/data_crop/train/Fighting006_x264-1c5a86640a_1_hue_adjust_crop.mp4,1
6019,/content/drive/MyDrive/ucf_experiments/ciclo_experimental_1/data/data_blur/train/Fighting007_x264-d8653e7ceb_1_hue_adjust_blur.mp4,/content/drive/MyDrive/ucf_experiments/ciclo_experimental_1/data/data_crop/train/Fighting007_x264-d8653e7ceb_1_hue_adjust_crop.mp4,1
6020,/content/drive/MyDrive/ucf_experiments/ciclo_experimental_1/data/data_blur/train/Assault016_x264-68c69eca3f_1_hue_adjust_blur.mp4,/content/drive/MyDrive/ucf_experiments/ciclo_experimental_1/data/data_crop/train/Assault016_x264-68c69eca3f_1_hue_adjust_crop.mp4,1
6021,/content/drive/MyDrive/ucf_experiments/ciclo_experimental_1/data/data_blur/train/Robbery030_x264-730beac3f6_0_hue_adjust_blur.mp4,/content/drive/MyDrive/ucf_experiments/ciclo_experimental_1/data/data_crop/train/Robbery030_x264-730beac3f6_0_hue_adjust_crop.mp4,0
6022,/content/drive/MyDrive/ucf_experiments/ciclo_experimental_1/data/data_blur/train/Robbery096_x264-815141e705_0_hue_adjust_blur.mp4,/content/drive/MyDrive/ucf_experiments/ciclo_experimental_1/data/data_crop/train/Robbery096_x264-815141e705_0_hue_adjust_crop.mp4,0
6023,/content/drive/MyDrive/ucf_experiments/ciclo_experimental_1/data/data_blur/train/Arrest003_x264-7454260e7f_1_hue_adjust_blur.mp4,/content/drive/MyDrive/ucf_experiments/ciclo_experimental_1/data/data_crop/train/Arrest003_x264-7454260e7f_1_hue_adjust_crop.mp4,1
6024,/content/drive/MyDrive/ucf_experiments/ciclo_experimental_1/data/data_blur/train/Fighting009_x264-261e90a722_1_hue_adjust_blur.mp4,/content/drive/MyDrive/ucf_experiments/ciclo_experimental_1/data/data_crop/train/Fighting009_x264-261e90a722_1_hue_adjust_crop.mp4,1
6025,/content/drive/MyDrive/ucf_experiments/ciclo_experimental_1/data/data_blur/train/Assault050_x264-c9a6a27fed_1_hue_adjust_blur.mp4,/content/drive/MyDrive/ucf_experiments/ciclo_experimental_1/data/data_crop/train/Assault050_x264-c9a6a27fed_1_hue_adjust_crop.mp4,1
6026,/content/drive/MyDrive/ucf_experiments/ciclo_experimental_1/data/data_blur/train/Robbery053_x264-e0560abc20_0_hue_adjust_blur.mp4,/content/drive/MyDrive/ucf_experiments/ciclo_experimental_1/data/data_crop/train/Robbery053_x264-e0560abc20_0_hue_adjust_crop.mp4,0
6027,/content/drive/MyDrive/ucf_experiments/ciclo_experimental_1/data/data_blur/train/Robbery009_x264-c2534140ac_0_hue_adjust_blur.mp4,/content/drive/MyDrive/ucf_experiments/ciclo_experimental_1/data/data_crop/train/Robbery009_x264-c2534140ac_0_hue_adjust_crop.mp4,0
6028,/content/drive/MyDrive/ucf_experiments/ciclo_experimental_1/data/data_blur/train/Robbery026_x264-e40a1d9580_0_hue_adjust_blur.mp4,/content/drive/MyDrive/ucf_experiments/ciclo_experimental_1/data/data_crop/train/Robbery026_x264-e40a1d9580_0_hue_adjust_crop.mp4,0
6029,/content/drive/MyDrive/ucf_experiments/ciclo_experimental_1/data/data_blur/train/Robbery058_x264-a62e66382d_1_hue_adjust_blur.mp4,/content/drive/MyDrive/ucf_experiments/ciclo_experimental_1/data/data_crop/train/Robbery058_x264-a62e66382d_1_hue_adjust_crop.mp4,1
6030,/content/drive/MyDrive/ucf_experiments/ciclo_experimental_1/data/data_blur/train/Assault025_x264-062aae8772_0_hue_adjust_blur.mp4,/content/drive/MyDrive/ucf_experiments/ciclo_experimental_1/data/data_crop/train/Assault025_x264-062aae8772_0_hue_adjust_crop.mp4,0
6031,/content/drive/MyDrive/ucf_experiments/ciclo_experimental_1/data/data_blur/train/Arrest021_x264-de3ddf2b7d_1_hue_adjust_blur.mp4,/content/drive/MyDrive/ucf_experiments/ciclo_experimental_1/data/data_crop/train/Arrest021_x264-de3ddf2b7d_1_hue_adjust_crop.mp4,1
6032,/content/drive/MyDrive/ucf_experiments/ciclo_experimental_1/data/data_blur/train/Robbery033_x264-2b6061e7ac_1_hue_adjust_blur.mp4,/content/drive/MyDrive/ucf_experiments/ciclo_experimental_1/data/data_crop/train/Robbery033_x264-2b6061e7ac_1_hue_adjust_crop.mp4,1
6033,/content/drive/MyDrive/ucf_experiments/ciclo_experimental_1/data/data_blur/train/Fighting016_x264-249cb2d94b_1_hue_adjust_blur.mp4,/content/drive/MyDrive/ucf_experiments/ciclo_experimental_1/data/data_crop/train/Fighting016_x264-249cb2d94b_1_hue_adjust_crop.mp4,1
6034,/content/drive/MyDrive/ucf_experiments/ciclo_experimental_1/data/data_blur/train/Abuse011_x264-589b85be3d_1_hue_adjust_blur.mp4,/content/drive/MyDrive/ucf_experiments/ciclo_experimental_1/data/data_crop/train/Abuse011_x264-589b85be3d_1_hue_adjust_crop.mp4,1
6035,/content/drive/MyDrive/ucf_experiments/ciclo_experimental_1/data/data_blur/train/Arrest017_x264-061cebf537_0_hue_adjust_blur.mp4,/content/drive/MyDrive/ucf_experiments/ciclo_experimental_1/data/data_crop/train/Arrest017_x264-061cebf537_0_hue_adjust_crop.mp4,0
6036,/content/drive/MyDrive/ucf_experiments/ciclo_experimental_1/data/data_blur/train/Arrest005_x264-40a3095d7f_1_hue_adjust_blur.mp4,/content/drive/MyDrive/ucf_experiments/ciclo_experimental_1/data/data_crop/train/Arrest005_x264-40a3095d7f_1_hue_adjust_crop.mp4,1
6037,/content/drive/MyDrive/ucf_experiments/ciclo_experimental_1/data/data_blur/train/Arrest013_x264-892b4ed2e2_0_hue_adjust_blur.mp4,/content/drive/MyDrive/ucf_experiments/ciclo_experimental_1/data/data_crop/train/Arrest013_x264-892b4ed2e2_0_hue_adjust_crop.mp4,0
6038,/content/drive/MyDrive/ucf_experiments/ciclo_experimental_1/data/data_blur/train/Abuse009_x264-eb9aa132a6_1_hue_adjust_blur.mp4,/content/drive/MyDrive/ucf_experiments/ciclo_experimental_1/data/data_crop/train/Abuse009_x264-eb9aa132a6_1_hue_adjust_crop.mp4,1
6039,/content/drive/MyDrive/ucf_experiments/ciclo_experimental_1/data/data_blur/train/Fighting025_x264-9efaa48c38_0_hue_adjust_blur.mp4,/content/drive/MyDrive/ucf_experiments/ciclo_experimental_1/data/data_crop/train/Fighting025_x264-9efaa48c38_0_hue_adjust_crop.mp4,0
6040,/content/drive/MyDrive/ucf_experiments/ciclo_experimental_1/data/data_blur/train/Abuse006_x264-5daf1f3d52_1_hue_adjust_blur.mp4,/content/drive/MyDrive/ucf_experiments/ciclo_experimental_1/data/data_crop/train/Abuse006_x264-5daf1f3d52_1_hue_adjust_crop.mp4,1
6041,/content/drive/MyDrive/ucf_experiments/ciclo_experimental_1/data/data_blur/train/Abuse036_x264-02e130939b_0_hue_adjust_blur.mp4,/content/drive/MyDrive/ucf_experiments/ciclo_experimental_1/data/data_crop/train/Abuse036_x264-02e130939b_0_hue_adjust_crop.mp4,0
6042,/content/drive/MyDrive/ucf_experiments/ciclo_experimental_1/data/data_blur/train/Abuse026_x264-cb11159b12_1_hue_adjust_blur.mp4,/content/drive/MyDrive/ucf_experiments/ciclo_experimental_1/data/data_crop/train/Abuse026_x264-cb11159b12_1_hue_adjust_crop.mp4,1
6043,/content/drive/MyDrive/ucf_experiments/ciclo_experimental_1/data/data_blur/train/Robbery008_x264-d29693f634_1_hue_adjust_blur.mp4,/content/drive/MyDrive/ucf_experiments/ciclo_experimental_1/data/data_crop/train/Robbery008_x264-d29693f634_1_hue_adjust_crop.mp4,1
6044,/content/drive/MyDrive/ucf_experiments/ciclo_experimental_1/data/data_blur/train/Robbery053_x264-e04c207774_0_hue_adjust_blur.mp4,/content/drive/MyDrive/ucf_experiments/ciclo_experimental_1/data/data_crop/train/Robbery053_x264-e04c207774_0_hue_adjust_crop.mp4,0
6045,/content/drive/MyDrive/ucf_experiments/ciclo_experimental_1/data/data_blur/train/Assault001_x264-3c61c10052_0_hue_adjust_blur.mp4,/content/drive/MyDrive/ucf_experiments/ciclo_experimental_1/data/data_crop/train/Assault001_x264-3c61c10052_0_hue_adjust_crop.mp4,0
6046,/content/drive/MyDrive/ucf_experiments/ciclo_experimental_1/data/data_blur/train/Assault017_x264-d22004dc98_1_hue_adjust_blur.mp4,/content/drive/MyDrive/ucf_experiments/ciclo_experimental_1/data/data_crop/train/Assault017_x264-d22004dc98_1_hue_adjust_crop.mp4,1
6047,/content/drive/MyDrive/ucf_experiments/ciclo_experimental_1/data/data_blur/train/Abuse046_x264-6b07f8fca4_0_hue_adjust_blur.mp4,/content/drive/MyDrive/ucf_experiments/ciclo_experimental_1/data/data_crop/train/Abuse046_x264-6b07f8fca4_0_hue_adjust_crop.mp4,0
6048,/content/drive/MyDrive/ucf_experiments/ciclo_experimental_1/data/data_blur/train/Fighting038_x264-d93ccbf625_0_hue_adjust_blur.mp4,/content/drive/MyDrive/ucf_experiments/ciclo_experimental_1/data/data_crop/train/Fighting038_x264-d93ccbf625_0_hue_adjust_crop.mp4,0
6049,/content/drive/MyDrive/ucf_experiments/ciclo_experimental_1/data/data_blur/train/Arrest028_x264-1a61b9a531_0_hue_adjust_blur.mp4,/content/drive/MyDrive/ucf_experiments/ciclo_experimental_1/data/data_crop/train/Arrest028_x264-1a61b9a531_0_hue_adjust_crop.mp4,0
6050,/content/drive/MyDrive/ucf_experiments/ciclo_experimental_1/data/data_blur/train/Robbery009_x264-db43f10e26_1_hue_adjust_blur.mp4,/content/drive/MyDrive/ucf_experiments/ciclo_experimental_1/data/data_crop/train/Robbery009_x264-db43f10e26_1_hue_adjust_crop.mp4,1
6051,/content/drive/MyDrive/ucf_experiments/ciclo_experimental_1/data/data_blur/train/Abuse045_x264-0a2788d24c_1_hue_adjust_blur.mp4,/content/drive/MyDrive/ucf_experiments/ciclo_experimental_1/data/data_crop/train/Abuse045_x264-0a2788d24c_1_hue_adjust_crop.mp4,1
6052,/content/drive/MyDrive/ucf_experiments/ciclo_experimental_1/data/data_blur/train/Assault030_x264-a48b575d70_1_hue_adjust_blur.mp4,/content/drive/MyDrive/ucf_experiments/ciclo_experimental_1/data/data_crop/train/Assault030_x264-a48b575d70_1_hue_adjust_crop.mp4,1
6053,/content/drive/MyDrive/ucf_experiments/ciclo_experimental_1/data/data_blur/train/Fighting040_x264-9c161f5e4a_0_hue_adjust_blur.mp4,/content/drive/MyDrive/ucf_experiments/ciclo_experimental_1/data/data_crop/train/Fighting040_x264-9c161f5e4a_0_hue_adjust_crop.mp4,0
6054,/content/drive/MyDrive/ucf_experiments/ciclo_experimental_1/data/data_blur/train/Arrest005_x264-54520f829a_1_hue_adjust_blur.mp4,/content/drive/MyDrive/ucf_experiments/ciclo_experimental_1/data/data_crop/train/Arrest005_x264-54520f829a_1_hue_adjust_crop.mp4,1
6055,/content/drive/MyDrive/ucf_experiments/ciclo_experimental_1/data/data_blur/train/Abuse042_x264-f5d2c2b575_0_hue_adjust_blur.mp4,/content/drive/MyDrive/ucf_experiments/ciclo_experimental_1/data/data_crop/train/Abuse042_x264-f5d2c2b575_0_hue_adjust_crop.mp4,0
6056,/content/drive/MyDrive/ucf_experiments/ciclo_experimental_1/data/data_blur/train/Abuse016_x264-30b7b7087b_1_hue_adjust_blur.mp4,/content/drive/MyDrive/ucf_experiments/ciclo_experimental_1/data/data_crop/train/Abuse016_x264-30b7b7087b_1_hue_adjust_crop.mp4,1
6057,/content/drive/MyDrive/ucf_experiments/ciclo_experimental_1/data/data_blur/train/Robbery020_x264-1c4bf728fa_0_hue_adjust_blur.mp4,/content/drive/MyDrive/ucf_experiments/ciclo_experimental_1/data/data_crop/train/Robbery020_x264-1c4bf728fa_0_hue_adjust_crop.mp4,0
6058,/content/drive/MyDrive/ucf_experiments/ciclo_experimental_1/data/data_blur/train/Fighting034_x264-ad7ae439fd_0_hue_adjust_blur.mp4,/content/drive/MyDrive/ucf_experiments/ciclo_experimental_1/data/data_crop/train/Fighting034_x264-ad7ae439fd_0_hue_adjust_crop.mp4,0
6059,/content/drive/MyDrive/ucf_experiments/ciclo_experimental_1/data/data_blur/train/Assault007_x264-fa8f2f87f5_1_hue_adjust_blur.mp4,/content/drive/MyDrive/ucf_experiments/ciclo_experimental_1/data/data_crop/train/Assault007_x264-fa8f2f87f5_1_hue_adjust_crop.mp4,1
6060,/content/drive/MyDrive/ucf_experiments/ciclo_experimental_1/data/data_blur/train/Abuse049_x264-b66851599a_0_hue_adjust_blur.mp4,/content/drive/MyDrive/ucf_experiments/ciclo_experimental_1/data/data_crop/train/Abuse049_x264-b66851599a_0_hue_adjust_crop.mp4,0
6061,/content/drive/MyDrive/ucf_experiments/ciclo_experimental_1/data/data_blur/train/Arrest029_x264-4170896cd0_0_hue_adjust_blur.mp4,/content/drive/MyDrive/ucf_experiments/ciclo_experimental_1/data/data_crop/train/Arrest029_x264-4170896cd0_0_hue_adjust_crop.mp4,0
6062,/content/drive/MyDrive/ucf_experiments/ciclo_experimental_1/data/data_blur/train/Robbery043_x264-0574318add_1_hue_adjust_blur.mp4,/content/drive/MyDrive/ucf_experiments/ciclo_experimental_1/data/data_crop/train/Robbery043_x264-0574318add_1_hue_adjust_crop.mp4,1
6063,/content/drive/MyDrive/ucf_experiments/ciclo_experimental_1/data/data_blur/train/Abuse005_x264-c45d76bf70_0_hue_adjust_blur.mp4,/content/drive/MyDrive/ucf_experiments/ciclo_experimental_1/data/data_crop/train/Abuse005_x264-c45d76bf70_0_hue_adjust_crop.mp4,0
6064,/content/drive/MyDrive/ucf_experiments/ciclo_experimental_1/data/data_blur/train/Robbery056_x264-df1233b565_1_hue_adjust_blur.mp4,/content/drive/MyDrive/ucf_experiments/ciclo_experimental_1/data/data_crop/train/Robbery056_x264-df1233b565_1_hue_adjust_crop.mp4,1
6065,/content/drive/MyDrive/ucf_experiments/ciclo_experimental_1/data/data_blur/train/Abuse008_x264-7567cfefb3_1_hue_adjust_blur.mp4,/content/drive/MyDrive/ucf_experiments/ciclo_experimental_1/data/data_crop/train/Abuse008_x264-7567cfefb3_1_hue_adjust_crop.mp4,1
6066,/content/drive/MyDrive/ucf_experiments/ciclo_experimental_1/data/data_blur/train/Robbery038_x264-82a0035758_1_hue_adjust_blur.mp4,/content/drive/MyDrive/ucf_experiments/ciclo_experimental_1/data/data_crop/train/Robbery038_x264-82a0035758_1_hue_adjust_crop.mp4,1
6067,/content/drive/MyDrive/ucf_experiments/ciclo_experimental_1/data/data_blur/train/Robbery006_x264-8201c470b2_1_hue_adjust_blur.mp4,/content/drive/MyDrive/ucf_experiments/ciclo_experimental_1/data/data_crop/train/Robbery006_x264-8201c470b2_1_hue_adjust_crop.mp4,1
6068,/content/drive/MyDrive/ucf_experiments/ciclo_experimental_1/data/data_blur/train/Arrest028_x264-dbb5959431_1_hue_adjust_blur.mp4,/content/drive/MyDrive/ucf_experiments/ciclo_experimental_1/data/data_crop/train/Arrest028_x264-dbb5959431_1_hue_adjust_crop.mp4,1
6069,/content/drive/MyDrive/ucf_experiments/ciclo_experimental_1/data/data_blur/train/Fighting024_x264-253576b36e_1_hue_adjust_blur.mp4,/content/drive/MyDrive/ucf_experiments/ciclo_experimental_1/data/data_crop/train/Fighting024_x264-253576b36e_1_hue_adjust_crop.mp4,1
6070,/content/drive/MyDrive/ucf_experiments/ciclo_experimental_1/data/data_blur/train/Fighting026_x264-a85a0d75ee_1_hue_adjust_blur.mp4,/content/drive/MyDrive/ucf_experiments/ciclo_experimental_1/data/data_crop/train/Fighting026_x264-a85a0d75ee_1_hue_adjust_crop.mp4,1
6071,/content/drive/MyDrive/ucf_experiments/ciclo_experimental_1/data/data_blur/train/Robbery035_x264-a401f2db08_0_hue_adjust_blur.mp4,/content/drive/MyDrive/ucf_experiments/ciclo_experimental_1/data/data_crop/train/Robbery035_x264-a401f2db08_0_hue_adjust_crop.mp4,0
6072,/content/drive/MyDrive/ucf_experiments/ciclo_experimental_1/data/data_blur/train/Robbery058_x264-9e783ed555_1_hue_adjust_blur.mp4,/content/drive/MyDrive/ucf_experiments/ciclo_experimental_1/data/data_crop/train/Robbery058_x264-9e783ed555_1_hue_adjust_crop.mp4,1
6073,/content/drive/MyDrive/ucf_experiments/ciclo_experimental_1/data/data_blur/train/Robbery100_x264-ec7516efee_1_hue_adjust_blur.mp4,/content/drive/MyDrive/ucf_experiments/ciclo_experimental_1/data/data_crop/train/Robbery100_x264-ec7516efee_1_hue_adjust_crop.mp4,1
6074,/content/drive/MyDrive/ucf_experiments/ciclo_experimental_1/data/data_blur/train/Assault049_x264-be990714b9_0_hue_adjust_blur.mp4,/content/drive/MyDrive/ucf_experiments/ciclo_experimental_1/data/data_crop/train/Assault049_x264-be990714b9_0_hue_adjust_crop.mp4,0
6075,/content/drive/MyDrive/ucf_experiments/ciclo_experimental_1/data/data_blur/train/Fighting011_x264-6f83b21022_0_hue_adjust_blur.mp4,/content/drive/MyDrive/ucf_experiments/ciclo_experimental_1/data/data_crop/train/Fighting011_x264-6f83b21022_0_hue_adjust_crop.mp4,0
6076,/content/drive/MyDrive/ucf_experiments/ciclo_experimental_1/data/data_blur/train/Robbery095_x264-4769250bbe_0_hue_adjust_blur.mp4,/content/drive/MyDrive/ucf_experiments/ciclo_experimental_1/data/data_crop/train/Robbery095_x264-4769250bbe_0_hue_adjust_crop.mp4,0
6077,/content/drive/MyDrive/ucf_experiments/ciclo_experimental_1/data/data_blur/train/Abuse022_x264-5f7a9c1c6b_0_hue_adjust_blur.mp4,/content/drive/MyDrive/ucf_experiments/ciclo_experimental_1/data/data_crop/train/Abuse022_x264-5f7a9c1c6b_0_hue_adjust_crop.mp4,0
6078,/content/drive/MyDrive/ucf_experiments/ciclo_experimental_1/data/data_blur/train/Abuse043_x264-b73b85eff3_1_hue_adjust_blur.mp4,/content/drive/MyDrive/ucf_experiments/ciclo_experimental_1/data/data_crop/train/Abuse043_x264-b73b85eff3_1_hue_adjust_crop.mp4,1
6079,/content/drive/MyDrive/ucf_experiments/ciclo_experimental_1/data/data_blur/train/Abuse024_x264-abae0c67e7_1_hue_adjust_blur.mp4,/content/drive/MyDrive/ucf_experiments/ciclo_experimental_1/data/data_crop/train/Abuse024_x264-abae0c67e7_1_hue_adjust_crop.mp4,1
6080,/content/drive/MyDrive/ucf_experiments/ciclo_experimental_1/data/data_blur/train/Assault040_x264-246277b998_0_hue_adjust_blur.mp4,/content/drive/MyDrive/ucf_experiments/ciclo_experimental_1/data/data_crop/train/Assault040_x264-246277b998_0_hue_adjust_crop.mp4,0
6081,/content/drive/MyDrive/ucf_experiments/ciclo_experimental_1/data/data_blur/train/Arrest032_x264-dc8a8a31e0_0_hue_adjust_blur.mp4,/content/drive/MyDrive/ucf_experiments/ciclo_experimental_1/data/data_crop/train/Arrest032_x264-dc8a8a31e0_0_hue_adjust_crop.mp4,0
6082,/content/drive/MyDrive/ucf_experiments/ciclo_experimental_1/data/data_blur/train/Abuse011_x264-c383768d64_1_hue_adjust_blur.mp4,/content/drive/MyDrive/ucf_experiments/ciclo_experimental_1/data/data_crop/train/Abuse011_x264-c383768d64_1_hue_adjust_crop.mp4,1
6083,/content/drive/MyDrive/ucf_experiments/ciclo_experimental_1/data/data_blur/train/Fighting011_x264-bcefcac8e0_1_hue_adjust_blur.mp4,/content/drive/MyDrive/ucf_experiments/ciclo_experimental_1/data/data_crop/train/Fighting011_x264-bcefcac8e0_1_hue_adjust_crop.mp4,1
6084,/content/drive/MyDrive/ucf_experiments/ciclo_experimental_1/data/data_blur/train/Arrest003_x264-f71193dcdf_1_hue_adjust_blur.mp4,/content/drive/MyDrive/ucf_experiments/ciclo_experimental_1/data/data_crop/train/Arrest003_x264-f71193dcdf_1_hue_adjust_crop.mp4,1
6085,/content/drive/MyDrive/ucf_experiments/ciclo_experimental_1/data/data_blur/train/Assault040_x264-5181489075_0_hue_adjust_blur.mp4,/content/drive/MyDrive/ucf_experiments/ciclo_experimental_1/data/data_crop/train/Assault040_x264-5181489075_0_hue_adjust_crop.mp4,0
6086,/content/drive/MyDrive/ucf_experiments/ciclo_experimental_1/data/data_blur/train/Assault008_x264-dbd6e25d4d_1_hue_adjust_blur.mp4,/content/drive/MyDrive/ucf_experiments/ciclo_experimental_1/data/data_crop/train/Assault008_x264-dbd6e25d4d_1_hue_adjust_crop.mp4,1
6087,/content/drive/MyDrive/ucf_experiments/ciclo_experimental_1/data/data_blur/train/Robbery033_x264-d1c18ab285_1_hue_adjust_blur.mp4,/content/drive/MyDrive/ucf_experiments/ciclo_experimental_1/data/data_crop/train/Robbery033_x264-d1c18ab285_1_hue_adjust_crop.mp4,1
6088,/content/drive/MyDrive/ucf_experiments/ciclo_experimental_1/data/data_blur/train/Abuse019_x264-1ed901e6bd_0_hue_adjust_blur.mp4,/content/drive/MyDrive/ucf_experiments/ciclo_experimental_1/data/data_crop/train/Abuse019_x264-1ed901e6bd_0_hue_adjust_crop.mp4,0
6089,/content/drive/MyDrive/ucf_experiments/ciclo_experimental_1/data/data_blur/train/Fighting007_x264-ba544143c4_1_hue_adjust_blur.mp4,/content/drive/MyDrive/ucf_experiments/ciclo_experimental_1/data/data_crop/train/Fighting007_x264-ba544143c4_1_hue_adjust_crop.mp4,1
6090,/content/drive/MyDrive/ucf_experiments/ciclo_experimental_1/data/data_blur/train/Arrest008_x264-04399e7e1c_0_hue_adjust_blur.mp4,/content/drive/MyDrive/ucf_experiments/ciclo_experimental_1/data/data_crop/train/Arrest008_x264-04399e7e1c_0_hue_adjust_crop.mp4,0
6091,/content/drive/MyDrive/ucf_experiments/ciclo_experimental_1/data/data_blur/train/Assault015_x264-d340072b8a_1_hue_adjust_blur.mp4,/content/drive/MyDrive/ucf_experiments/ciclo_experimental_1/data/data_crop/train/Assault015_x264-d340072b8a_1_hue_adjust_crop.mp4,1
6092,/content/drive/MyDrive/ucf_experiments/ciclo_experimental_1/data/data_blur/train/Robbery026_x264-c2b6af653b_1_hue_adjust_blur.mp4,/content/drive/MyDrive/ucf_experiments/ciclo_experimental_1/data/data_crop/train/Robbery026_x264-c2b6af653b_1_hue_adjust_crop.mp4,1
6093,/content/drive/MyDrive/ucf_experiments/ciclo_experimental_1/data/data_blur/train/Arrest048_x264-049704314a_1_hue_adjust_blur.mp4,/content/drive/MyDrive/ucf_experiments/ciclo_experimental_1/data/data_crop/train/Arrest048_x264-049704314a_1_hue_adjust_crop.mp4,1
6094,/content/drive/MyDrive/ucf_experiments/ciclo_experimental_1/data/data_blur/train/Robbery067_x264-bc22055241_0_hue_adjust_blur.mp4,/content/drive/MyDrive/ucf_experiments/ciclo_experimental_1/data/data_crop/train/Robbery067_x264-bc22055241_0_hue_adjust_crop.mp4,0
6095,/content/drive/MyDrive/ucf_experiments/ciclo_experimental_1/data/data_blur/train/Assault051_x264-326da721a6_1_hue_adjust_blur.mp4,/content/drive/MyDrive/ucf_experiments/ciclo_experimental_1/data/data_crop/train/Assault051_x264-326da721a6_1_hue_adjust_crop.mp4,1
6096,/content/drive/MyDrive/ucf_experiments/ciclo_experimental_1/data/data_blur/train/Robbery020_x264-ad5a3e5cfa_0_hue_adjust_blur.mp4,/content/drive/MyDrive/ucf_experiments/ciclo_experimental_1/data/data_crop/train/Robbery020_x264-ad5a3e5cfa_0_hue_adjust_crop.mp4,0
6097,/content/drive/MyDrive/ucf_experiments/ciclo_experimental_1/data/data_blur/train/Fighting035_x264-96b23038f7_0_hue_adjust_blur.mp4,/content/drive/MyDrive/ucf_experiments/ciclo_experimental_1/data/data_crop/train/Fighting035_x264-96b23038f7_0_hue_adjust_crop.mp4,0
6098,/content/drive/MyDrive/ucf_experiments/ciclo_experimental_1/data/data_blur/train/Assault036_x264-5a8905f9fe_1_hue_adjust_blur.mp4,/content/drive/MyDrive/ucf_experiments/ciclo_experimental_1/data/data_crop/train/Assault036_x264-5a8905f9fe_1_hue_adjust_crop.mp4,1
6099,/content/drive/MyDrive/ucf_experiments/ciclo_experimental_1/data/data_blur/train/Robbery105_x264-1114bb179a_0_hue_adjust_blur.mp4,/content/drive/MyDrive/ucf_experiments/ciclo_experimental_1/data/data_crop/train/Robbery105_x264-1114bb179a_0_hue_adjust_crop.mp4,0
6100,/content/drive/MyDrive/ucf_experiments/ciclo_experimental_1/data/data_blur/train/Abuse043_x264-c4460eb918_1_hue_adjust_blur.mp4,/content/drive/MyDrive/ucf_experiments/ciclo_experimental_1/data/data_crop/train/Abuse043_x264-c4460eb918_1_hue_adjust_crop.mp4,1
6101,/content/drive/MyDrive/ucf_experiments/ciclo_experimental_1/data/data_blur/train/Arrest038_x264-a69df05e19_1_hue_adjust_blur.mp4,/content/drive/MyDrive/ucf_experiments/ciclo_experimental_1/data/data_crop/train/Arrest038_x264-a69df05e19_1_hue_adjust_crop.mp4,1
6102,/content/drive/MyDrive/ucf_experiments/ciclo_experimental_1/data/data_blur/train/Abuse032_x264-0b9dc64d63_0_hue_adjust_blur.mp4,/content/drive/MyDrive/ucf_experiments/ciclo_experimental_1/data/data_crop/train/Abuse032_x264-0b9dc64d63_0_hue_adjust_crop.mp4,0
6103,/content/drive/MyDrive/ucf_experiments/ciclo_experimental_1/data/data_blur/train/Arrest005_x264-84882fc450_1_hue_adjust_blur.mp4,/content/drive/MyDrive/ucf_experiments/ciclo_experimental_1/data/data_crop/train/Arrest005_x264-84882fc450_1_hue_adjust_crop.mp4,1
6104,/content/drive/MyDrive/ucf_experiments/ciclo_experimental_1/data/data_blur/train/Robbery067_x264-7d37cf80ce_0_hue_adjust_blur.mp4,/content/drive/MyDrive/ucf_experiments/ciclo_experimental_1/data/data_crop/train/Robbery067_x264-7d37cf80ce_0_hue_adjust_crop.mp4,0
6105,/content/drive/MyDrive/ucf_experiments/ciclo_experimental_1/data/data_blur/train/Assault044_x264-939266e7ac_0_hue_adjust_blur.mp4,/content/drive/MyDrive/ucf_experiments/ciclo_experimental_1/data/data_crop/train/Assault044_x264-939266e7ac_0_hue_adjust_crop.mp4,0
6106,/content/drive/MyDrive/ucf_experiments/ciclo_experimental_1/data/data_blur/train/Fighting006_x264-081aa41f46_1_hue_adjust_blur.mp4,/content/drive/MyDrive/ucf_experiments/ciclo_experimental_1/data/data_crop/train/Fighting006_x264-081aa41f46_1_hue_adjust_crop.mp4,1
6107,/content/drive/MyDrive/ucf_experiments/ciclo_experimental_1/data/data_blur/train/Fighting036_x264-87aa3bedd3_1_hue_adjust_blur.mp4,/content/drive/MyDrive/ucf_experiments/ciclo_experimental_1/data/data_crop/train/Fighting036_x264-87aa3bedd3_1_hue_adjust_crop.mp4,1
6108,/content/drive/MyDrive/ucf_experiments/ciclo_experimental_1/data/data_blur/train/Assault007_x264-1293c98407_0_hue_adjust_blur.mp4,/content/drive/MyDrive/ucf_experiments/ciclo_experimental_1/data/data_crop/train/Assault007_x264-1293c98407_0_hue_adjust_crop.mp4,0
6109,/content/drive/MyDrive/ucf_experiments/ciclo_experimental_1/data/data_blur/train/Robbery062_x264-471d61e05e_0_hue_adjust_blur.mp4,/content/drive/MyDrive/ucf_experiments/ciclo_experimental_1/data/data_crop/train/Robbery062_x264-471d61e05e_0_hue_adjust_crop.mp4,0
6110,/content/drive/MyDrive/ucf_experiments/ciclo_experimental_1/data/data_blur/train/Abuse031_x264-e1ab1b26d4_0_hue_adjust_blur.mp4,/content/drive/MyDrive/ucf_experiments/ciclo_experimental_1/data/data_crop/train/Abuse031_x264-e1ab1b26d4_0_hue_adjust_crop.mp4,0
6111,/content/drive/MyDrive/ucf_experiments/ciclo_experimental_1/data/data_blur/train/Arrest017_x264-95d2b5b019_0_hue_adjust_blur.mp4,/content/drive/MyDrive/ucf_experiments/ciclo_experimental_1/data/data_crop/train/Arrest017_x264-95d2b5b019_0_hue_adjust_crop.mp4,0
6112,/content/drive/MyDrive/ucf_experiments/ciclo_experimental_1/data/data_blur/train/Fighting036_x264-fd9ee627f3_1_hue_adjust_blur.mp4,/content/drive/MyDrive/ucf_experiments/ciclo_experimental_1/data/data_crop/train/Fighting036_x264-fd9ee627f3_1_hue_adjust_crop.mp4,1
6113,/content/drive/MyDrive/ucf_experiments/ciclo_experimental_1/data/data_blur/train/Assault015_x264-bfdfc67a18_0_hue_adjust_blur.mp4,/content/drive/MyDrive/ucf_experiments/ciclo_experimental_1/data/data_crop/train/Assault015_x264-bfdfc67a18_0_hue_adjust_crop.mp4,0
6114,/content/drive/MyDrive/ucf_experiments/ciclo_experimental_1/data/data_blur/train/Assault014_x264-dae71816fd_0_hue_adjust_blur.mp4,/content/drive/MyDrive/ucf_experiments/ciclo_experimental_1/data/data_crop/train/Assault014_x264-dae71816fd_0_hue_adjust_crop.mp4,0
6115,/content/drive/MyDrive/ucf_experiments/ciclo_experimental_1/data/data_blur/train/Robbery071_x264-0e282922fe_0_hue_adjust_blur.mp4,/content/drive/MyDrive/ucf_experiments/ciclo_experimental_1/data/data_crop/train/Robbery071_x264-0e282922fe_0_hue_adjust_crop.mp4,0
6116,/content/drive/MyDrive/ucf_experiments/ciclo_experimental_1/data/data_blur/train/Robbery064_x264-211689e80b_0_hue_adjust_blur.mp4,/content/drive/MyDrive/ucf_experiments/ciclo_experimental_1/data/data_crop/train/Robbery064_x264-211689e80b_0_hue_adjust_crop.mp4,0
6117,/content/drive/MyDrive/ucf_experiments/ciclo_experimental_1/data/data_blur/train/Arrest003_x264-b5058b2b70_0_hue_adjust_blur.mp4,/content/drive/MyDrive/ucf_experiments/ciclo_experimental_1/data/data_crop/train/Arrest003_x264-b5058b2b70_0_hue_adjust_crop.mp4,0
6118,/content/drive/MyDrive/ucf_experiments/ciclo_experimental_1/data/data_blur/train/Assault017_x264-56c2648221_1_hue_adjust_blur.mp4,/content/drive/MyDrive/ucf_experiments/ciclo_experimental_1/data/data_crop/train/Assault017_x264-56c2648221_1_hue_adjust_crop.mp4,1
6119,/content/drive/MyDrive/ucf_experiments/ciclo_experimental_1/data/data_blur/train/Assault007_x264-d59d7d1eef_1_hue_adjust_blur.mp4,/content/drive/MyDrive/ucf_experiments/ciclo_experimental_1/data/data_crop/train/Assault007_x264-d59d7d1eef_1_hue_adjust_crop.mp4,1
6120,/content/drive/MyDrive/ucf_experiments/ciclo_experimental_1/data/data_blur/train/Abuse023_x264-3acf04af06_1_hue_adjust_blur.mp4,/content/drive/MyDrive/ucf_experiments/ciclo_experimental_1/data/data_crop/train/Abuse023_x264-3acf04af06_1_hue_adjust_crop.mp4,1
6121,/content/drive/MyDrive/ucf_experiments/ciclo_experimental_1/data/data_blur/train/Arrest025_x264-9c8db8e0f4_1_hue_adjust_blur.mp4,/content/drive/MyDrive/ucf_experiments/ciclo_experimental_1/data/data_crop/train/Arrest025_x264-9c8db8e0f4_1_hue_adjust_crop.mp4,1
6122,/content/drive/MyDrive/ucf_experiments/ciclo_experimental_1/data/data_blur/train/Arrest023_x264-a9c28fac04_1_hue_adjust_blur.mp4,/content/drive/MyDrive/ucf_experiments/ciclo_experimental_1/data/data_crop/train/Arrest023_x264-a9c28fac04_1_hue_adjust_crop.mp4,1
6123,/content/drive/MyDrive/ucf_experiments/ciclo_experimental_1/data/data_blur/train/Abuse009_x264-a2bc831c85_1_hue_adjust_blur.mp4,/content/drive/MyDrive/ucf_experiments/ciclo_experimental_1/data/data_crop/train/Abuse009_x264-a2bc831c85_1_hue_adjust_crop.mp4,1
6124,/content/drive/MyDrive/ucf_experiments/ciclo_experimental_1/data/data_blur/train/Fighting036_x264-935bef80e5_1_hue_adjust_blur.mp4,/content/drive/MyDrive/ucf_experiments/ciclo_experimental_1/data/data_crop/train/Fighting036_x264-935bef80e5_1_hue_adjust_crop.mp4,1
6125,/content/drive/MyDrive/ucf_experiments/ciclo_experimental_1/data/data_blur/train/Robbery093_x264-3a1501a815_0_hue_adjust_blur.mp4,/content/drive/MyDrive/ucf_experiments/ciclo_experimental_1/data/data_crop/train/Robbery093_x264-3a1501a815_0_hue_adjust_crop.mp4,0
6126,/content/drive/MyDrive/ucf_experiments/ciclo_experimental_1/data/data_blur/train/Arrest017_x264-eacf0a0b5a_0_hue_adjust_blur.mp4,/content/drive/MyDrive/ucf_experiments/ciclo_experimental_1/data/data_crop/train/Arrest017_x264-eacf0a0b5a_0_hue_adjust_crop.mp4,0
6127,/content/drive/MyDrive/ucf_experiments/ciclo_experimental_1/data/data_blur/train/Fighting051_x264-db34728da7_1_hue_adjust_blur.mp4,/content/drive/MyDrive/ucf_experiments/ciclo_experimental_1/data/data_crop/train/Fighting051_x264-db34728da7_1_hue_adjust_crop.mp4,1
6128,/content/drive/MyDrive/ucf_experiments/ciclo_experimental_1/data/data_blur/train/Arrest017_x264-84d74300f2_0_hue_adjust_blur.mp4,/content/drive/MyDrive/ucf_experiments/ciclo_experimental_1/data/data_crop/train/Arrest017_x264-84d74300f2_0_hue_adjust_crop.mp4,0
6129,/content/drive/MyDrive/ucf_experiments/ciclo_experimental_1/data/data_blur/train/Arrest029_x264-f191391551_1_hue_adjust_blur.mp4,/content/drive/MyDrive/ucf_experiments/ciclo_experimental_1/data/data_crop/train/Arrest029_x264-f191391551_1_hue_adjust_crop.mp4,1
6130,/content/drive/MyDrive/ucf_experiments/ciclo_experimental_1/data/data_blur/train/Fighting025_x264-ae949f04af_1_hue_adjust_blur.mp4,/content/drive/MyDrive/ucf_experiments/ciclo_experimental_1/data/data_crop/train/Fighting025_x264-ae949f04af_1_hue_adjust_crop.mp4,1
6131,/content/drive/MyDrive/ucf_experiments/ciclo_experimental_1/data/data_blur/train/Fighting027_x264-f714e9076c_1_hue_adjust_blur.mp4,/content/drive/MyDrive/ucf_experiments/ciclo_experimental_1/data/data_crop/train/Fighting027_x264-f714e9076c_1_hue_adjust_crop.mp4,1
6132,/content/drive/MyDrive/ucf_experiments/ciclo_experimental_1/data/data_blur/train/Arrest025_x264-8e5ee2a032_0_hue_adjust_blur.mp4,/content/drive/MyDrive/ucf_experiments/ciclo_experimental_1/data/data_crop/train/Arrest025_x264-8e5ee2a032_0_hue_adjust_crop.mp4,0
6133,/content/drive/MyDrive/ucf_experiments/ciclo_experimental_1/data/data_blur/train/Robbery030_x264-8b4e8198ba_0_hue_adjust_blur.mp4,/content/drive/MyDrive/ucf_experiments/ciclo_experimental_1/data/data_crop/train/Robbery030_x264-8b4e8198ba_0_hue_adjust_crop.mp4,0
6134,/content/drive/MyDrive/ucf_experiments/ciclo_experimental_1/data/data_blur/train/Abuse044_x264-af8bc940a6_0_hue_adjust_blur.mp4,/content/drive/MyDrive/ucf_experiments/ciclo_experimental_1/data/data_crop/train/Abuse044_x264-af8bc940a6_0_hue_adjust_crop.mp4,0
6135,/content/drive/MyDrive/ucf_experiments/ciclo_experimental_1/data/data_blur/train/Robbery054_x264-1f2a984eaa_0_hue_adjust_blur.mp4,/content/drive/MyDrive/ucf_experiments/ciclo_experimental_1/data/data_crop/train/Robbery054_x264-1f2a984eaa_0_hue_adjust_crop.mp4,0
6136,/content/drive/MyDrive/ucf_experiments/ciclo_experimental_1/data/data_blur/train/Arrest013_x264-b54fe326d2_0_hue_adjust_blur.mp4,/content/drive/MyDrive/ucf_experiments/ciclo_experimental_1/data/data_crop/train/Arrest013_x264-b54fe326d2_0_hue_adjust_crop.mp4,0
6137,/content/drive/MyDrive/ucf_experiments/ciclo_experimental_1/data/data_blur/train/Abuse046_x264-e31fc048f8_1_hue_adjust_blur.mp4,/content/drive/MyDrive/ucf_experiments/ciclo_experimental_1/data/data_crop/train/Abuse046_x264-e31fc048f8_1_hue_adjust_crop.mp4,1
6138,/content/drive/MyDrive/ucf_experiments/ciclo_experimental_1/data/data_blur/train/Fighting025_x264-b480e64ce7_0_hue_adjust_blur.mp4,/content/drive/MyDrive/ucf_experiments/ciclo_experimental_1/data/data_crop/train/Fighting025_x264-b480e64ce7_0_hue_adjust_crop.mp4,0
6139,/content/drive/MyDrive/ucf_experiments/ciclo_experimental_1/data/data_blur/train/Abuse018_x264-859e2b0266_1_hue_adjust_blur.mp4,/content/drive/MyDrive/ucf_experiments/ciclo_experimental_1/data/data_crop/train/Abuse018_x264-859e2b0266_1_hue_adjust_crop.mp4,1
6140,/content/drive/MyDrive/ucf_experiments/ciclo_experimental_1/data/data_blur/train/Robbery035_x264-0fdbc12736_0_hue_adjust_blur.mp4,/content/drive/MyDrive/ucf_experiments/ciclo_experimental_1/data/data_crop/train/Robbery035_x264-0fdbc12736_0_hue_adjust_crop.mp4,0
6141,/content/drive/MyDrive/ucf_experiments/ciclo_experimental_1/data/data_blur/train/Assault018_x264-60b0c7afc5_0_hue_adjust_blur.mp4,/content/drive/MyDrive/ucf_experiments/ciclo_experimental_1/data/data_crop/train/Assault018_x264-60b0c7afc5_0_hue_adjust_crop.mp4,0
6142,/content/drive/MyDrive/ucf_experiments/ciclo_experimental_1/data/data_blur/train/Robbery025_x264-27906a05ae_1_hue_adjust_blur.mp4,/content/drive/MyDrive/ucf_experiments/ciclo_experimental_1/data/data_crop/train/Robbery025_x264-27906a05ae_1_hue_adjust_crop.mp4,1
6143,/content/drive/MyDrive/ucf_experiments/ciclo_experimental_1/data/data_blur/train/Fighting024_x264-81b73614e7_0_hue_adjust_blur.mp4,/content/drive/MyDrive/ucf_experiments/ciclo_experimental_1/data/data_crop/train/Fighting024_x264-81b73614e7_0_hue_adjust_crop.mp4,0
6144,/content/drive/MyDrive/ucf_experiments/ciclo_experimental_1/data/data_blur/train/Robbery035_x264-da0547fe13_0_hue_adjust_blur.mp4,/content/drive/MyDrive/ucf_experiments/ciclo_experimental_1/data/data_crop/train/Robbery035_x264-da0547fe13_0_hue_adjust_crop.mp4,0
6145,/content/drive/MyDrive/ucf_experiments/ciclo_experimental_1/data/data_blur/train/Robbery006_x264-beb8fb68dc_1_hue_adjust_blur.mp4,/content/drive/MyDrive/ucf_experiments/ciclo_experimental_1/data/data_crop/train/Robbery006_x264-beb8fb68dc_1_hue_adjust_crop.mp4,1
6146,/content/drive/MyDrive/ucf_experiments/ciclo_experimental_1/data/data_blur/train/Arrest034_x264-2fafcd7f55_0_hue_adjust_blur.mp4,/content/drive/MyDrive/ucf_experiments/ciclo_experimental_1/data/data_crop/train/Arrest034_x264-2fafcd7f55_0_hue_adjust_crop.mp4,0
6147,/content/drive/MyDrive/ucf_experiments/ciclo_experimental_1/data/data_blur/train/Assault051_x264-bdc68d096d_0_hue_adjust_blur.mp4,/content/drive/MyDrive/ucf_experiments/ciclo_experimental_1/data/data_crop/train/Assault051_x264-bdc68d096d_0_hue_adjust_crop.mp4,0
6148,/content/drive/MyDrive/ucf_experiments/ciclo_experimental_1/data/data_blur/train/Robbery041_x264-b68b741af4_0_hue_adjust_blur.mp4,/content/drive/MyDrive/ucf_experiments/ciclo_experimental_1/data/data_crop/train/Robbery041_x264-b68b741af4_0_hue_adjust_crop.mp4,0
6149,/content/drive/MyDrive/ucf_experiments/ciclo_experimental_1/data/data_blur/train/Fighting013_x264-f87251b628_1_hue_adjust_blur.mp4,/content/drive/MyDrive/ucf_experiments/ciclo_experimental_1/data/data_crop/train/Fighting013_x264-f87251b628_1_hue_adjust_crop.mp4,1
6150,/content/drive/MyDrive/ucf_experiments/ciclo_experimental_1/data/data_blur/train/Robbery033_x264-185c6ba077_1_hue_adjust_blur.mp4,/content/drive/MyDrive/ucf_experiments/ciclo_experimental_1/data/data_crop/train/Robbery033_x264-185c6ba077_1_hue_adjust_crop.mp4,1
6151,/content/drive/MyDrive/ucf_experiments/ciclo_experimental_1/data/data_blur/train/Assault051_x264-449465049a_1_hue_adjust_blur.mp4,/content/drive/MyDrive/ucf_experiments/ciclo_experimental_1/data/data_crop/train/Assault051_x264-449465049a_1_hue_adjust_crop.mp4,1
6152,/content/drive/MyDrive/ucf_experiments/ciclo_experimental_1/data/data_blur/train/Robbery016_x264-92208bfe1a_1_hue_adjust_blur.mp4,/content/drive/MyDrive/ucf_experiments/ciclo_experimental_1/data/data_crop/train/Robbery016_x264-92208bfe1a_1_hue_adjust_crop.mp4,1
6153,/content/drive/MyDrive/ucf_experiments/ciclo_experimental_1/data/data_blur/train/Robbery016_x264-967dc8dc12_1_hue_adjust_blur.mp4,/content/drive/MyDrive/ucf_experiments/ciclo_experimental_1/data/data_crop/train/Robbery016_x264-967dc8dc12_1_hue_adjust_crop.mp4,1
6154,/content/drive/MyDrive/ucf_experiments/ciclo_experimental_1/data/data_blur/train/Fighting006_x264-149525bc5f_0_hue_adjust_blur.mp4,/content/drive/MyDrive/ucf_experiments/ciclo_experimental_1/data/data_crop/train/Fighting006_x264-149525bc5f_0_hue_adjust_crop.mp4,0
6155,/content/drive/MyDrive/ucf_experiments/ciclo_experimental_1/data/data_blur/train/Assault027_x264-4b0a6d56cf_1_hue_adjust_blur.mp4,/content/drive/MyDrive/ucf_experiments/ciclo_experimental_1/data/data_crop/train/Assault027_x264-4b0a6d56cf_1_hue_adjust_crop.mp4,1
6156,/content/drive/MyDrive/ucf_experiments/ciclo_experimental_1/data/data_blur/train/Robbery025_x264-f327ada88c_1_hue_adjust_blur.mp4,/content/drive/MyDrive/ucf_experiments/ciclo_experimental_1/data/data_crop/train/Robbery025_x264-f327ada88c_1_hue_adjust_crop.mp4,1
6157,/content/drive/MyDrive/ucf_experiments/ciclo_experimental_1/data/data_blur/train/Robbery025_x264-08ba54c77c_0_hue_adjust_blur.mp4,/content/drive/MyDrive/ucf_experiments/ciclo_experimental_1/data/data_crop/train/Robbery025_x264-08ba54c77c_0_hue_adjust_crop.mp4,0
6158,/content/drive/MyDrive/ucf_experiments/ciclo_experimental_1/data/data_blur/train/Assault004_x264-67d8fa6a62_0_hue_adjust_blur.mp4,/content/drive/MyDrive/ucf_experiments/ciclo_experimental_1/data/data_crop/train/Assault004_x264-67d8fa6a62_0_hue_adjust_crop.mp4,0
6159,/content/drive/MyDrive/ucf_experiments/ciclo_experimental_1/data/data_blur/train/Abuse026_x264-1e63d7fc9d_1_hue_adjust_blur.mp4,/content/drive/MyDrive/ucf_experiments/ciclo_experimental_1/data/data_crop/train/Abuse026_x264-1e63d7fc9d_1_hue_adjust_crop.mp4,1
6160,/content/drive/MyDrive/ucf_experiments/ciclo_experimental_1/data/data_blur/train/Assault050_x264-977da04ccf_1_hue_adjust_blur.mp4,/content/drive/MyDrive/ucf_experiments/ciclo_experimental_1/data/data_crop/train/Assault050_x264-977da04ccf_1_hue_adjust_crop.mp4,1
6161,/content/drive/MyDrive/ucf_experiments/ciclo_experimental_1/data/data_blur/train/Assault031_x264-4f4790fba9_0_hue_adjust_blur.mp4,/content/drive/MyDrive/ucf_experiments/ciclo_experimental_1/data/data_crop/train/Assault031_x264-4f4790fba9_0_hue_adjust_crop.mp4,0
6162,/content/drive/MyDrive/ucf_experiments/ciclo_experimental_1/data/data_blur/train/Fighting004_x264-e67901c717_1_hue_adjust_blur.mp4,/content/drive/MyDrive/ucf_experiments/ciclo_experimental_1/data/data_crop/train/Fighting004_x264-e67901c717_1_hue_adjust_crop.mp4,1
6163,/content/drive/MyDrive/ucf_experiments/ciclo_experimental_1/data/data_blur/train/Robbery056_x264-1d97b3932f_1_hue_adjust_blur.mp4,/content/drive/MyDrive/ucf_experiments/ciclo_experimental_1/data/data_crop/train/Robbery056_x264-1d97b3932f_1_hue_adjust_crop.mp4,1
6164,/content/drive/MyDrive/ucf_experiments/ciclo_experimental_1/data/data_blur/train/Robbery100_x264-0222627c0d_1_hue_adjust_blur.mp4,/content/drive/MyDrive/ucf_experiments/ciclo_experimental_1/data/data_crop/train/Robbery100_x264-0222627c0d_1_hue_adjust_crop.mp4,1
6165,/content/drive/MyDrive/ucf_experiments/ciclo_experimental_1/data/data_blur/train/Assault050_x264-70334e4611_1_hue_adjust_blur.mp4,/content/drive/MyDrive/ucf_experiments/ciclo_experimental_1/data/data_crop/train/Assault050_x264-70334e4611_1_hue_adjust_crop.mp4,1
6166,/content/drive/MyDrive/ucf_experiments/ciclo_experimental_1/data/data_blur/train/Fighting010_x264-482a1b3dfa_0_hue_adjust_blur.mp4,/content/drive/MyDrive/ucf_experiments/ciclo_experimental_1/data/data_crop/train/Fighting010_x264-482a1b3dfa_0_hue_adjust_crop.mp4,0
6167,/content/drive/MyDrive/ucf_experiments/ciclo_experimental_1/data/data_blur/train/Assault052_x264-62f28b54b0_0_hue_adjust_blur.mp4,/content/drive/MyDrive/ucf_experiments/ciclo_experimental_1/data/data_crop/train/Assault052_x264-62f28b54b0_0_hue_adjust_crop.mp4,0
6168,/content/drive/MyDrive/ucf_experiments/ciclo_experimental_1/data/data_blur/train/Arrest020_x264-9e08ee6a90_0_hue_adjust_blur.mp4,/content/drive/MyDrive/ucf_experiments/ciclo_experimental_1/data/data_crop/train/Arrest020_x264-9e08ee6a90_0_hue_adjust_crop.mp4,0
6169,/content/drive/MyDrive/ucf_experiments/ciclo_experimental_1/data/data_blur/train/Robbery006_x264-2f6e420b67_1_hue_adjust_blur.mp4,/content/drive/MyDrive/ucf_experiments/ciclo_experimental_1/data/data_crop/train/Robbery006_x264-2f6e420b67_1_hue_adjust_crop.mp4,1
6170,/content/drive/MyDrive/ucf_experiments/ciclo_experimental_1/data/data_blur/train/Abuse021_x264-86f777228a_1_hue_adjust_blur.mp4,/content/drive/MyDrive/ucf_experiments/ciclo_experimental_1/data/data_crop/train/Abuse021_x264-86f777228a_1_hue_adjust_crop.mp4,1
6171,/content/drive/MyDrive/ucf_experiments/ciclo_experimental_1/data/data_blur/train/Abuse041_x264-77b46ff79d_0_hue_adjust_blur.mp4,/content/drive/MyDrive/ucf_experiments/ciclo_experimental_1/data/data_crop/train/Abuse041_x264-77b46ff79d_0_hue_adjust_crop.mp4,0
6172,/content/drive/MyDrive/ucf_experiments/ciclo_experimental_1/data/data_blur/train/Assault036_x264-df1f079141_1_hue_adjust_blur.mp4,/content/drive/MyDrive/ucf_experiments/ciclo_experimental_1/data/data_crop/train/Assault036_x264-df1f079141_1_hue_adjust_crop.mp4,1
6173,/content/drive/MyDrive/ucf_experiments/ciclo_experimental_1/data/data_blur/train/Assault013_x264-0cb7b75f4d_1_hue_adjust_blur.mp4,/content/drive/MyDrive/ucf_experiments/ciclo_experimental_1/data/data_crop/train/Assault013_x264-0cb7b75f4d_1_hue_adjust_crop.mp4,1
6174,/content/drive/MyDrive/ucf_experiments/ciclo_experimental_1/data/data_blur/train/Robbery054_x264-85fea2eb33_0_hue_adjust_blur.mp4,/content/drive/MyDrive/ucf_experiments/ciclo_experimental_1/data/data_crop/train/Robbery054_x264-85fea2eb33_0_hue_adjust_crop.mp4,0
6175,/content/drive/MyDrive/ucf_experiments/ciclo_experimental_1/data/data_blur/train/Robbery037_x264-26ee98a040_0_hue_adjust_blur.mp4,/content/drive/MyDrive/ucf_experiments/ciclo_experimental_1/data/data_crop/train/Robbery037_x264-26ee98a040_0_hue_adjust_crop.mp4,0
6176,/content/drive/MyDrive/ucf_experiments/ciclo_experimental_1/data/data_blur/train/Robbery099_x264-8b17286192_1_hue_adjust_blur.mp4,/content/drive/MyDrive/ucf_experiments/ciclo_experimental_1/data/data_crop/train/Robbery099_x264-8b17286192_1_hue_adjust_crop.mp4,1
6177,/content/drive/MyDrive/ucf_experiments/ciclo_experimental_1/data/data_blur/train/Fighting020_x264-719eab8343_0_hue_adjust_blur.mp4,/content/drive/MyDrive/ucf_experiments/ciclo_experimental_1/data/data_crop/train/Fighting020_x264-719eab8343_0_hue_adjust_crop.mp4,0
6178,/content/drive/MyDrive/ucf_experiments/ciclo_experimental_1/data/data_blur/train/Assault051_x264-86ab04b827_1_hue_adjust_blur.mp4,/content/drive/MyDrive/ucf_experiments/ciclo_experimental_1/data/data_crop/train/Assault051_x264-86ab04b827_1_hue_adjust_crop.mp4,1
6179,/content/drive/MyDrive/ucf_experiments/ciclo_experimental_1/data/data_blur/train/Fighting026_x264-a62aa46144_1_hue_adjust_blur.mp4,/content/drive/MyDrive/ucf_experiments/ciclo_experimental_1/data/data_crop/train/Fighting026_x264-a62aa46144_1_hue_adjust_crop.mp4,1
6180,/content/drive/MyDrive/ucf_experiments/ciclo_experimental_1/data/data_blur/train/Robbery087_x264-fc8df5351d_0_hue_adjust_blur.mp4,/content/drive/MyDrive/ucf_experiments/ciclo_experimental_1/data/data_crop/train/Robbery087_x264-fc8df5351d_0_hue_adjust_crop.mp4,0
6181,/content/drive/MyDrive/ucf_experiments/ciclo_experimental_1/data/data_blur/train/Robbery031_x264-79e5b856ba_0_hue_adjust_blur.mp4,/content/drive/MyDrive/ucf_experiments/ciclo_experimental_1/data/data_crop/train/Robbery031_x264-79e5b856ba_0_hue_adjust_crop.mp4,0
6182,/content/drive/MyDrive/ucf_experiments/ciclo_experimental_1/data/data_blur/train/Arrest002_x264-299b6c53f4_1_hue_adjust_blur.mp4,/content/drive/MyDrive/ucf_experiments/ciclo_experimental_1/data/data_crop/train/Arrest002_x264-299b6c53f4_1_hue_adjust_crop.mp4,1
6183,/content/drive/MyDrive/ucf_experiments/ciclo_experimental_1/data/data_blur/train/Fighting007_x264-bff49ee61b_1_hue_adjust_blur.mp4,/content/drive/MyDrive/ucf_experiments/ciclo_experimental_1/data/data_crop/train/Fighting007_x264-bff49ee61b_1_hue_adjust_crop.mp4,1
6184,/content/drive/MyDrive/ucf_experiments/ciclo_experimental_1/data/data_blur/train/Assault031_x264-5992fc90c0_0_hue_adjust_blur.mp4,/content/drive/MyDrive/ucf_experiments/ciclo_experimental_1/data/data_crop/train/Assault031_x264-5992fc90c0_0_hue_adjust_crop.mp4,0
6185,/content/drive/MyDrive/ucf_experiments/ciclo_experimental_1/data/data_blur/train/Robbery060_x264-b22ce98983_1_hue_adjust_blur.mp4,/content/drive/MyDrive/ucf_experiments/ciclo_experimental_1/data/data_crop/train/Robbery060_x264-b22ce98983_1_hue_adjust_crop.mp4,1
6186,/content/drive/MyDrive/ucf_experiments/ciclo_experimental_1/data/data_blur/train/Abuse038_x264-7a36aee0a2_0_hue_adjust_blur.mp4,/content/drive/MyDrive/ucf_experiments/ciclo_experimental_1/data/data_crop/train/Abuse038_x264-7a36aee0a2_0_hue_adjust_crop.mp4,0
6187,/content/drive/MyDrive/ucf_experiments/ciclo_experimental_1/data/data_blur/train/Robbery054_x264-e5f2e06e65_0_hue_adjust_blur.mp4,/content/drive/MyDrive/ucf_experiments/ciclo_experimental_1/data/data_crop/train/Robbery054_x264-e5f2e06e65_0_hue_adjust_crop.mp4,0
6188,/content/drive/MyDrive/ucf_experiments/ciclo_experimental_1/data/data_blur/train/Arrest023_x264-0a9da90d7c_1_hue_adjust_blur.mp4,/content/drive/MyDrive/ucf_experiments/ciclo_experimental_1/data/data_crop/train/Arrest023_x264-0a9da90d7c_1_hue_adjust_crop.mp4,1
6189,/content/drive/MyDrive/ucf_experiments/ciclo_experimental_1/data/data_blur/train/Abuse009_x264-8679cefe6e_0_hue_adjust_blur.mp4,/content/drive/MyDrive/ucf_experiments/ciclo_experimental_1/data/data_crop/train/Abuse009_x264-8679cefe6e_0_hue_adjust_crop.mp4,0
6190,/content/drive/MyDrive/ucf_experiments/ciclo_experimental_1/data/data_blur/train/Assault008_x264-ea267e7511_1_hue_adjust_blur.mp4,/content/drive/MyDrive/ucf_experiments/ciclo_experimental_1/data/data_crop/train/Assault008_x264-ea267e7511_1_hue_adjust_crop.mp4,1
6191,/content/drive/MyDrive/ucf_experiments/ciclo_experimental_1/data/data_blur/train/Robbery053_x264-a1d1bbf7f8_0_hue_adjust_blur.mp4,/content/drive/MyDrive/ucf_experiments/ciclo_experimental_1/data/data_crop/train/Robbery053_x264-a1d1bbf7f8_0_hue_adjust_crop.mp4,0
6192,/content/drive/MyDrive/ucf_experiments/ciclo_experimental_1/data/data_blur/train/Abuse017_x264-fc917fa3e3_0_hue_adjust_blur.mp4,/content/drive/MyDrive/ucf_experiments/ciclo_experimental_1/data/data_crop/train/Abuse017_x264-fc917fa3e3_0_hue_adjust_crop.mp4,0
6193,/content/drive/MyDrive/ucf_experiments/ciclo_experimental_1/data/data_blur/train/Abuse007_x264-bf05502eb7_0_hue_adjust_blur.mp4,/content/drive/MyDrive/ucf_experiments/ciclo_experimental_1/data/data_crop/train/Abuse007_x264-bf05502eb7_0_hue_adjust_crop.mp4,0
6194,/content/drive/MyDrive/ucf_experiments/ciclo_experimental_1/data/data_blur/train/Robbery053_x264-0b7fde75cb_0_hue_adjust_blur.mp4,/content/drive/MyDrive/ucf_experiments/ciclo_experimental_1/data/data_crop/train/Robbery053_x264-0b7fde75cb_0_hue_adjust_crop.mp4,0
6195,/content/drive/MyDrive/ucf_experiments/ciclo_experimental_1/data/data_blur/train/Assault001_x264-139335d0a2_1_hue_adjust_blur.mp4,/content/drive/MyDrive/ucf_experiments/ciclo_experimental_1/data/data_crop/train/Assault001_x264-139335d0a2_1_hue_adjust_crop.mp4,1
6196,/content/drive/MyDrive/ucf_experiments/ciclo_experimental_1/data/data_blur/train/Robbery060_x264-fb78516ab2_1_hue_adjust_blur.mp4,/content/drive/MyDrive/ucf_experiments/ciclo_experimental_1/data/data_crop/train/Robbery060_x264-fb78516ab2_1_hue_adjust_crop.mp4,1
6197,/content/drive/MyDrive/ucf_experiments/ciclo_experimental_1/data/data_blur/train/Fighting040_x264-c267145093_0_hue_adjust_blur.mp4,/content/drive/MyDrive/ucf_experiments/ciclo_experimental_1/data/data_crop/train/Fighting040_x264-c267145093_0_hue_adjust_crop.mp4,0
6198,/content/drive/MyDrive/ucf_experiments/ciclo_experimental_1/data/data_blur/train/Robbery093_x264-c8300e9bae_0_hue_adjust_blur.mp4,/content/drive/MyDrive/ucf_experiments/ciclo_experimental_1/data/data_crop/train/Robbery093_x264-c8300e9bae_0_hue_adjust_crop.mp4,0
6199,/content/drive/MyDrive/ucf_experiments/ciclo_experimental_1/data/data_blur/train/Robbery024_x264-c8370ae817_1_hue_adjust_blur.mp4,/content/drive/MyDrive/ucf_experiments/ciclo_experimental_1/data/data_crop/train/Robbery024_x264-c8370ae817_1_hue_adjust_crop.mp4,1
6200,/content/drive/MyDrive/ucf_experiments/ciclo_experimental_1/data/data_blur/train/Abuse029_x264-300adc91ed_0_hue_adjust_blur.mp4,/content/drive/MyDrive/ucf_experiments/ciclo_experimental_1/data/data_crop/train/Abuse029_x264-300adc91ed_0_hue_adjust_crop.mp4,0
6201,/content/drive/MyDrive/ucf_experiments/ciclo_experimental_1/data/data_blur/train/Fighting040_x264-63ceacbc70_1_hue_adjust_blur.mp4,/content/drive/MyDrive/ucf_experiments/ciclo_experimental_1/data/data_crop/train/Fighting040_x264-63ceacbc70_1_hue_adjust_crop.mp4,1
6202,/content/drive/MyDrive/ucf_experiments/ciclo_experimental_1/data/data_blur/train/Fighting035_x264-74907f7e78_1_hue_adjust_blur.mp4,/content/drive/MyDrive/ucf_experiments/ciclo_experimental_1/data/data_crop/train/Fighting035_x264-74907f7e78_1_hue_adjust_crop.mp4,1
6203,/content/drive/MyDrive/ucf_experiments/ciclo_experimental_1/data/data_blur/train/Robbery002_x264-87e53ddfb0_0_hue_adjust_blur.mp4,/content/drive/MyDrive/ucf_experiments/ciclo_experimental_1/data/data_crop/train/Robbery002_x264-87e53ddfb0_0_hue_adjust_crop.mp4,0
6204,/content/drive/MyDrive/ucf_experiments/ciclo_experimental_1/data/data_blur/train/Robbery031_x264-cd6b73d6a8_0_hue_adjust_blur.mp4,/content/drive/MyDrive/ucf_experiments/ciclo_experimental_1/data/data_crop/train/Robbery031_x264-cd6b73d6a8_0_hue_adjust_crop.mp4,0
6205,/content/drive/MyDrive/ucf_experiments/ciclo_experimental_1/data/data_blur/train/Robbery086_x264-bd4c8dfad2_1_hue_adjust_blur.mp4,/content/drive/MyDrive/ucf_experiments/ciclo_experimental_1/data/data_crop/train/Robbery086_x264-bd4c8dfad2_1_hue_adjust_crop.mp4,1
6206,/content/drive/MyDrive/ucf_experiments/ciclo_experimental_1/data/data_blur/train/Assault028_x264-0f2f00d431_0_hue_adjust_blur.mp4,/content/drive/MyDrive/ucf_experiments/ciclo_experimental_1/data/data_crop/train/Assault028_x264-0f2f00d431_0_hue_adjust_crop.mp4,0
6207,/content/drive/MyDrive/ucf_experiments/ciclo_experimental_1/data/data_blur/train/Abuse048_x264-abcbf790d7_1_hue_adjust_blur.mp4,/content/drive/MyDrive/ucf_experiments/ciclo_experimental_1/data/data_crop/train/Abuse048_x264-abcbf790d7_1_hue_adjust_crop.mp4,1
6208,/content/drive/MyDrive/ucf_experiments/ciclo_experimental_1/data/data_blur/train/Arrest031_x264-ccd4d48791_0_hue_adjust_blur.mp4,/content/drive/MyDrive/ucf_experiments/ciclo_experimental_1/data/data_crop/train/Arrest031_x264-ccd4d48791_0_hue_adjust_crop.mp4,0
6209,/content/drive/MyDrive/ucf_experiments/ciclo_experimental_1/data/data_blur/train/Abuse005_x264-a06830d6ba_0_hue_adjust_blur.mp4,/content/drive/MyDrive/ucf_experiments/ciclo_experimental_1/data/data_crop/train/Abuse005_x264-a06830d6ba_0_hue_adjust_crop.mp4,0
6210,/content/drive/MyDrive/ucf_experiments/ciclo_experimental_1/data/data_blur/train/Assault050_x264-0731292553_1_hue_adjust_blur.mp4,/content/drive/MyDrive/ucf_experiments/ciclo_experimental_1/data/data_crop/train/Assault050_x264-0731292553_1_hue_adjust_crop.mp4,1
6211,/content/drive/MyDrive/ucf_experiments/ciclo_experimental_1/data/data_blur/train/Robbery032_x264-0229005582_0_hue_adjust_blur.mp4,/content/drive/MyDrive/ucf_experiments/ciclo_experimental_1/data/data_crop/train/Robbery032_x264-0229005582_0_hue_adjust_crop.mp4,0
6212,/content/drive/MyDrive/ucf_experiments/ciclo_experimental_1/data/data_blur/train/Robbery060_x264-5797944d73_1_hue_adjust_blur.mp4,/content/drive/MyDrive/ucf_experiments/ciclo_experimental_1/data/data_crop/train/Robbery060_x264-5797944d73_1_hue_adjust_crop.mp4,1
6213,/content/drive/MyDrive/ucf_experiments/ciclo_experimental_1/data/data_blur/train/Robbery062_x264-b37b598196_1_hue_adjust_blur.mp4,/content/drive/MyDrive/ucf_experiments/ciclo_experimental_1/data/data_crop/train/Robbery062_x264-b37b598196_1_hue_adjust_crop.mp4,1
6214,/content/drive/MyDrive/ucf_experiments/ciclo_experimental_1/data/data_blur/train/Abuse043_x264-8ac67df5e0_1_hue_adjust_blur.mp4,/content/drive/MyDrive/ucf_experiments/ciclo_experimental_1/data/data_crop/train/Abuse043_x264-8ac67df5e0_1_hue_adjust_crop.mp4,1
6215,/content/drive/MyDrive/ucf_experiments/ciclo_experimental_1/data/data_blur/train/Robbery041_x264-3d06c76fc3_0_hue_adjust_blur.mp4,/content/drive/MyDrive/ucf_experiments/ciclo_experimental_1/data/data_crop/train/Robbery041_x264-3d06c76fc3_0_hue_adjust_crop.mp4,0
6216,/content/drive/MyDrive/ucf_experiments/ciclo_experimental_1/data/data_blur/train/Robbery020_x264-d38f202870_0_hue_adjust_blur.mp4,/content/drive/MyDrive/ucf_experiments/ciclo_experimental_1/data/data_crop/train/Robbery020_x264-d38f202870_0_hue_adjust_crop.mp4,0
6217,/content/drive/MyDrive/ucf_experiments/ciclo_experimental_1/data/data_blur/train/Fighting010_x264-98b1d3b333_0_hue_adjust_blur.mp4,/content/drive/MyDrive/ucf_experiments/ciclo_experimental_1/data/data_crop/train/Fighting010_x264-98b1d3b333_0_hue_adjust_crop.mp4,0
6218,/content/drive/MyDrive/ucf_experiments/ciclo_experimental_1/data/data_blur/train/Robbery045_x264-bfc86d1743_0_hue_adjust_blur.mp4,/content/drive/MyDrive/ucf_experiments/ciclo_experimental_1/data/data_crop/train/Robbery045_x264-bfc86d1743_0_hue_adjust_crop.mp4,0
6219,/content/drive/MyDrive/ucf_experiments/ciclo_experimental_1/data/data_blur/train/Robbery070_x264-d302d068e4_1_hue_adjust_blur.mp4,/content/drive/MyDrive/ucf_experiments/ciclo_experimental_1/data/data_crop/train/Robbery070_x264-d302d068e4_1_hue_adjust_crop.mp4,1
6220,/content/drive/MyDrive/ucf_experiments/ciclo_experimental_1/data/data_blur/train/Robbery016_x264-0a14d2fe3a_0_hue_adjust_blur.mp4,/content/drive/MyDrive/ucf_experiments/ciclo_experimental_1/data/data_crop/train/Robbery016_x264-0a14d2fe3a_0_hue_adjust_crop.mp4,0
6221,/content/drive/MyDrive/ucf_experiments/ciclo_experimental_1/data/data_blur/train/Abuse031_x264-5c65f30966_1_hue_adjust_blur.mp4,/content/drive/MyDrive/ucf_experiments/ciclo_experimental_1/data/data_crop/train/Abuse031_x264-5c65f30966_1_hue_adjust_crop.mp4,1
6222,/content/drive/MyDrive/ucf_experiments/ciclo_experimental_1/data/data_blur/train/Arrest042_x264-865b84c1c8_0_hue_adjust_blur.mp4,/content/drive/MyDrive/ucf_experiments/ciclo_experimental_1/data/data_crop/train/Arrest042_x264-865b84c1c8_0_hue_adjust_crop.mp4,0
6223,/content/drive/MyDrive/ucf_experiments/ciclo_experimental_1/data/data_blur/train/Robbery025_x264-cd58238823_1_hue_adjust_blur.mp4,/content/drive/MyDrive/ucf_experiments/ciclo_experimental_1/data/data_crop/train/Robbery025_x264-cd58238823_1_hue_adjust_crop.mp4,1
6224,/content/drive/MyDrive/ucf_experiments/ciclo_experimental_1/data/data_blur/train/Abuse048_x264-dbe01e8219_0_hue_adjust_blur.mp4,/content/drive/MyDrive/ucf_experiments/ciclo_experimental_1/data/data_crop/train/Abuse048_x264-dbe01e8219_0_hue_adjust_crop.mp4,0
6225,/content/drive/MyDrive/ucf_experiments/ciclo_experimental_1/data/data_blur/train/Assault044_x264-c4dd9a25f9_1_hue_adjust_blur.mp4,/content/drive/MyDrive/ucf_experiments/ciclo_experimental_1/data/data_crop/train/Assault044_x264-c4dd9a25f9_1_hue_adjust_crop.mp4,1
6226,/content/drive/MyDrive/ucf_experiments/ciclo_experimental_1/data/data_blur/train/Robbery100_x264-952bd3ecf4_1_hue_adjust_blur.mp4,/content/drive/MyDrive/ucf_experiments/ciclo_experimental_1/data/data_crop/train/Robbery100_x264-952bd3ecf4_1_hue_adjust_crop.mp4,1
6227,/content/drive/MyDrive/ucf_experiments/ciclo_experimental_1/data/data_blur/train/Robbery016_x264-14a4e6eaf5_1_hue_adjust_blur.mp4,/content/drive/MyDrive/ucf_experiments/ciclo_experimental_1/data/data_crop/train/Robbery016_x264-14a4e6eaf5_1_hue_adjust_crop.mp4,1
6228,/content/drive/MyDrive/ucf_experiments/ciclo_experimental_1/data/data_blur/train/Fighting039_x264-4393119cad_1_hue_adjust_blur.mp4,/content/drive/MyDrive/ucf_experiments/ciclo_experimental_1/data/data_crop/train/Fighting039_x264-4393119cad_1_hue_adjust_crop.mp4,1
6229,/content/drive/MyDrive/ucf_experiments/ciclo_experimental_1/data/data_blur/train/Fighting004_x264-3c2762b11a_1_hue_adjust_blur.mp4,/content/drive/MyDrive/ucf_experiments/ciclo_experimental_1/data/data_crop/train/Fighting004_x264-3c2762b11a_1_hue_adjust_crop.mp4,1
6230,/content/drive/MyDrive/ucf_experiments/ciclo_experimental_1/data/data_blur/train/Robbery025_x264-30f3871750_0_hue_adjust_blur.mp4,/content/drive/MyDrive/ucf_experiments/ciclo_experimental_1/data/data_crop/train/Robbery025_x264-30f3871750_0_hue_adjust_crop.mp4,0
6231,/content/drive/MyDrive/ucf_experiments/ciclo_experimental_1/data/data_blur/train/Abuse019_x264-85bd1a598e_0_hue_adjust_blur.mp4,/content/drive/MyDrive/ucf_experiments/ciclo_experimental_1/data/data_crop/train/Abuse019_x264-85bd1a598e_0_hue_adjust_crop.mp4,0
6232,/content/drive/MyDrive/ucf_experiments/ciclo_experimental_1/data/data_blur/train/Abuse041_x264-c260d443de_0_hue_adjust_blur.mp4,/content/drive/MyDrive/ucf_experiments/ciclo_experimental_1/data/data_crop/train/Abuse041_x264-c260d443de_0_hue_adjust_crop.mp4,0
6233,/content/drive/MyDrive/ucf_experiments/ciclo_experimental_1/data/data_blur/train/Fighting026_x264-a0124f1b08_1_hue_adjust_blur.mp4,/content/drive/MyDrive/ucf_experiments/ciclo_experimental_1/data/data_crop/train/Fighting026_x264-a0124f1b08_1_hue_adjust_crop.mp4,1
6234,/content/drive/MyDrive/ucf_experiments/ciclo_experimental_1/data/data_blur/train/Fighting006_x264-0f6831b6c0_1_hue_adjust_blur.mp4,/content/drive/MyDrive/ucf_experiments/ciclo_experimental_1/data/data_crop/train/Fighting006_x264-0f6831b6c0_1_hue_adjust_crop.mp4,1
6235,/content/drive/MyDrive/ucf_experiments/ciclo_experimental_1/data/data_blur/train/Arrest009_x264-acc71bf232_0_hue_adjust_blur.mp4,/content/drive/MyDrive/ucf_experiments/ciclo_experimental_1/data/data_crop/train/Arrest009_x264-acc71bf232_0_hue_adjust_crop.mp4,0
6236,/content/drive/MyDrive/ucf_experiments/ciclo_experimental_1/data/data_blur/train/Assault001_x264-f9058c4cec_1_hue_adjust_blur.mp4,/content/drive/MyDrive/ucf_experiments/ciclo_experimental_1/data/data_crop/train/Assault001_x264-f9058c4cec_1_hue_adjust_crop.mp4,1
6237,/content/drive/MyDrive/ucf_experiments/ciclo_experimental_1/data/data_blur/train/Fighting040_x264-314e001413_0_hue_adjust_blur.mp4,/content/drive/MyDrive/ucf_experiments/ciclo_experimental_1/data/data_crop/train/Fighting040_x264-314e001413_0_hue_adjust_crop.mp4,0
6238,/content/drive/MyDrive/ucf_experiments/ciclo_experimental_1/data/data_blur/train/Fighting051_x264-18e3e2adab_1_hue_adjust_blur.mp4,/content/drive/MyDrive/ucf_experiments/ciclo_experimental_1/data/data_crop/train/Fighting051_x264-18e3e2adab_1_hue_adjust_crop.mp4,1
6239,/content/drive/MyDrive/ucf_experiments/ciclo_experimental_1/data/data_blur/train/Assault032_x264-8498ea099c_1_hue_adjust_blur.mp4,/content/drive/MyDrive/ucf_experiments/ciclo_experimental_1/data/data_crop/train/Assault032_x264-8498ea099c_1_hue_adjust_crop.mp4,1
6240,/content/drive/MyDrive/ucf_experiments/ciclo_experimental_1/data/data_blur/train/Arrest042_x264-399047f76c_0_hue_adjust_blur.mp4,/content/drive/MyDrive/ucf_experiments/ciclo_experimental_1/data/data_crop/train/Arrest042_x264-399047f76c_0_hue_adjust_crop.mp4,0
6241,/content/drive/MyDrive/ucf_experiments/ciclo_experimental_1/data/data_blur/train/Fighting004_x264-272f90320b_0_hue_adjust_blur.mp4,/content/drive/MyDrive/ucf_experiments/ciclo_experimental_1/data/data_crop/train/Fighting004_x264-272f90320b_0_hue_adjust_crop.mp4,0
6242,/content/drive/MyDrive/ucf_experiments/ciclo_experimental_1/data/data_blur/train/Abuse035_x264-af48af57ab_1_hue_adjust_blur.mp4,/content/drive/MyDrive/ucf_experiments/ciclo_experimental_1/data/data_crop/train/Abuse035_x264-af48af57ab_1_hue_adjust_crop.mp4,1
6243,/content/drive/MyDrive/ucf_experiments/ciclo_experimental_1/data/data_blur/train/Fighting007_x264-e9c7903576_1_hue_adjust_blur.mp4,/content/drive/MyDrive/ucf_experiments/ciclo_experimental_1/data/data_crop/train/Fighting007_x264-e9c7903576_1_hue_adjust_crop.mp4,1
6244,/content/drive/MyDrive/ucf_experiments/ciclo_experimental_1/data/data_blur/train/Robbery072_x264-1043e60a4f_0_hue_adjust_blur.mp4,/content/drive/MyDrive/ucf_experiments/ciclo_experimental_1/data/data_crop/train/Robbery072_x264-1043e60a4f_0_hue_adjust_crop.mp4,0
6245,/content/drive/MyDrive/ucf_experiments/ciclo_experimental_1/data/data_blur/train/Arrest042_x264-ebe7fd0295_0_hue_adjust_blur.mp4,/content/drive/MyDrive/ucf_experiments/ciclo_experimental_1/data/data_crop/train/Arrest042_x264-ebe7fd0295_0_hue_adjust_crop.mp4,0
6246,/content/drive/MyDrive/ucf_experiments/ciclo_experimental_1/data/data_blur/train/Abuse039_x264-2b142ff111_0_hue_adjust_blur.mp4,/content/drive/MyDrive/ucf_experiments/ciclo_experimental_1/data/data_crop/train/Abuse039_x264-2b142ff111_0_hue_adjust_crop.mp4,0
6247,/content/drive/MyDrive/ucf_experiments/ciclo_experimental_1/data/data_blur/train/Arrest011_x264-26da1f0b38_0_hue_adjust_blur.mp4,/content/drive/MyDrive/ucf_experiments/ciclo_experimental_1/data/data_crop/train/Arrest011_x264-26da1f0b38_0_hue_adjust_crop.mp4,0
6248,/content/drive/MyDrive/ucf_experiments/ciclo_experimental_1/data/data_blur/train/Robbery032_x264-42918eb721_0_hue_adjust_blur.mp4,/content/drive/MyDrive/ucf_experiments/ciclo_experimental_1/data/data_crop/train/Robbery032_x264-42918eb721_0_hue_adjust_crop.mp4,0
6249,/content/drive/MyDrive/ucf_experiments/ciclo_experimental_1/data/data_blur/train/Robbery105_x264-cca21475e3_1_hue_adjust_blur.mp4,/content/drive/MyDrive/ucf_experiments/ciclo_experimental_1/data/data_crop/train/Robbery105_x264-cca21475e3_1_hue_adjust_crop.mp4,1
6250,/content/drive/MyDrive/ucf_experiments/ciclo_experimental_1/data/data_blur/train/Fighting049_x264-5c82a5462c_1_hue_adjust_blur.mp4,/content/drive/MyDrive/ucf_experiments/ciclo_experimental_1/data/data_crop/train/Fighting049_x264-5c82a5462c_1_hue_adjust_crop.mp4,1
6251,/content/drive/MyDrive/ucf_experiments/ciclo_experimental_1/data/data_blur/train/Assault050_x264-23dcaa45de_1_hue_adjust_blur.mp4,/content/drive/MyDrive/ucf_experiments/ciclo_experimental_1/data/data_crop/train/Assault050_x264-23dcaa45de_1_hue_adjust_crop.mp4,1
6252,/content/drive/MyDrive/ucf_experiments/ciclo_experimental_1/data/data_blur/train/Arrest014_x264-556cc84a38_0_hue_adjust_blur.mp4,/content/drive/MyDrive/ucf_experiments/ciclo_experimental_1/data/data_crop/train/Arrest014_x264-556cc84a38_0_hue_adjust_crop.mp4,0
6253,/content/drive/MyDrive/ucf_experiments/ciclo_experimental_1/data/data_blur/train/Assault029_x264-c022d311cc_1_hue_adjust_blur.mp4,/content/drive/MyDrive/ucf_experiments/ciclo_experimental_1/data/data_crop/train/Assault029_x264-c022d311cc_1_hue_adjust_crop.mp4,1
6254,/content/drive/MyDrive/ucf_experiments/ciclo_experimental_1/data/data_blur/train/Fighting025_x264-294f9ee446_0_hue_adjust_blur.mp4,/content/drive/MyDrive/ucf_experiments/ciclo_experimental_1/data/data_crop/train/Fighting025_x264-294f9ee446_0_hue_adjust_crop.mp4,0
6255,/content/drive/MyDrive/ucf_experiments/ciclo_experimental_1/data/data_blur/train/Robbery034_x264-4931d5a71d_0_hue_adjust_blur.mp4,/content/drive/MyDrive/ucf_experiments/ciclo_experimental_1/data/data_crop/train/Robbery034_x264-4931d5a71d_0_hue_adjust_crop.mp4,0
6256,/content/drive/MyDrive/ucf_experiments/ciclo_experimental_1/data/data_blur/train/Robbery034_x264-9345642e7f_0_hue_adjust_blur.mp4,/content/drive/MyDrive/ucf_experiments/ciclo_experimental_1/data/data_crop/train/Robbery034_x264-9345642e7f_0_hue_adjust_crop.mp4,0
6257,/content/drive/MyDrive/ucf_experiments/ciclo_experimental_1/data/data_blur/train/Assault042_x264-31c95cb21b_1_hue_adjust_blur.mp4,/content/drive/MyDrive/ucf_experiments/ciclo_experimental_1/data/data_crop/train/Assault042_x264-31c95cb21b_1_hue_adjust_crop.mp4,1
6258,/content/drive/MyDrive/ucf_experiments/ciclo_experimental_1/data/data_blur/train/Fighting036_x264-dcfc7547e1_1_hue_adjust_blur.mp4,/content/drive/MyDrive/ucf_experiments/ciclo_experimental_1/data/data_crop/train/Fighting036_x264-dcfc7547e1_1_hue_adjust_crop.mp4,1
6259,/content/drive/MyDrive/ucf_experiments/ciclo_experimental_1/data/data_blur/train/Robbery060_x264-11547159bc_0_hue_adjust_blur.mp4,/content/drive/MyDrive/ucf_experiments/ciclo_experimental_1/data/data_crop/train/Robbery060_x264-11547159bc_0_hue_adjust_crop.mp4,0
6260,/content/drive/MyDrive/ucf_experiments/ciclo_experimental_1/data/data_blur/train/Fighting020_x264-6577c8ad46_1_hue_adjust_blur.mp4,/content/drive/MyDrive/ucf_experiments/ciclo_experimental_1/data/data_crop/train/Fighting020_x264-6577c8ad46_1_hue_adjust_crop.mp4,1
6261,/content/drive/MyDrive/ucf_experiments/ciclo_experimental_1/data/data_blur/train/Robbery072_x264-90d40f3c66_0_hue_adjust_blur.mp4,/content/drive/MyDrive/ucf_experiments/ciclo_experimental_1/data/data_crop/train/Robbery072_x264-90d40f3c66_0_hue_adjust_crop.mp4,0
6262,/content/drive/MyDrive/ucf_experiments/ciclo_experimental_1/data/data_blur/train/Abuse023_x264-4486658c39_1_hue_adjust_blur.mp4,/content/drive/MyDrive/ucf_experiments/ciclo_experimental_1/data/data_crop/train/Abuse023_x264-4486658c39_1_hue_adjust_crop.mp4,1
6263,/content/drive/MyDrive/ucf_experiments/ciclo_experimental_1/data/data_blur/train/Fighting024_x264-3ecdba6ea3_1_hue_adjust_blur.mp4,/content/drive/MyDrive/ucf_experiments/ciclo_experimental_1/data/data_crop/train/Fighting024_x264-3ecdba6ea3_1_hue_adjust_crop.mp4,1
6264,/content/drive/MyDrive/ucf_experiments/ciclo_experimental_1/data/data_blur/train/Assault007_x264-27ee266c5e_0_hue_adjust_blur.mp4,/content/drive/MyDrive/ucf_experiments/ciclo_experimental_1/data/data_crop/train/Assault007_x264-27ee266c5e_0_hue_adjust_crop.mp4,0
6265,/content/drive/MyDrive/ucf_experiments/ciclo_experimental_1/data/data_blur/train/Robbery033_x264-5004181c18_1_hue_adjust_blur.mp4,/content/drive/MyDrive/ucf_experiments/ciclo_experimental_1/data/data_crop/train/Robbery033_x264-5004181c18_1_hue_adjust_crop.mp4,1
6266,/content/drive/MyDrive/ucf_experiments/ciclo_experimental_1/data/data_blur/train/Assault014_x264-3469c311db_0_hue_adjust_blur.mp4,/content/drive/MyDrive/ucf_experiments/ciclo_experimental_1/data/data_crop/train/Assault014_x264-3469c311db_0_hue_adjust_crop.mp4,0
6267,/content/drive/MyDrive/ucf_experiments/ciclo_experimental_1/data/data_blur/train/Abuse003_x264-952ab80388_0_hue_adjust_blur.mp4,/content/drive/MyDrive/ucf_experiments/ciclo_experimental_1/data/data_crop/train/Abuse003_x264-952ab80388_0_hue_adjust_crop.mp4,0
6268,/content/drive/MyDrive/ucf_experiments/ciclo_experimental_1/data/data_blur/train/Abuse012_x264-84068e64ea_1_hue_adjust_blur.mp4,/content/drive/MyDrive/ucf_experiments/ciclo_experimental_1/data/data_crop/train/Abuse012_x264-84068e64ea_1_hue_adjust_crop.mp4,1
6269,/content/drive/MyDrive/ucf_experiments/ciclo_experimental_1/data/data_blur/train/Arrest051_x264-c4da045ce6_0_hue_adjust_blur.mp4,/content/drive/MyDrive/ucf_experiments/ciclo_experimental_1/data/data_crop/train/Arrest051_x264-c4da045ce6_0_hue_adjust_crop.mp4,0
6270,/content/drive/MyDrive/ucf_experiments/ciclo_experimental_1/data/data_blur/train/Robbery100_x264-dd0342aef3_1_hue_adjust_blur.mp4,/content/drive/MyDrive/ucf_experiments/ciclo_experimental_1/data/data_crop/train/Robbery100_x264-dd0342aef3_1_hue_adjust_crop.mp4,1
6271,/content/drive/MyDrive/ucf_experiments/ciclo_experimental_1/data/data_blur/train/Arrest041_x264-144db73f85_0_hue_adjust_blur.mp4,/content/drive/MyDrive/ucf_experiments/ciclo_experimental_1/data/data_crop/train/Arrest041_x264-144db73f85_0_hue_adjust_crop.mp4,0
6272,/content/drive/MyDrive/ucf_experiments/ciclo_experimental_1/data/data_blur/train/Assault044_x264-5919a21fb9_0_hue_adjust_blur.mp4,/content/drive/MyDrive/ucf_experiments/ciclo_experimental_1/data/data_crop/train/Assault044_x264-5919a21fb9_0_hue_adjust_crop.mp4,0
6273,/content/drive/MyDrive/ucf_experiments/ciclo_experimental_1/data/data_blur/train/Assault018_x264-cbfaa91403_1_hue_adjust_blur.mp4,/content/drive/MyDrive/ucf_experiments/ciclo_experimental_1/data/data_crop/train/Assault018_x264-cbfaa91403_1_hue_adjust_crop.mp4,1
6274,/content/drive/MyDrive/ucf_experiments/ciclo_experimental_1/data/data_blur/train/Fighting030_x264-3efe7b9be1_1_hue_adjust_blur.mp4,/content/drive/MyDrive/ucf_experiments/ciclo_experimental_1/data/data_crop/train/Fighting030_x264-3efe7b9be1_1_hue_adjust_crop.mp4,1
6275,/content/drive/MyDrive/ucf_experiments/ciclo_experimental_1/data/data_blur/train/Robbery105_x264-357e43280e_0_hue_adjust_blur.mp4,/content/drive/MyDrive/ucf_experiments/ciclo_experimental_1/data/data_crop/train/Robbery105_x264-357e43280e_0_hue_adjust_crop.mp4,0
6276,/content/drive/MyDrive/ucf_experiments/ciclo_experimental_1/data/data_blur/train/Robbery072_x264-6bae8f62a4_1_hue_adjust_blur.mp4,/content/drive/MyDrive/ucf_experiments/ciclo_experimental_1/data/data_crop/train/Robbery072_x264-6bae8f62a4_1_hue_adjust_crop.mp4,1
6277,/content/drive/MyDrive/ucf_experiments/ciclo_experimental_1/data/data_blur/train/Arrest046_x264-d43a4a43c2_1_hue_adjust_blur.mp4,/content/drive/MyDrive/ucf_experiments/ciclo_experimental_1/data/data_crop/train/Arrest046_x264-d43a4a43c2_1_hue_adjust_crop.mp4,1
6278,/content/drive/MyDrive/ucf_experiments/ciclo_experimental_1/data/data_blur/train/Robbery012_x264-f51ee9b7ff_1_hue_adjust_blur.mp4,/content/drive/MyDrive/ucf_experiments/ciclo_experimental_1/data/data_crop/train/Robbery012_x264-f51ee9b7ff_1_hue_adjust_crop.mp4,1
6279,/content/drive/MyDrive/ucf_experiments/ciclo_experimental_1/data/data_blur/train/Assault005_x264-b04fe4bc33_0_hue_adjust_blur.mp4,/content/drive/MyDrive/ucf_experiments/ciclo_experimental_1/data/data_crop/train/Assault005_x264-b04fe4bc33_0_hue_adjust_crop.mp4,0
6280,/content/drive/MyDrive/ucf_experiments/ciclo_experimental_1/data/data_blur/train/Robbery002_x264-599d47815a_0_hue_adjust_blur.mp4,/content/drive/MyDrive/ucf_experiments/ciclo_experimental_1/data/data_crop/train/Robbery002_x264-599d47815a_0_hue_adjust_crop.mp4,0
6281,/content/drive/MyDrive/ucf_experiments/ciclo_experimental_1/data/data_blur/train/Robbery008_x264-9ab21de1f5_1_hue_adjust_blur.mp4,/content/drive/MyDrive/ucf_experiments/ciclo_experimental_1/data/data_crop/train/Robbery008_x264-9ab21de1f5_1_hue_adjust_crop.mp4,1
6282,/content/drive/MyDrive/ucf_experiments/ciclo_experimental_1/data/data_blur/train/Robbery075_x264-bc7c92a9b8_0_hue_adjust_blur.mp4,/content/drive/MyDrive/ucf_experiments/ciclo_experimental_1/data/data_crop/train/Robbery075_x264-bc7c92a9b8_0_hue_adjust_crop.mp4,0
6283,/content/drive/MyDrive/ucf_experiments/ciclo_experimental_1/data/data_blur/train/Robbery062_x264-9d6c34b8d4_1_hue_adjust_blur.mp4,/content/drive/MyDrive/ucf_experiments/ciclo_experimental_1/data/data_crop/train/Robbery062_x264-9d6c34b8d4_1_hue_adjust_crop.mp4,1
6284,/content/drive/MyDrive/ucf_experiments/ciclo_experimental_1/data/data_blur/train/Robbery014_x264-6d66acd964_0_hue_adjust_blur.mp4,/content/drive/MyDrive/ucf_experiments/ciclo_experimental_1/data/data_crop/train/Robbery014_x264-6d66acd964_0_hue_adjust_crop.mp4,0
6285,/content/drive/MyDrive/ucf_experiments/ciclo_experimental_1/data/data_blur/train/Arrest042_x264-c1cd7ee285_0_hue_adjust_blur.mp4,/content/drive/MyDrive/ucf_experiments/ciclo_experimental_1/data/data_crop/train/Arrest042_x264-c1cd7ee285_0_hue_adjust_crop.mp4,0
6286,/content/drive/MyDrive/ucf_experiments/ciclo_experimental_1/data/data_blur/train/Robbery038_x264-bb13d7e2d6_1_hue_adjust_blur.mp4,/content/drive/MyDrive/ucf_experiments/ciclo_experimental_1/data/data_crop/train/Robbery038_x264-bb13d7e2d6_1_hue_adjust_crop.mp4,1
6287,/content/drive/MyDrive/ucf_experiments/ciclo_experimental_1/data/data_blur/train/Arrest046_x264-d5759b03fa_0_hue_adjust_blur.mp4,/content/drive/MyDrive/ucf_experiments/ciclo_experimental_1/data/data_crop/train/Arrest046_x264-d5759b03fa_0_hue_adjust_crop.mp4,0
6288,/content/drive/MyDrive/ucf_experiments/ciclo_experimental_1/data/data_blur/train/Fighting009_x264-6348897876_0_hue_adjust_blur.mp4,/content/drive/MyDrive/ucf_experiments/ciclo_experimental_1/data/data_crop/train/Fighting009_x264-6348897876_0_hue_adjust_crop.mp4,0
6289,/content/drive/MyDrive/ucf_experiments/ciclo_experimental_1/data/data_blur/train/Fighting036_x264-8ee37cc29b_1_hue_adjust_blur.mp4,/content/drive/MyDrive/ucf_experiments/ciclo_experimental_1/data/data_crop/train/Fighting036_x264-8ee37cc29b_1_hue_adjust_crop.mp4,1
6290,/content/drive/MyDrive/ucf_experiments/ciclo_experimental_1/data/data_blur/train/Abuse046_x264-ecf6bb73e7_1_hue_adjust_blur.mp4,/content/drive/MyDrive/ucf_experiments/ciclo_experimental_1/data/data_crop/train/Abuse046_x264-ecf6bb73e7_1_hue_adjust_crop.mp4,1
6291,/content/drive/MyDrive/ucf_experiments/ciclo_experimental_1/data/data_blur/train/Abuse047_x264-06b1d9352b_0_hue_adjust_blur.mp4,/content/drive/MyDrive/ucf_experiments/ciclo_experimental_1/data/data_crop/train/Abuse047_x264-06b1d9352b_0_hue_adjust_crop.mp4,0
6292,/content/drive/MyDrive/ucf_experiments/ciclo_experimental_1/data/data_blur/train/Assault007_x264-107981c620_0_hue_adjust_blur.mp4,/content/drive/MyDrive/ucf_experiments/ciclo_experimental_1/data/data_crop/train/Assault007_x264-107981c620_0_hue_adjust_crop.mp4,0
6293,/content/drive/MyDrive/ucf_experiments/ciclo_experimental_1/data/data_blur/train/Robbery041_x264-d031fc2c76_0_hue_adjust_blur.mp4,/content/drive/MyDrive/ucf_experiments/ciclo_experimental_1/data/data_crop/train/Robbery041_x264-d031fc2c76_0_hue_adjust_crop.mp4,0
6294,/content/drive/MyDrive/ucf_experiments/ciclo_experimental_1/data/data_blur/train/Arrest033_x264-91f7926928_1_hue_adjust_blur.mp4,/content/drive/MyDrive/ucf_experiments/ciclo_experimental_1/data/data_crop/train/Arrest033_x264-91f7926928_1_hue_adjust_crop.mp4,1
6295,/content/drive/MyDrive/ucf_experiments/ciclo_experimental_1/data/data_blur/train/Robbery058_x264-f30a19e69e_1_hue_adjust_blur.mp4,/content/drive/MyDrive/ucf_experiments/ciclo_experimental_1/data/data_crop/train/Robbery058_x264-f30a19e69e_1_hue_adjust_crop.mp4,1
6296,/content/drive/MyDrive/ucf_experiments/ciclo_experimental_1/data/data_blur/train/Arrest032_x264-8d230251d4_0_hue_adjust_blur.mp4,/content/drive/MyDrive/ucf_experiments/ciclo_experimental_1/data/data_crop/train/Arrest032_x264-8d230251d4_0_hue_adjust_crop.mp4,0
6297,/content/drive/MyDrive/ucf_experiments/ciclo_experimental_1/data/data_blur/train/Abuse032_x264-73dacdf056_1_hue_adjust_blur.mp4,/content/drive/MyDrive/ucf_experiments/ciclo_experimental_1/data/data_crop/train/Abuse032_x264-73dacdf056_1_hue_adjust_crop.mp4,1
6298,/content/drive/MyDrive/ucf_experiments/ciclo_experimental_1/data/data_blur/train/Fighting032_x264-9e66ea0d5a_1_hue_adjust_blur.mp4,/content/drive/MyDrive/ucf_experiments/ciclo_experimental_1/data/data_crop/train/Fighting032_x264-9e66ea0d5a_1_hue_adjust_crop.mp4,1
6299,/content/drive/MyDrive/ucf_experiments/ciclo_experimental_1/data/data_blur/train/Fighting050_x264-d8beaa958a_1_hue_adjust_blur.mp4,/content/drive/MyDrive/ucf_experiments/ciclo_experimental_1/data/data_crop/train/Fighting050_x264-d8beaa958a_1_hue_adjust_crop.mp4,1
6300,/content/drive/MyDrive/ucf_experiments/ciclo_experimental_1/data/data_blur/train/Arrest043_x264-5b496ac64e_1_hue_adjust_blur.mp4,/content/drive/MyDrive/ucf_experiments/ciclo_experimental_1/data/data_crop/train/Arrest043_x264-5b496ac64e_1_hue_adjust_crop.mp4,1
6301,/content/drive/MyDrive/ucf_experiments/ciclo_experimental_1/data/data_blur/train/Arrest043_x264-bd9b991826_1_hue_adjust_blur.mp4,/content/drive/MyDrive/ucf_experiments/ciclo_experimental_1/data/data_crop/train/Arrest043_x264-bd9b991826_1_hue_adjust_crop.mp4,1
6302,/content/drive/MyDrive/ucf_experiments/ciclo_experimental_1/data/data_blur/train/Arrest028_x264-a975b428fb_1_hue_adjust_blur.mp4,/content/drive/MyDrive/ucf_experiments/ciclo_experimental_1/data/data_crop/train/Arrest028_x264-a975b428fb_1_hue_adjust_crop.mp4,1
6303,/content/drive/MyDrive/ucf_experiments/ciclo_experimental_1/data/data_blur/train/Abuse025_x264-d55f4742c1_0_hue_adjust_blur.mp4,/content/drive/MyDrive/ucf_experiments/ciclo_experimental_1/data/data_crop/train/Abuse025_x264-d55f4742c1_0_hue_adjust_crop.mp4,0
6304,/content/drive/MyDrive/ucf_experiments/ciclo_experimental_1/data/data_blur/train/Abuse004_x264-beecf78556_0_hue_adjust_blur.mp4,/content/drive/MyDrive/ucf_experiments/ciclo_experimental_1/data/data_crop/train/Abuse004_x264-beecf78556_0_hue_adjust_crop.mp4,0
6305,/content/drive/MyDrive/ucf_experiments/ciclo_experimental_1/data/data_blur/train/Assault033_x264-9f67aff68b_1_hue_adjust_blur.mp4,/content/drive/MyDrive/ucf_experiments/ciclo_experimental_1/data/data_crop/train/Assault033_x264-9f67aff68b_1_hue_adjust_crop.mp4,1
6306,/content/drive/MyDrive/ucf_experiments/ciclo_experimental_1/data/data_blur/train/Abuse023_x264-9e8a64561b_1_hue_adjust_blur.mp4,/content/drive/MyDrive/ucf_experiments/ciclo_experimental_1/data/data_crop/train/Abuse023_x264-9e8a64561b_1_hue_adjust_crop.mp4,1
6307,/content/drive/MyDrive/ucf_experiments/ciclo_experimental_1/data/data_blur/train/Assault030_x264-620dccf32e_0_hue_adjust_blur.mp4,/content/drive/MyDrive/ucf_experiments/ciclo_experimental_1/data/data_crop/train/Assault030_x264-620dccf32e_0_hue_adjust_crop.mp4,0
6308,/content/drive/MyDrive/ucf_experiments/ciclo_experimental_1/data/data_blur/train/Assault003_x264-3cd6c26e95_0_hue_adjust_blur.mp4,/content/drive/MyDrive/ucf_experiments/ciclo_experimental_1/data/data_crop/train/Assault003_x264-3cd6c26e95_0_hue_adjust_crop.mp4,0
6309,/content/drive/MyDrive/ucf_experiments/ciclo_experimental_1/data/data_blur/train/Assault001_x264-d02cbc7d3e_0_hue_adjust_blur.mp4,/content/drive/MyDrive/ucf_experiments/ciclo_experimental_1/data/data_crop/train/Assault001_x264-d02cbc7d3e_0_hue_adjust_crop.mp4,0
6310,/content/drive/MyDrive/ucf_experiments/ciclo_experimental_1/data/data_blur/train/Abuse022_x264-f558659033_1_hue_adjust_blur.mp4,/content/drive/MyDrive/ucf_experiments/ciclo_experimental_1/data/data_crop/train/Abuse022_x264-f558659033_1_hue_adjust_crop.mp4,1
6311,/content/drive/MyDrive/ucf_experiments/ciclo_experimental_1/data/data_blur/train/Fighting027_x264-f1d4cbc702_0_hue_adjust_blur.mp4,/content/drive/MyDrive/ucf_experiments/ciclo_experimental_1/data/data_crop/train/Fighting027_x264-f1d4cbc702_0_hue_adjust_crop.mp4,0
6312,/content/drive/MyDrive/ucf_experiments/ciclo_experimental_1/data/data_blur/train/Robbery023_x264-19b8d8d50d_1_hue_adjust_blur.mp4,/content/drive/MyDrive/ucf_experiments/ciclo_experimental_1/data/data_crop/train/Robbery023_x264-19b8d8d50d_1_hue_adjust_crop.mp4,1
6313,/content/drive/MyDrive/ucf_experiments/ciclo_experimental_1/data/data_blur/train/Fighting007_x264-1261808100_1_hue_adjust_blur.mp4,/content/drive/MyDrive/ucf_experiments/ciclo_experimental_1/data/data_crop/train/Fighting007_x264-1261808100_1_hue_adjust_crop.mp4,1
6314,/content/drive/MyDrive/ucf_experiments/ciclo_experimental_1/data/data_blur/train/Fighting028_x264-b721d52d51_0_hue_adjust_blur.mp4,/content/drive/MyDrive/ucf_experiments/ciclo_experimental_1/data/data_crop/train/Fighting028_x264-b721d52d51_0_hue_adjust_crop.mp4,0
6315,/content/drive/MyDrive/ucf_experiments/ciclo_experimental_1/data/data_blur/train/Abuse050_x264-a9160c2159_1_hue_adjust_blur.mp4,/content/drive/MyDrive/ucf_experiments/ciclo_experimental_1/data/data_crop/train/Abuse050_x264-a9160c2159_1_hue_adjust_crop.mp4,1
6316,/content/drive/MyDrive/ucf_experiments/ciclo_experimental_1/data/data_blur/train/Arrest025_x264-08b8c7ff36_1_hue_adjust_blur.mp4,/content/drive/MyDrive/ucf_experiments/ciclo_experimental_1/data/data_crop/train/Arrest025_x264-08b8c7ff36_1_hue_adjust_crop.mp4,1
6317,/content/drive/MyDrive/ucf_experiments/ciclo_experimental_1/data/data_blur/train/Assault002_x264-0280690094_0_hue_adjust_blur.mp4,/content/drive/MyDrive/ucf_experiments/ciclo_experimental_1/data/data_crop/train/Assault002_x264-0280690094_0_hue_adjust_crop.mp4,0
6318,/content/drive/MyDrive/ucf_experiments/ciclo_experimental_1/data/data_blur/train/Robbery053_x264-e57f503874_0_hue_adjust_blur.mp4,/content/drive/MyDrive/ucf_experiments/ciclo_experimental_1/data/data_crop/train/Robbery053_x264-e57f503874_0_hue_adjust_crop.mp4,0
6319,/content/drive/MyDrive/ucf_experiments/ciclo_experimental_1/data/data_blur/train/Robbery072_x264-8fac59ab31_0_hue_adjust_blur.mp4,/content/drive/MyDrive/ucf_experiments/ciclo_experimental_1/data/data_crop/train/Robbery072_x264-8fac59ab31_0_hue_adjust_crop.mp4,0
6320,/content/drive/MyDrive/ucf_experiments/ciclo_experimental_1/data/data_blur/train/Fighting028_x264-24cf7fa6c1_1_hue_adjust_blur.mp4,/content/drive/MyDrive/ucf_experiments/ciclo_experimental_1/data/data_crop/train/Fighting028_x264-24cf7fa6c1_1_hue_adjust_crop.mp4,1
